C++/GMForward/测试DLL/测试目录/单个立方体Vz.grd
DSAA
41	31
0.000000	40.000000
0.000000	30.000000
0.0228288332968637	0.1345261128557309
[rows 0 to 19 of 31, columns 0 to 40 of 41]
0.0228288332968637 0.0244194968504544 0.0260923406680947 0.0278413458763200 0.0296577075855598 0.0315295650742827 0.0334418501164091 0.0353762985934873 0.0373116615955247 0.0392241335265854 0.0410879877662722 0.0428763799572574 0.0445622522661923 0.0461192564939345 0.0475226144412696 0.0487498503788763 0.0497813578841817 0.0506007939788761 0.0511953198892536 0.0515557247863524 0.0516764747419114 0.0515557247863525 0.0511953198892531 0.0506007939788764 0.0497813578841820 0.0487498503788767 0.0475226144412700 0.0461192564939344 0.0445622522661918 0.0428763799572574 0.0410879877662734 0.0392241335265854 0.0373116615955258 0.0353762985934875 0.0334418501164080 0.0315295650742829 0.0296577075855588 0.0278413458763183 0.0260923406680936 0.0244194968504526 0.0228288332968665
0.0241867648096744 0.0259418163103283 0.0277953269288885 0.0297413732833230 0.0317707233051725 0.0338704499508912 0.0360236841208154 0.0382095714343604 0.0404034880340165 0.0425775462176414 0.0447013826560292 0.0467431769625439 0.0486708078054289 0.0504530298741586 0.0520605558311672 0.0534669528056785 0.0546493048108511 0.0555886381519862 0.0562701447495776 0.0566832611833032 0.0568216674461887 0.0566832611833034 0.0562701447495767 0.0555886381519855 0.0546493048108510 0.0534669528056776 0.0520605558311680 0.0504530298741589 0.0486708078054306 0.0467431769625438 0.0447013826560276 0.0425775462176408 0.0404034880340153 0.0382095714343604 0.0360236841208148 0.0338704499508909 0.0317707233051719 0.0297413732833233 0.0277953269288867 0.0259418163103275 0.0241867648096721
0.0255822342206477 0.0275136144839065 0.0295621454768727 0.0317222321113900 0.0339843779013397 0.0363346443994402 0.0387542707462098 0.0412195446593428 0.0437020076237821 0.0461690461118504 0.0485848675480432 0.0509117936211937 0.0531117420129297 0.0551477307103123 0.0569852402428622 0.0585933083404659 0.0599452950047114 0.0610193234925497 0.0617984562591625 0.0622706947639021 0.0624288973230014 0.0622706947639030 0.0617984562591622 0.0610193234925501 0.0599452950047112 0.0585933083404657 0.0569852402428617 0.0551477307103119 0.0531117420129298 0.0509117936211942 0.0485848675480426 0.0461690461118503 0.0437020076237830 0.0412195446593411 0.0387542707462097 0.0363346443994417 0.0339843779013397 0.0317222321113904 0.0295621454768752 0.0275136144839063 0.0255822342206472
0.0270039589878454 0.0291226486385998 0.0313796858855752 0.0337700962779481 0.0362843442967474 0.0389075929097275 0.0416191415407573 0.0443921693453315 0.0471939057033112 0.0499863120169142 0.0527272858237596 0.0553723018928252 0.0578763121657086 0.0601956695909083 0.0622898424825389 0.0641227459424928 0.0656636125279890 0.0668874229924909 0.0677749923346319 0.0683128438914892 0.0684930062726220 0.0683128438914895 0.0677749923346316 0.0668874229924907 0.0656636125279887 0.0641227459424937 0.0622898424825393 0.0601956695909084 0.0578763121657079 0.0553723018928247 0.0527272858237605 0.0499863120169140 0.0471939057033100 0.0443921693453307 0.0416191415407557 0.0389075929097280 0.0362843442967473 0.0337700962779482 0.0313796858855755 0.0291226486385990 0.0270039589878462
0.0284377894556176 0.0307531625301832 0.0332305697858102 0.0358660060271286 0.0386501867627115 0.0415675552682789 0.0445954803819795 0.0477038178938456 0.0508550113741544 0.0540048642935346 0.0571040166513683 0.0601000207219591 0.0629397720111314 0.0655719648528234 0.0679492441199660 0.0700298152301883 0.0717784170082677 0.0731667040067399 0.0741731860530038 0.0747829176222237 0.0749871245892851 0.0747829176222234 0.0741731860530026 0.0731667040067394 0.0717784170082672 0.0700298152301881 0.0679492441199680 0.0655719648528241 0.0629397720111318 0.0601000207219592 0.0571040166513689 0.0540048642935344 0.0508550113741554 0.0477038178938462 0.0445954803819790 0.0415675552682782 0.0386501867627120 0.0358660060271282 0.0332305697858088 0.0307531625301817 0.0284377894556176
0.0298665994691478 0.0323856744173035 0.0350927954903967 0.0379853189693370 0.0410545593045427 0.0442844863547442 0.0476506156268894 0.0511193217185093 0.0546478225280689 0.0581850340031851 0.0616733651650604 0.0650513272256293 0.0682566271728304 0.0712292860658752 0.0739143248234145 0.0762636954994483 0.0782373445045290 0.0798034949190031 0.0809383691273993 0.0816256232532894 0.0818557469002867 0.0816256232532892 0.0809383691273996 0.0798034949190027 0.0782373445045283 0.0762636954994474 0.0739143248234139 0.0712292860658759 0.0682566271728308 0.0650513272256284 0.0616733651650607 0.0581850340031844 0.0546478225280690 0.0511193217185102 0.0476506156268893 0.0442844863547465 0.0410545593045422 0.0379853189693374 0.0350927954903956 0.0323856744173034 0.0298665994691478
0.0312703407980084 0.0339969611520332 0.0369396125299708 0.0400974240387090 0.0434626957905511 0.0470192282972136 0.0507408330051870 0.0545903228810143 0.0585193221514784 0.0624691871411081 0.0663731633509871 0.0701596331917048 0.0737560165732389 0.0770926955290199 0.0801063371058142 0.0827421859393112 0.0849551964183483 0.0867101513507840 0.0879810867128317 0.0887503937622212 0.0890079311026986 0.0887503937622202 0.0879810867128310 0.0867101513507842 0.0849551964183484 0.0827421859393113 0.0801063371058138 0.0770926955290196 0.0737560165732385 0.0701596331917043 0.0663731633509865 0.0624691871411073 0.0585193221514791 0.0545903228810144 0.0507408330051876 0.0470192282972138 0.0434626957905501 0.0400974240387099 0.0369396125299707 0.0339969611520320 0.0312703407980076
0.0326263098942276 0.0355603088845510 0.0387397266156839 0.0421658586689884 0.0458323833847186 0.0497232704199148 0.0538108414206026 0.0580543605328258 0.0623996053763484 0.0667798290212622 0.0711183158313510 0.0753323700519431 0.0793381681494119 0.0830556337592306 0.0864124976646087 0.0893469846323647 0.0918089843779080 0.0937599358354117 0.0951718695272324 0.0960260999562992 0.0963119913179208 0.0960260999563000 0.0951718695272327 0.0937599358354127 0.0918089843779075 0.0893469846323641 0.0864124976646091 0.0830556337592309 0.0793381681494113 0.0753323700519437 0.0711183158313517 0.0667798290212618 0.0623996053763483 0.0580543605328264 0.0538108414206018 0.0497232704199134 0.0458323833847179 0.0421658586689883 0.0387397266156844 0.0355603088845518 0.0326263098942278
0.0339096641836609 0.0370460889532036 0.0404579245103752 0.0441489622205629 0.0481146118847136 0.0523393483456177 0.0567942632231933 0.0614351858496403 0.0662019530362681 0.0710193819107689 0.0758002492524994 0.0804501065760348 0.0848732102190130 0.0889784719364254 0.0926843395572372 0.0959218993252805 0.0986360504168072 0.1007850859275594 0.1023392756212297 0.1032790810219568 0.1035935254857914 0.1032790810219575 0.1023392756212304 0.1007850859275605 0.0986360504168076 0.0959218993252813 0.0926843395572363 0.0889784719364248 0.0848732102190131 0.0804501065760351 0.0758002492524989 0.0710193819107693 0.0662019530362676 0.0614351858496392 0.0567942632231927 0.0523393483456194 0.0481146118847138 0.0441489622205633 0.0404579245103745 0.0370460889532026 0.0339096641836602
0.0350942028355781 0.0384226891934058 0.0420561731041022 0.0460011564710568 0.0502550431979565 0.0548031015984571 0.0596154693374122 0.0646447551464239 0.0698249579517939 0.0750724205145487 0.0802892405011261 0.0853689651792624 0.0902036828865622 0.0946911323800349 0.0987404556778523 0.1022757213423524 0.1052370683277879 0.1075799285635530 0.1092730931339226 0.1102964034126029 0.1106386934781956 0.1102964034126032 0.1092730931339235 0.1075799285635532 0.1052370683277878 0.1022757213423512 0.0987404556778531 0.0946911323800349 0.0902036828865626 0.0853689651792627 0.0802892405011265 0.0750724205145486 0.0698249579517943 0.0646447551464228 0.0596154693374138 0.0548031015984560 0.0502550431979571 0.0460011564710563 0.0420561731041028 0.0384226891934068 0.0350942028355787
0.0361533950203739 0.0396577870482600 0.0434951872893918 0.0476748636622072 0.0521963388155886 0.0570458709305721 0.0621929044130997 0.0675871342101635 0.0731570491792385 0.0788108430827196 0.0844402458141548 0.0899271033781033 0.0951516490902502 0.1000007897326802 0.1043747352991976 0.1081909298780089 0.1113851385559060 0.1139102822553297 0.1157339631716450 0.1168356163941074 0.1172040168863969 0.1168356163941069 0.1157339631716450 0.1139102822553296 0.1113851385559051 0.1081909298780085 0.1043747352991977 0.1000007897326800 0.0951516490902504 0.0899271033781039 0.0844402458141542 0.0788108430827197 0.0731570491792375 0.0675871342101642 0.0621929044130999 0.0570458709305721 0.0521963388155886 0.0476748636622068 0.0434951872893909 0.0396577870482600 0.0361533950203719
0.0370616016507623 0.0407198978782163 0.0447363856109040 0.0491229652726639 0.0538812322085445 0.0589985071569561 0.0644437618067756 0.0701641669700958 0.0760832673208910 0.0821018376054696 0.0881021006793339 0.0939551410310644 0.0995302932341901 0.1047045424003465 0.1093699789415808 0.1134381032517757 0.1168408424316421 0.1195290022816385 0.1214692692448841 0.1226408450270242 0.1230325393100197 0.1226408450270240 0.1214692692448845 0.1195290022816386 0.1168408424316424 0.1134381032517759 0.1093699789415803 0.1047045424003460 0.0995302932341901 0.0939551410310644 0.0881021006793342 0.0821018376054695 0.0760832673208911 0.0701641669700963 0.0644437618067752 0.0589985071569559 0.0538812322085454 0.0491229652726631 0.0447363856109040 0.0407198978782174 0.0370616016507638
0.0377954017973768 0.0415800809173618 0.0457440781885784 0.0503015962036953 0.0552560761158672 0.0605958387465611 0.0662895523782278 0.0722823276119827 0.0784935648572135 0.0848177560267805 0.0911290338083997 0.0972893074184257 0.1031586217291245 0.1086055257060750 0.1135152415927255 0.1177942887737230 0.1213714313929839 0.1241957889075403 0.1262333756889750 0.1274632813568491 0.1278744008574993 0.1274632813568490 0.1262333756889748 0.1241957889075407 0.1213714313929840 0.1177942887737234 0.1135152415927265 0.1086055257060749 0.1031586217291242 0.0972893074184260 0.0911290338083999 0.0848177560267805 0.0784935648572133 0.0722823276119828 0.0662895523782273 0.0605958387465610 0.0552560761158674 0.0503015962036963 0.0457440781885792 0.0415800809173631 0.0377954017973768
0.0383349102227633 0.0422136488818412 0.0464876779941664 0.0511729911850868 0.0562744819902210 0.0617812840600151 0.0676618836679776 0.0738598616438668 0.0802914851706327 0.0868464651944539 0.0933927604028541 0.0997852703816803 0.1058769442506797 0.1115298964556872 0.1166241270884582 0.1210623907103563 0.1247710877192045 0.1276981072224275 0.1298090053078685 0.1310828308888921 0.1315085731927383 0.1310828308888922 0.1298090053078683 0.1276981072224275 0.1247710877192054 0.1210623907103561 0.1166241270884579 0.1115298964556875 0.1058769442506791 0.0997852703816804 0.0933927604028543 0.0868464651944543 0.0802914851706328 0.0738598616438674 0.0676618836679774 0.0617812840600158 0.0562744819902212 0.0511729911850869 0.0464876779941656 0.0422136488818410 0.0383349102227618
0.0386649634448908 0.0426017142101350 0.0469437083605912 0.0517080755805310 0.0569006366174516 0.0625110532779787 0.0685077159473416 0.0748332618904862 0.0814020050490640 0.0881006652945635 0.0947933330890999 0.1013305140507897 0.1075607098244571 0.1133420047181738 0.1185511333758498 0.1230885039501557 0.1268790534733970 0.1298699207463284 0.1320263950969607 0.1333275169972095 0.1337623460091106 0.1333275169972094 0.1320263950969602 0.1298699207463280 0.1268790534733969 0.1230885039501557 0.1185511333758498 0.1133420047181731 0.1075607098244571 0.1013305140507893 0.0947933330891000 0.0881006652945641 0.0814020050490637 0.0748332618904854 0.0685077159473407 0.0625110532779779 0.0569006366174518 0.0517080755805307 0.0469437083605911 0.0426017142101353 0.0386649634448906
0.0387760599813231 0.0427324172158313 0.0470973987811427 0.0518885235524178 0.0571119308366129 0.0627574652974098 0.0687934874639312 0.0751623154997226 0.0817775996105984 0.0885250417246232 0.0952674150918243 0.1018537288318249 0.1081309699413586 0.1139558505869743 0.1192039943569299 0.1237750121777899 0.1275933453849379 0.1306058804237177 0.1327778189716046 0.1340882013408380 0.1345261128557309 0.1340882013408382 0.1327778189716044 0.1306058804237176 0.1275933453849383 0.1237750121777902 0.1192039943569300 0.1139558505869742 0.1081309699413584 0.1018537288318247 0.0952674150918244 0.0885250417246232 0.0817775996105981 0.0751623154997229 0.0687934874639302 0.0627574652974090 0.0571119308366133 0.0518885235524176 0.0470973987811429 0.0427324172158310 0.0387760599813244
0.0386649634448902 0.0426017142101357 0.0469437083605909 0.0517080755805319 0.0569006366174532 0.0625110532779774 0.0685077159473410 0.0748332618904861 0.0814020050490630 0.0881006652945639 0.0947933330890997 0.1013305140507891 0.1075607098244565 0.1133420047181740 0.1185511333758504 0.1230885039501557 0.1268790534733967 0.1298699207463283 0.1320263950969604 0.1333275169972095 0.1337623460091111 0.1333275169972094 0.1320263950969607 0.1298699207463284 0.1268790534733965 0.1230885039501553 0.1185511333758501 0.1133420047181738 0.1075607098244571 0.1013305140507890 0.0947933330891002 0.0881006652945646 0.0814020050490632 0.0748332618904860 0.0685077159473402 0.0625110532779777 0.0569006366174520 0.0517080755805309 0.0469437083605911 0.0426017142101355 0.0386649634448909
0.0383349102227617 0.0422136488818414 0.0464876779941660 0.0511729911850860 0.0562744819902210 0.0617812840600147 0.0676618836679776 0.0738598616438671 0.0802914851706324 0.0868464651944544 0.0933927604028541 0.0997852703816806 0.1058769442506789 0.1115298964556875 0.1166241270884584 0.1210623907103564 0.1247710877192048 0.1276981072224279 0.1298090053078679 0.1310828308888919 0.1315085731927384 0.1310828308888922 0.1298090053078681 0.1276981072224279 0.1247710877192048 0.1210623907103565 0.1166241270884577 0.1115298964556872 0.1058769442506793 0.0997852703816802 0.0933927604028543 0.0868464651944543 0.0802914851706329 0.0738598616438677 0.0676618836679774 0.0617812840600151 0.0562744819902222 0.0511729911850854 0.0464876779941669 0.0422136488818408 0.0383349102227615
0.0377954017973763 0.0415800809173617 0.0457440781885803 0.0503015962036963 0.0552560761158668 0.0605958387465608 0.0662895523782276 0.0722823276119820 0.0784935648572133 0.0848177560267813 0.0911290338083991 0.0972893074184263 0.1031586217291241 0.1086055257060752 0.1135152415927266 0.1177942887737232 0.1213714313929846 0.1241957889075409 0.1262333756889754 0.1274632813568498 0.1278744008574994 0.1274632813568501 0.1262333756889750 0.1241957889075405 0.1213714313929843 0.1177942887737228 0.1135152415927264 0.1086055257060750 0.1031586217291239 0.0972893074184260 0.0911290338083993 0.0848177560267809 0.0784935648572133 0.0722823276119826 0.0662895523782269 0.0605958387465613 0.0552560761158668 0.0503015962036966 0.0457440781885797 0.0415800809173623 0.0377954017973771
0.0370616016507641 0.0407198978782190 0.0447363856109046 0.0491229652726621 0.0538812322085446 0.0589985071569564 0.0644437618067752 0.0701641669700959 0.0760832673208905 0.0821018376054700 0.0881021006793336 0.0939551410310648 0.0995302932341904 0.1047045424003470 0.1093699789415804 0.1134381032517751 0.1168408424316427 0.1195290022816386 0.1214692692448843 0.1226408450270235 0.1230325393100190 0.1226408450270238 0.1214692692448840 0.1195290022816384 0.1168408424316421 0.1134381032517754 0.1093699789415798 0.1047045424003460 0.0995302932341901 0.0939551410310650 0.0881021006793338 0.0821018376054702 0.0760832673208905 0.0701641669700957 0.0644437618067752 0.0589985071569564 0.0538812322085451 0.0491229652726631 0.0447363856109038 0.0407198978782179 0.0370616016507641
