MFC+VTK/函数库及接口制作/重磁三维基本处理/石达三分量转换及求梯度/立方体磁异常→ΔHx分量.grd
DSAA
127 128
0.000000 992.125977
0.000000 1200.000000
-814.783752 624.013123
[rows 100 to 124 of 128, columns 0 to 57 of 127]
-0.576161 -0.567184 -0.547764 -0.519052 -0.481380 -0.434907 -0.379663 -0.315553 -0.242466 -0.160191 -0.068542 0.032763 0.143980 0.265432 0.397418 0.540306 0.694414 0.860133 1.037794 1.227759 1.430397 1.646049 1.875041 2.117676 2.374242 2.644977 2.930086 3.229717 3.543979 3.872903 4.216441 4.574479 4.946804 5.333123 5.733003 6.145919 6.571255 7.008219 7.455914 7.913303 8.379231 8.852390 9.331339 9.814509 10.300206 10.786616 11.271811 11.753794 12.230433 12.699580 13.158993 13.606467 14.039683 14.456448 14.854575 15.231850 15.586226 15.915760
-0.449168 -0.436155 -0.413120 -0.381114 -0.340453 -0.291269 -0.233600 -0.167348 -0.092421 -0.008621 0.084210 0.186330 0.297962 0.419398 0.550892 0.692774 0.845316 1.008858 1.183678 1.370088 1.568393 1.778881 2.001808 2.237427 2.485956 2.747572 3.022415 3.310579 3.612112 3.926988 4.255116 4.596337 4.950398 5.316982 5.695638 6.085831 6.486948 6.898224 7.318798 7.747671 8.183767 8.625848 9.072577 9.522529 9.974121 10.425706 10.875525 11.321757 11.762499 12.195801 12.619652 13.032075 13.430998 13.814458 14.180495 14.527145 14.852634 15.155179
-0.330172 -0.313497 -0.287227 -0.252323 -0.209074 -0.157600 -0.097934 -0.029988 0.046320 0.131170 0.224701 0.327143 0.438696 0.559610 0.690113 0.830489 0.980972 1.141855 1.313372 1.495783 1.689347 1.894292 2.110828 2.339146 2.579418 2.831758 3.096262 3.372970 3.661881 3.962925 4.275975 4.600834 4.937223 5.284810 5.643133 6.011655 6.389781 6.776754 7.171760 7.573859 7.982028 8.395118 8.811893 9.231019 9.651065 10.070498 10.487749 10.901154 11.308986 11.709473 12.100825 12.481293 12.848989 13.202153 13.539042 13.857929 14.157215 14.435279
-0.219746 -0.199770 -0.170625 -0.133185 -0.087723 -0.034339 0.026928 0.096170 0.173452 0.258941 0.352753 0.455095 0.566144 0.686119 0.815214 0.953680 1.101710 1.259562 1.427421 1.605511 1.794040 1.993195 2.203131 2.424000 2.655922 2.898973 3.153192 3.418585 3.695115 3.982666 4.281087 4.590155 4.909573 5.238996 5.577950 5.925919 6.282312 6.646403 7.017425 7.394478 7.776603 8.162731 8.551711 8.942331 9.333261 9.723105 10.110416 10.493724 10.871421 11.241944 11.603682 11.955009 12.294291 12.619922 12.930378 13.224053 13.499588 13.755542
-0.116660 -0.093713 -0.062023 -0.022385 0.024950 0.079894 0.142412 0.212586 0.290474 0.376227 0.469945 0.571812 0.681982 0.800644 0.927966 1.064164 1.209400 1.363895 1.527796 1.701287 1.884541 2.077697 2.280878 2.494189 2.717709 2.951478 3.195499 3.449740 3.714132 3.988533 4.272765 4.566592 4.869697 5.181730 5.502227 5.830674 6.166506 6.509024 6.857487 7.211063 7.568848 7.929855 8.293007 8.657180 9.021172 9.383696 9.743450 10.099065 10.449110 10.792173 11.126789 11.451489 11.764862 12.065394 12.351734 12.622565 12.876464 13.112332
-0.021541 0.004064 0.037991 0.079520 0.128418 0.184610 0.248061 0.318851 0.397025 0.482723 0.576026 0.677101 0.786080 0.903128 1.028383 1.162036 1.304219 1.455117 1.614845 1.783558 1.961384 2.148440 2.344799 2.550545 2.765712 2.990313 3.224317 3.467667 3.720264 3.981946 4.252516 4.531726 4.819252 5.114743 5.417739 5.727740 6.044199 6.366454 6.693802 7.025460 7.360579 7.698238 8.037447 8.377181 8.716311 9.053691 9.388094 9.718313 10.043038 10.360982 10.670835 10.971271 11.260994 11.538721 11.803178 12.053158 12.287476 12.505080
0.066900 0.094875 0.130757 0.173893 0.224073 0.281228 0.345329 0.416448 0.494622 0.579978 0.672587 0.772589 0.880105 0.995272 1.118210 1.249077 1.387982 1.535082 1.690460 1.854244 2.026532 2.207404 2.396912 2.595100 2.801980 3.017537 3.241709 3.474422 3.715554 3.964926 4.222326 4.487504 4.760126 5.039846 5.326211 5.618746 5.916919 6.220098 6.527623 6.838755 7.152703 7.468620 7.785583 8.102633 8.418762 8.732890 9.043931 9.350769 9.652208 9.947100 10.234252 10.512491 10.780613 11.037481 11.281962 11.512963 11.729435 11.930434
0.147969 0.178040 0.215612 0.260097 0.311300 0.369163 0.433658 0.504853 0.582778 0.667550 0.759221 0.857921 0.963751 1.076828 1.197251 1.325155 1.460624 1.603792 1.754713 1.913494 2.080201 2.254892 2.437587 2.628310 2.827048 3.033762 3.248369 3.470775 3.700845 3.938386 4.183177 4.434965 4.693415 4.958192 5.228842 5.504918 5.785904 6.071207 6.360199 6.652194 6.946450 7.242174 7.538510 7.834603 8.129498 8.422215 8.711760 8.997125 9.277221 9.551007 9.817407 10.075338 10.323746 10.561599 10.787889 11.001601 11.201854 11.387713
0.223047 0.254965 0.293989 0.339585 0.391579 0.449919 0.514583 0.585631 0.663086 0.747055 0.837580 0.934775 1.038727 1.149530 1.267271 1.392059 1.523960 1.663084 1.809465 1.963183 2.124285 2.292804 2.468740 2.652092 2.842828 3.040893 3.246184 3.458592 3.677973 3.904127 4.136819 4.375801 4.620740 4.871307 5.127066 5.387586 5.652376 5.920876 6.192482 6.466571 6.742433 7.019348 7.296529 7.573148 7.848369 8.121287 8.390991 8.656562 8.916999 9.171382 9.418712 9.658031 9.888391 10.108835 10.318472 10.516405 10.701789 10.873879
0.291301 0.324830 0.365083 0.411575 0.464149 0.522763 0.587394 0.658099 0.734898 0.817885 0.907094 1.002623 1.104547 1.212945 1.327886 1.449460 1.577718 1.712744 1.854557 2.003221 2.158753 2.321177 2.490467 2.666608 2.849549 3.039222 3.235508 3.438290 3.647412 3.862670 4.083826 4.310637 4.542769 4.779906 5.021626 5.267518 5.517110 5.769879 6.025261 6.282657 6.541417 6.800876 7.060287 7.318926 7.575984 7.830651 8.082090 8.329455 8.571862 8.808450 9.038328 9.260627 9.474471 9.679022 9.873466 10.057000 10.228868 10.388386
0.354209 0.389137 0.430417 0.477612 0.530579 0.589283 0.653709 0.723902 0.799881 0.881729 0.969474 1.063200 1.162972 1.268849 1.380893 1.499170 1.623719 1.754608 1.891838 2.035455 2.185462 2.341860 2.504616 2.673692 2.849030 3.030546 3.218109 3.411600 3.610851 3.815659 4.025784 4.240986 4.460937 4.685332 4.913771 5.145855 5.381138 5.619126 5.859283 6.101065 6.343854 6.587042 6.829935 7.071848 7.312070 7.549832 7.784391 8.014963 8.240734 8.460937 8.674747 8.881392 9.080084 9.270054 9.450577 9.620928 9.780409 9.928404
0.410812 0.446934 0.489051 0.536767 0.589954 0.648585 0.712643 0.782174 0.857194 0.937773 1.023934 1.115749 1.213274 1.316555 1.425641 1.540582 1.661405 1.788162 1.920840 2.059472 2.204046 2.354551 2.510933 2.673149 2.841126 3.014778 3.193959 3.378545 3.568366 3.763218 3.962860 4.167061 4.375498 4.587885 4.803823 5.022943 5.244818 5.468990 5.694952 5.922192 6.150135 6.378220 6.605803 6.832261 7.056928 7.279104 7.498099 7.713217 7.923697 8.128857 8.327954 8.520265 8.705084 8.881718 9.049503 9.207791 9.355964 9.493478
0.462703 0.499842 0.542631 0.590710 0.643968 0.702383 0.765945 0.834688 0.908627 0.987826 1.072305 1.162122 1.257324 1.357943 1.464024 1.575598 1.692685 1.815320 1.943479 2.077182 2.216406 2.361127 2.511285 2.666821 2.827655 2.993696 3.164790 3.340810 3.521585 3.706914 3.896553 4.090282 4.287786 4.488787 4.692908 4.899804 5.109061 5.320251 5.532897 5.746528 5.960599 6.174599 6.387930 6.600006 6.810229 7.017957 7.222545 7.423370 7.619731 7.811007 7.996524 8.175621 8.347668 8.512037 8.668118 8.815342 8.953125 9.080995
0.508738 0.546721 0.590024 0.638319 0.691510 0.749584 0.812526 0.880371 0.953135 1.030869 1.113589 1.201345 1.294176 1.392107 1.495168 1.603382 1.716758 1.835320 1.959035 2.087912 2.221915 2.361017 2.505140 2.654229 2.808187 2.966919 3.130271 3.298115 3.470274 3.646554 3.826716 4.010543 4.197731 4.388019 4.581042 4.776472 4.973917 5.172979 5.373216 5.574178 5.775355 5.976287 6.176405 6.375185 6.572063 6.766458 6.957773 7.145432 7.328819 7.507345 7.680388 7.847383 8.007733 8.160872 8.306247 8.443337 8.571623 8.690681
0.550666 0.589342 0.633022 0.681405 0.734411 0.792032 0.854257 0.921113 0.992616 1.068810 1.149710 1.235355 1.325778 1.420992 1.521027 1.625887 1.735579 1.850113 1.969450 2.093590 2.222488 2.356109 2.494370 2.637205 2.784517 2.936206 3.092116 3.252119 3.416034 3.583677 3.754810 3.929228 4.106636 4.286779 4.469316 4.653937 4.840271 5.027943 5.216530 5.405627 5.594754 5.783485 5.971293 6.157689 6.342158 6.524170 6.703188 6.878649 7.050011 7.216748 7.378279 7.534094 7.683651 7.826440 7.961940 8.089725 8.209270 8.320216
0.587098 0.626319 0.670240 0.718590 0.771301 0.828371 0.889785 0.955574 1.025750 1.100350 1.179388 1.262894 1.350895 1.443397 1.540424 1.641971 1.748036 1.858623 1.973686 2.093218 2.217165 2.345487 2.478096 2.614921 2.755858 2.900812 3.049622 3.202160 3.358251 3.517708 3.680305 3.845845 4.014040 4.184657 4.357355 4.531856 4.707797 4.884840 5.062573 5.240638 5.418568 5.595981 5.772377 5.947320 6.120327 6.290901 6.458556 6.622795 6.783103 6.939000 7.089961 7.235506 7.375164 7.508461 7.634931 7.754154 7.865726 7.969231
0.619974 0.659618 0.703672 0.751889 0.804215 0.860652 0.921188 0.985848 1.054646 1.127610 1.204755 1.286105 1.371676 1.461473 1.555514 1.653784 1.756277 1.862987 1.973866 2.088899 2.208027 2.331204 2.458341 2.589361 2.724158 2.862636 3.004638 3.150029 3.298643 3.450302 3.604778 3.761887 3.921352 4.082945 4.246357 4.411312 4.577474 4.744522 4.912078 5.079796 5.247247 5.414085 5.579835 5.744089 5.906424 6.066370 6.223485 6.377298 6.527353 6.673190 6.814362 6.950409 7.080909 7.205431 7.323554 7.434904 7.539072 7.635734
0.647633 0.687573 0.731647 0.779633 0.831486 0.887214 0.946803 1.010279 1.077656 1.148954 1.224187 1.303376 1.386529 1.473649 1.564745 1.659800 1.758799 1.861734 1.968551 2.079233 2.193708 2.311937 2.433820 2.559283 2.688216 2.820523 2.956046 3.094660 3.236194 3.380479 3.527296 3.676466 3.827726 3.980857 4.135565 4.291597 4.448623 4.606355 4.764431 4.922530 5.080259 5.237285 5.393177 5.547561 5.700027 5.850161 5.997545 6.141763 6.282362 6.418980 6.551151 6.678503 6.800579 6.917068 7.027545 7.131662 7.229040 7.319458
0.672263 0.712399 0.756405 0.804083 0.855396 0.910356 0.968952 1.031207 1.097132 1.166745 1.240062 1.317091 1.397843 1.482312 1.570509 1.662403 1.757980 1.857226 1.960087 2.066535 2.176503 2.289940 2.406753 2.526861 2.650157 2.776541 2.905864 3.037997 3.172778 3.310040 3.449579 3.591213 3.734696 3.879823 4.026312 4.173924 4.322351 4.471320 4.620494 4.769573 4.918189 5.066035 5.212718 5.357870 5.501136 5.642127 5.780468 5.915750 6.047590 6.175630 6.299458 6.418707 6.533013 6.642049 6.745447 6.842861 6.934009 7.018589
0.691734 0.731957 0.775801 0.823088 0.873792 0.927925 0.985479 1.046475 1.110930 1.178849 1.250248 1.325138 1.403518 1.485386 1.570742 1.659558 1.751811 1.847486 1.946525 2.048899 2.154532 2.263384 2.375350 2.490352 2.608280 2.729044 2.852490 2.978493 3.106897 3.237543 3.370230 3.504793 3.640984 3.778615 3.917425 4.057179 4.197586 4.338400 4.479301 4.620009 4.760172 4.899528 5.037673 5.174314 5.309093 5.441653 5.571640 5.698695 5.822479 5.942634 6.058786 6.170625 6.277798 6.379992 6.476876 6.568173 6.653586 6.732878
0.708689 0.748920 0.792534 0.839374 0.889420 0.942688 0.999175 1.058893 1.121863 1.188085 1.257579 1.330346 1.406388 1.485693 1.568264 1.654068 1.743077 1.835276 1.930602 2.029029 2.130476 2.234898 2.342195 2.452290 2.565069 2.680444 2.798272 2.918421 3.040747 3.165095 3.291275 3.419120 3.548406 3.678946 3.810493 3.942833 4.075693 4.208828 4.341949 4.474793 4.607028 4.738417 4.868591 4.997254 5.124101 5.248793 5.371012 5.490409 5.606676 5.719480 5.828501 5.933452 6.033964 6.129823 6.220695 6.306279 6.386386 6.460763
0.720300 0.760445 0.803747 0.850072 0.899405 0.951765 1.007147 1.065568 1.127048 1.191579 1.259184 1.329864 1.403609 1.480417 1.560281 1.643165 1.729041 1.817892 1.909653 2.004299 2.101739 2.201940 2.304793 2.410228 2.518127 2.628405 2.740925 2.855562 2.972166 3.090602 3.210675 3.332238 3.455064 3.578988 3.703774 3.829212 3.955044 4.081055 4.206972 4.332531 4.457440 4.581477 4.704284 4.825610 4.945147 5.062604 5.177667 5.290044 5.399406 5.505497 5.607988 5.706614 5.801085 5.891129 5.976497 6.056902 6.132124 6.201984
0.729875 0.769871 0.812811 0.858579 0.907166 0.958592 1.012861 1.069977 1.129967 1.192818 1.258558 1.327177 1.398669 1.473029 1.550249 1.630289 1.713118 1.798719 1.887029 1.978015 2.071595 2.167725 2.266310 2.367268 2.470490 2.575891 2.683341 2.792715 2.903873 3.016682 3.130958 3.246555 3.363263 3.480919 3.599308 3.718232 3.837445 3.956748 4.075874 4.194592 4.312624 4.429751 4.545660 4.660107 4.772801 4.883486 4.991889 5.097677 5.200616 5.300432 5.396843 5.489589 5.578387 5.663041 5.743265 5.818855 5.889551 5.955241
0.733351 0.773113 0.815617 0.860770 0.908566 0.959027 1.012153 1.067957 1.126461 1.187651 1.251551 1.318156 1.387455 1.459441 1.534102 1.611403 1.691309 1.773800 1.858813 1.946319 2.036229 2.128506 2.223049 2.319784 2.418602 2.519419 2.622112 2.726558 2.832623 2.940179 3.049051 3.159102 3.270126 3.381979 3.494444 3.607346 3.720443 3.833559 3.946429 4.058850 4.170564 4.281354 4.390938 4.499084 4.605527 4.710032 4.812307 4.912129 5.009200 5.103302 5.194154 5.281532 5.365222 5.444963 5.520532 5.591725 5.658320 5.720200
0.735247 0.774728 0.816764 0.861274 0.908260 0.957743 1.009729 1.064225 1.121258 1.180807 1.242903 1.307534 1.374688 1.444360 1.516532 1.591173 1.668243 1.747725 1.829555 1.913701 2.000078 2.088646 2.179310 2.271996 2.366596 2.463030 2.561183 2.660926 2.762141 2.864700 2.968438 3.073219 3.178858 3.285203 3.392069 3.499269 3.606599 3.713869 3.820849 3.927345 4.033106 4.137941 4.241585 4.343805 4.444397 4.543093 4.639665 4.733855 4.825443 4.914198 4.999875 5.082260 5.161159 5.236274 5.307517 5.374593 5.437395 5.495704
