MFC+VTK/函数库及接口制作/重磁三维基本处理/石达三分量转换及求梯度/立方体磁异常_Hax.grd
DSAA
127 128
0 992.126
0 1200
-813.67 625.212
[rows 28 to 55 of 128, columns 0 to 63 of 127]
0.111448 0.29051 0.474222 0.667673 0.874016 1.09628 1.33727 1.59992 1.88723 2.20246 2.54908 2.93086 3.35191 3.81674 4.33029 4.898 5.52582 6.22033 6.98876 7.83905 8.77995 9.82107 10.9729 12.2471 13.6561 15.2138 16.935 18.8359 20.934 23.2479 25.7975 28.6036 31.6882 35.0738 38.7833 42.8391 47.2632 52.0757 57.2939 62.9315 68.9967 75.4912 82.4079 89.7298 97.4286 105.463 113.778 122.305 130.964 139.662 148.297 156.761 164.946 172.741 180.043 186.756 192.793 198.08 202.554 206.167 208.88 210.666 211.508 211.401
-0.272496 -0.103563 0.068622 0.249399 0.442021 0.649608 0.875027 1.12128 1.39146 1.68888 2.01711 2.38005 2.78194 3.22748 3.72181 4.27061 4.88017 5.55744 6.3101 7.14665 8.07651 9.11006 10.2588 11.5353 12.9537 14.5292 16.2785 18.2202 20.3741 22.7619 25.407 28.3342 31.5701 35.1422 39.0793 43.4105 48.1644 53.3687 59.0488 65.2259 71.916 79.1273 86.8585 95.0958 103.812 112.962 122.485 132.302 142.315 152.413 162.47 172.353 181.927 191.056 199.613 207.479 214.553 220.745 225.984 230.214 233.395 235.498 236.506 236.413
-0.669068 -0.511583 -0.352387 -0.185907 -0.0088035 0.182113 0.389754 0.617175 0.867501 1.14412 1.45067 1.79112 2.16985 2.59166 3.06188 3.58642 4.17182 4.82537 5.55517 6.37023 7.28058 8.29736 9.43297 10.7012 12.1173 13.6982 15.4626 17.4312 19.6266 22.0737 24.7996 27.8337 31.2074 34.9544 39.1101 43.7112 48.7949 54.3982 60.5563 67.3009 74.6583 82.6463 91.2721 100.528 110.39 120.811 131.725 143.039 154.637 166.382 178.12 189.686 200.907 211.618 221.658 230.884 239.174 246.423 252.551 257.497 261.217 263.684 264.883 264.808
-1.07782 -0.933089 -0.788322 -0.637736 -0.477926 -0.305652 -0.117977 0.0881777 0.315958 0.568784 0.850317 1.1646 1.51605 1.9096 2.35068 2.84538 3.40045 4.02347 4.72289 5.50816 6.38986 7.37984 8.49134 9.73919 11.1399 12.7121 14.4762 16.4553 18.6748 21.163 23.9507 27.0723 30.5648 34.4684 38.8262 43.6838 49.0885 55.0886 61.7317 69.0629 77.122 85.9408 95.5386 105.918 117.061 128.923 141.431 154.478 167.927 181.61 195.335 208.893 222.068 234.65 246.44 257.265 266.974 275.45 282.603 288.367 292.701 295.58 296.994 296.941
-1.49708 -1.36642 -1.23755 -1.10448 -0.963763 -0.812139 -0.646669 -0.464274 -0.261819 -0.0358886 0.217178 0.501434 0.821329 1.18183 1.58845 2.04738 2.56553 3.15069 3.81156 4.55798 5.40099 6.35303 7.4281 8.64196 10.0124 11.5593 13.3052 15.2752 17.4976 20.0039 22.8294 26.013 29.5979 33.6316 38.1655 43.2554 48.9602 55.3417 62.4626 70.3848 79.1662 88.8566 99.4935 111.095 123.655 137.135 151.456 166.5 182.103 198.057 214.124 230.036 245.521 260.311 274.158 286.847 298.201 308.085 316.402 323.089 328.109 331.447 333.098 333.068
-1.92603 -1.81073 -1.69916 -1.58516 -1.46529 -1.33626 -1.19516 -1.03895 -0.864534 -0.668538 -0.447341 -0.196923 0.0871411 0.409808 0.776606 1.19376 1.66826 2.208 2.82188 3.51999 4.31372 5.21599 6.24141 7.40655 8.73021 10.2337 11.941 13.8796 16.0803 18.5779 21.4116 24.6256 28.2692 32.3974 37.0709 42.3563 48.3259 55.057 62.6302 71.128 80.6309 91.2131 102.936 115.843 129.945 145.215 161.579 178.902 196.993 215.596 234.409 253.093 271.295 288.674 304.917 319.76 332.996 344.472 354.091 361.796 367.566 371.397 373.301 373.293
-2.36269 -2.26402 -2.17114 -2.07777 -1.98045 -1.87593 -1.76137 -1.63376 -1.4901 -1.3271 -1.1412 -0.928482 -0.684595 -0.404653 -0.0831888 0.285983 0.709837 1.19629 1.75432 2.39413 3.12733 3.96714 4.92864 6.02901 7.28787 8.72759 10.3737 12.2554 14.4059 16.8631 19.6701 22.8758 26.5358 30.7126 35.4765 40.9058 47.0871 54.1148 62.0905 71.1206 81.3135 92.7744 105.598 119.858 135.598 152.812 171.435 191.324 212.253 233.913 255.919 277.835 299.204 319.586 338.587 355.882 371.229 384.466 395.501 404.298 410.857 415.201 417.362 417.368
-2.80589 -2.72506 -2.65218 -2.58087 -2.50772 -2.42952 -2.34351 -2.24679 -2.13647 -2.00935 -1.86205 -1.69075 -1.49124 -1.25879 -0.988049 -0.672972 -0.306693 0.118615 0.611866 1.18325 1.84443 2.60875 3.49152 4.5103 5.68526 7.03957 8.59987 10.3968 12.4656 14.8468 17.5868 20.7392 24.3651 28.5343 33.3266 38.8319 45.1518 52.3991 60.6979 70.1823 80.993 93.2728 107.158 122.768 140.187 159.447 180.504 203.215 227.323 252.449 278.109 303.738 328.741 352.547 374.657 394.676 412.328 427.449 439.969 449.885 457.237 462.083 464.484 464.49
-3.25336 -3.19152 -3.13988 -3.09203 -3.04458 -2.99443 -2.93891 -2.87528 -2.80078 -2.71238 -2.60686 -2.48061 -2.32962 -2.14935 -1.93469 -1.6798 -1.37804 -1.02179 -0.602351 -0.109693 0.467691 1.14307 1.93172 2.85132 3.92224 5.1681 6.61621 8.29819 10.2507 12.5163 15.1442 18.1915 21.7244 25.8192 30.5641 36.0604 42.4239 49.786 58.2942 68.1118 79.4159 92.3924 107.229 124.099 143.148 164.461 188.034 213.738 241.291 270.24 299.971 329.757 358.819 386.418 411.921 434.856 454.917 471.957 485.945 496.935 505.023 510.317 512.918 512.901
-3.7036 -3.66181 -3.63255 -3.60937 -3.58901 -3.56845 -3.54519 -3.51663 -3.4802 -3.43309 -3.37231 -3.29447 -3.19583 -3.07216 -2.91861 -2.72969 -2.49908 -2.21951 -1.88262 -1.47875 -0.996731 -0.423623 0.255572 1.05828 2.00475 3.11857 4.42719 5.96267 7.7624 9.87008 12.3368 15.2223 18.5963 22.5405 27.1501 32.5359 38.8266 46.1704 54.7374 64.7199 76.332 89.8064 105.387 123.316 143.809 167.028 193.033 221.73 252.825 285.789 319.859 354.097 387.495 419.096 448.111 473.982 496.392 515.232 530.543 542.456 551.143 556.776 559.501 559.424
-4.1541 -4.13333 -4.12745 -4.13009 -4.13805 -4.1485 -4.15909 -4.16742 -4.17115 -4.16771 -4.15438 -4.12809 -4.08543 -4.02249 -3.93485 -3.8174 -3.6643 -3.46874 -3.22288 -2.91759 -2.54228 -2.08457 -1.53006 -0.861907 -0.0604263 0.897453 2.03877 3.39529 5.00432 6.90978 9.1634 11.8261 14.9699 18.6795 23.055 28.2142 34.2954 41.461 49.8996 59.8293 71.4985 85.185 101.19 119.828 141.399 166.155 194.244 225.639 260.055 296.895 335.234 373.887 411.56 447.041 479.363 507.893 532.327 552.627 568.935 581.483 590.533 596.328 599.065 598.881
-4.60308 -4.60416 -4.62255 -4.65193 -4.68927 -4.73189 -4.77767 -4.82442 -4.87007 -4.91235 -4.94883 -4.97682 -4.99328 -4.99475 -4.97727 -4.93625 -4.86641 -4.76156 -4.61453 -4.41691 -4.15889 -3.82895 -3.41357 -2.89688 -2.26018 -1.48144 -0.534679 0.610812 1.99136 3.64998 5.63772 8.01515 10.8543 14.2408 18.2764 23.0825 28.803 35.6086 43.701 53.3167 64.7308 78.258 94.25 113.086 135.15 160.792 190.263 223.624 260.632 300.647 342.585 384.998 426.282 464.946 499.852 530.314 556.079 577.212 593.977 606.718 615.79 621.504 624.106 623.758
-5.04782 -5.07147 -5.11485 -5.17176 -5.23934 -5.31512 -5.39719 -5.48366 -5.57272 -5.66244 -5.75077 -5.83539 -5.91374 -5.98284 -6.0393 -6.07913 -6.09772 -6.08965 -6.04855 -5.96694 -5.836 -5.64531 -5.38258 -5.03324 -4.58005 -4.00257 -3.27651 -2.37299 -1.25767 0.110442 1.78022 3.81008 6.26991 9.24342 12.8309 17.1526 22.3527 28.6037 36.1116 45.1211 55.921 68.8475 84.2847 102.658 124.417 149.992 179.73 213.787 251.986 293.676 337.656 382.253 425.58 465.91 501.974 533.082 559.059 580.092 596.562 608.915 617.579 622.919 625.212 624.639
-5.48637 -5.53315 -5.60205 -5.68704 -5.78548 -5.8951 -6.01428 -6.14139 -6.27497 -6.41343 -6.55513 -6.69822 -6.84062 -6.97993 -7.11337 -7.23767 -7.34899 -7.44278 -7.51364 -7.55518 -7.55979 -7.5184 -7.42022 -7.25238 -6.99953 -6.6433 -6.16177 -5.52867 -4.71255 -3.67568 -2.37279 -0.749428 1.2599 3.73407 6.76819 10.4769 14.9985 20.4997 27.1808 35.2819 45.0888 56.9381 71.2197 88.3731 108.872 133.189 161.727 194.707 232.012 273.019 316.487 360.629 403.414 442.999 478.083 508.023 532.735 552.502 567.783 579.083 586.866 591.518 593.326 592.472
-5.91588 -5.9862 -6.08099 -6.19443 -6.32411 -6.46803 -6.62483 -6.79321 -6.97205 -7.16016 -7.35634 -7.55922 -7.7673 -7.97878 -8.19157 -8.40319 -8.61066 -8.81042 -8.99819 -9.1688 -9.31605 -9.43246 -9.50901 -9.53486 -9.49691 -9.37942 -9.16336 -8.82584 -8.33919 -7.67003 -6.77804 -5.61447 -4.12039 -2.22443 0.159764 3.13679 6.83326 11.4023 17.0286 23.9343 32.3847 42.6936 55.226 70.3957 88.652 110.447 136.175 166.062 200.017 237.462 277.218 317.57 356.569 392.465 424.056 450.785 472.635 489.921 503.117 512.717 519.171 522.846 524.013 522.84
-6.33431 -6.4284 -6.54922 -6.69123 -6.85226 -7.0306 -7.22518 -7.43504 -7.65943 -7.89759 -8.14878 -8.41216 -8.68681 -8.97161 -9.26522 -9.566 -9.87193 -10.1805 -10.4887 -10.7927 -11.0879 -11.3685 -11.6277 -11.8567 -12.0453 -12.1806 -12.247 -12.2257 -12.0936 -11.8225 -11.3783 -10.7194 -9.79535 -8.54459 -6.89247 -4.74832 -2.0022 1.47895 5.8557 11.3208 18.1039 26.4757 36.7494 49.2776 64.4392 82.6102 104.109 129.103 157.486 188.737 221.834 255.322 287.568 317.122 342.998 364.755 382.394 396.2 406.582 413.967 418.744 421.224 421.64 420.135
-6.7388 -6.85671 -7.00352 -7.17399 -7.36624 -7.57884 -7.81104 -8.06224 -8.33208 -8.62022 -8.92643 -9.25042 -9.5919 -9.95043 -10.3255 -10.7163 -11.1219 -11.541 -11.9717 -12.4118 -12.8584 -13.3076 -13.7548 -14.1939 -14.6173 -15.0158 -15.3775 -15.688 -15.9295 -16.0799 -16.1121 -15.9928 -15.6814 -15.128 -14.2719 -13.039 -11.3397 -9.06542 -6.08565 -2.24455 2.64213 8.78907 16.441 25.868 37.3519 51.1609 67.5035 86.4594 107.889 131.346 156.029 180.852 204.626 226.31 245.196 260.963 273.613 283.358 290.505 295.38 298.283 299.454 299.074 297.253
-7.12732 -7.2689 -7.44142 -7.63999 -7.86301 -8.10937 -8.37865 -8.67061 -8.98528 -9.3228 -9.68343 -10.0674 -10.4752 -10.907 -11.3631 -11.8438 -12.349 -12.8786 -13.4323 -14.0094 -14.6087 -15.2284 -15.8663 -16.5189 -17.1819 -17.8495 -18.5142 -19.1663 -19.7937 -20.3808 -20.9083 -21.3519 -21.6818 -21.8608 -21.8433 -21.5737 -20.9842 -19.9929 -18.502 -16.3953 -13.5374 -9.773 -4.92951 1.17732 8.7309 17.8922 28.7665 41.357 55.5114 70.8773 86.8931 102.842 117.971 131.631 143.384 153.029 160.574 166.159 169.996 172.31 173.31 173.169 172.013 169.921
-7.49711 -7.66204 -7.85979 -8.08586 -8.33895 -8.61828 -8.92375 -9.25551 -9.61399 -9.99978 -10.4137 -10.8565 -11.3293 -11.833 -12.3689 -12.9381 -13.5416 -14.1807 -14.8563 -15.5693 -16.3205 -17.1103 -17.9387 -18.8052 -19.7087 -20.6472 -21.6175 -22.615 -23.6335 -24.6643 -25.696 -26.7141 -27.6995 -28.6284 -29.4707 -30.1894 -30.7388 -31.0638 -31.0983 -30.7647 -29.9735 -28.6245 -26.6096 -23.8185 -20.1492 -15.5232 -9.90677 -3.33729 4.05189 12.0162 20.2075 28.2134 35.622 42.0926 47.4039 51.4671 54.3065 56.0234 56.7587 56.6629 55.8751 54.5104 52.654 50.3582
-7.84626 -8.03402 -8.25629 -8.50899 -8.79115 -9.1023 -9.44271 -9.81286 -10.2136 -10.646 -11.1114 -11.6111 -12.1468 -12.7204 -13.3337 -13.9888 -14.6881 -15.4338 -16.2284 -17.0744 -17.9745 -18.9312 -19.947 -21.0243 -22.1652 -23.3716 -24.6448 -25.9853 -27.3927 -28.8655 -30.4003 -31.9921 -33.6329 -35.3119 -37.0142 -38.7207 -40.4069 -42.0422 -43.5899 -45.0062 -46.2412 -47.24 -47.9453 -48.3019 -48.2634 -47.8019 -46.9188 -45.656 -44.1048 -42.4057 -40.7373 -39.2921 -38.2454 -37.7257 -37.7976 -38.4604 -39.6602 -41.3078 -43.2986 -45.5273 -47.8994 -50.3376 -52.7855 -55.2085
-8.17224 -8.38213 -8.62801 -8.90624 -9.21621 -9.55776 -9.9315 -10.3383 -10.7794 -11.2563 -11.7707 -12.3248 -12.9207 -13.561 -14.2484 -14.986 -15.7772 -16.6254 -17.5345 -18.5088 -19.5525 -20.6705 -21.8678 -23.1494 -24.521 -25.988 -27.5562 -29.2312 -31.0186 -32.9236 -34.951 -37.1047 -39.3876 -41.8013 -44.3455 -47.0174 -49.8119 -52.7204 -55.7312 -58.8289 -61.9951 -65.209 -68.4493 -71.6961 -74.9352 -78.161 -81.3815 -84.6203 -87.9173 -91.3233 -94.892 -98.6671 -102.67 -106.892 -111.292 -115.802 -120.333 -124.793 -129.086 -133.128 -136.847 -140.186 -143.105 -145.579
-8.47341 -8.70452 -8.97286 -9.2753 -9.61152 -9.98173 -10.3868 -10.8281 -11.3071 -11.8258 -12.3865 -12.9916 -13.6442 -14.3473 -15.1046 -15.92 -16.7979 -17.743 -18.7606 -19.8563 -21.0363 -22.3076 -23.6774 -25.1537 -26.7451 -28.461 -30.3112 -32.3065 -34.458 -36.7777 -39.2778 -41.9713 -44.8712 -47.9906 -51.3425 -54.9395 -58.7933 -62.9147 -67.3127 -71.9948 -76.9667 -82.2319 -87.7923 -93.6482 -99.7992 -106.244 -112.979 -120 -127.296 -134.844 -142.61 -150.535 -158.543 -166.536 -174.401 -182.02 -189.275 -196.056 -202.265 -207.823 -212.663 -216.738 -220.015 -222.472
-8.74753 -8.9988 -9.28829 -9.61339 -9.9741 -10.371 -10.8052 -11.2784 -11.7925 -12.3499 -12.9533 -13.6058 -14.3108 -15.0722 -15.8943 -16.7819 -17.7403 -18.7754 -19.8937 -21.1024 -22.4095 -23.8236 -25.3545 -27.0127 -28.8099 -30.759 -32.8738 -35.1698 -37.6636 -40.3734 -43.3189 -46.521 -50.0025 -53.7872 -57.9004 -62.3684 -67.2182 -72.477 -78.1716 -84.3281 -90.9703 -98.1192 -105.791 -113.997 -122.74 -132.011 -141.79 -152.04 -162.704 -173.702 -184.931 -196.263 -207.551 -218.637 -229.358 -239.554 -249.08 -257.809 -265.632 -272.465 -278.242 -282.917 -286.457 -288.843
-8.99333 -9.26351 -9.57264 -9.91863 -10.3018 -10.723 -11.1838 -11.6861 -12.2322 -12.8247 -13.467 -14.1624 -14.915 -15.7292 -16.6101 -17.5633 -18.5948 -19.7118 -20.9218 -22.2334 -23.6562 -25.2007 -26.8787 -28.7032 -30.6887 -32.8514 -35.2089 -37.7811 -40.5898 -43.6589 -47.0148 -50.6865 -54.7054 -59.1055 -63.9233 -69.1979 -74.9699 -81.2815 -88.1752 -95.6927 -103.873 -112.751 -122.354 -132.697 -143.782 -155.592 -168.086 -181.197 -194.826 -208.844 -223.093 -237.389 -251.531 -265.309 -278.518 -290.965 -302.478 -312.91 -322.144 -330.086 -336.668 -341.842 -345.576 -347.853
-9.209 -9.4967 -9.82381 -10.1888 -10.5922 -11.0353 -11.5199 -12.048 -12.6225 -13.2464 -13.9231 -14.6566 -15.4515 -16.3126 -17.2456 -18.2569 -19.3534 -20.543 -21.8344 -23.2375 -24.7632 -26.4236 -28.2326 -30.2053 -32.3589 -34.7124 -37.2871 -40.1068 -43.1979 -46.59 -50.3157 -54.4111 -58.9159 -63.8736 -69.3315 -75.3402 -81.9536 -89.2281 -97.2209 -105.989 -115.586 -126.059 -137.445 -149.767 -163.025 -177.192 -192.211 -207.985 -224.379 -241.219 -258.293 -275.366 -292.182 -308.485 -324.026 -338.579 -351.945 -363.96 -374.494 -383.449 -390.756 -396.367 -400.252 -402.393
-9.3937 -9.6974 -10.0407 -10.4225 -10.8438 -11.306 -11.8113 -12.362 -12.9611 -13.612 -14.3185 -15.0848 -15.916 -16.8175 -17.7953 -18.8566 -20.0089 -21.2609 -22.6223 -24.104 -25.7182 -27.4786 -29.4004 -31.5011 -33.7998 -36.3184 -39.0813 -42.1158 -45.4528 -49.1266 -53.1757 -57.6428 -62.5754 -68.026 -74.0519 -80.7154 -88.0833 -96.226 -105.216 -115.127 -126.027 -137.981 -151.037 -165.227 -180.555 -196.991 -214.462 -232.848 -251.978 -271.63 -291.539 -311.409 -330.926 -349.776 -367.665 -384.327 -399.536 -413.111 -424.914 -434.847 -442.842 -448.856 -452.866 -454.859
-9.54613 -9.86418 -10.2217 -10.6181 -11.0547 -11.5333 -12.0561 -12.6257 -13.2455 -13.9189 -14.6501 -15.4437 -16.305 -17.2398 -18.2547 -19.3572 -20.5556 -21.8591 -23.2782 -24.8248 -26.5121 -28.355 -30.3702 -32.5766 -34.9957 -37.6513 -40.5707 -43.7845 -47.327 -51.2372 -55.5587 -60.3404 -65.637 -71.5094 -78.0248 -85.257 -93.2858 -102.197 -112.079 -123.023 -135.119 -148.449 -163.082 -179.064 -196.412 -215.097 -235.041 -256.102 -278.072 -300.679 -323.594 -346.449 -368.854 -390.428 -410.814 -429.701 -446.836 -462.022 -475.118 -486.031 -494.706 -501.111 -505.235 -507.072
-9.66596 -9.99659 -10.3662 -10.775 -11.2243 -11.7162 -12.2531 -12.8379 -13.4741 -14.1653 -14.916 -15.731 -16.6158 -17.5766 -18.6205 -19.755 -20.9891 -22.3326 -23.7965 -25.3935 -27.1374 -29.0442 -31.1319 -33.4206 -35.9334 -38.696 -41.738 -45.0925 -48.7972 -52.8948 -57.4336 -62.4679 -68.0592 -74.2761 -81.1954 -88.9023 -97.49 -107.06 -117.72 -129.582 -142.76 -157.361 -173.48 -191.192 -210.532 -231.488 -253.982 -277.856 -302.868 -328.687 -354.905 -381.059 -406.665 -431.248 -454.375 -475.682 -494.881 -511.767 -526.206 -538.12 -547.476 -554.265 -558.493 -560.17
