MFC+VTK/函数库及接口制作/重磁三维基本处理/石达三分量转换及求梯度/立方体磁异常.grd
DSAA
127	128
0.000000	992.125977
0.000000	1200.000000
-627.2206215798329400	1055.6657910029173000
[rows 18 to 35 of 128, columns 0 to 40 of 127]
-1.2639359244402684 -1.1855292108872664 -1.0973757917581679 -0.9986331753238407 -0.8883946314843008 -0.7656852339695353 -0.6294578376198867 -0.4785890316614041 -0.3118751210775668 -0.1280282005802094 0.0743275989553718 0.2966595949430948 0.5405296515349765 0.8075967526454142 1.0996188842776040 1.4184540323266428 1.7660600697858593 2.1444932725821042 2.5559051655543517 3.0025373605668593 3.4867140075536565 4.0108314390777169 4.5773445499515422 5.1887494196703505 5.8475616590174067 6.5562899480269952 7.3174042348644708 8.1332980908032333 9.0062447711356199 9.9383466239827527 10.9314776251945460 11.9872190064204210 13.1067881904028190 14.2909615577123680 15.5399919431657840 16.8535221943372380 18.2304966084640510 19.6690725798889860 21.1665353105506460 22.7192189246261260 24.3224377407882950
-1.4546823897138121 -1.3813572239442440 -1.2981629981830758 -1.2042094771833445 -1.0985350202143911 -0.9801017497837634 -0.8477905664698153 -0.7003960453291920 -0.5366212607696208 -0.3550726003089277 -0.1542546441034562 0.0674347940486100 0.3117093458163716 0.5803983432135649 0.8754504749787055 1.1989366355885274 1.5530517194138476 1.9401150688935864 2.3625692376884668 2.8229766774844416 3.3240139015600949 3.8684626202828660 4.4591972855293465 5.0991684249879432 5.7913810973011701 6.5388677594890714 7.3446548155742715 8.2117221168401500 9.1429547188921916 10.1410862790849840 11.2086336109154590 12.3478221118623960 13.5605020587501390 14.8480561303134110 16.2112989751446150 17.6503701960871910 19.1646227599313870 20.7525095464113750 22.4114714895653900 24.1378314918543460 25.9266989452133960
-1.6569298930519438 -1.5895053535960824 -1.5121392923170953 -1.4238952006506642 -1.3237576917878915 -1.2106267015441681 -1.0833114280707403 -0.9405240374021493 -0.7808731731744802 -0.6028573232917291 -0.4048581133376845 -0.1851336171662368 0.0581882001363647 0.3271157627284054 0.6237997093530403 0.9505380451061205 1.3097803549939142 1.7041307620540458 2.1363492529961245 2.6093509280069584 3.1262026581701505 3.6901165553439759 4.3044395765412409 4.9726385007633169 5.6982794341836964 6.4850009254076353 7.3364797127202586 8.2563880894202519 9.2483418726836959 10.3158380097733120 11.4621809688122090 12.6903972575459680 14.0031377105581780 15.4025676012318300 16.8902451832511350 18.4669899555750480 20.1327427728338330 21.8864208723514720 23.7257719255318880 25.6472322862409530 27.6457956214345200
-1.8708884099838587 -1.8102358728818051 -1.7396263955760811 -1.6580794696913865 -1.5645280002522202 -1.4578114459319338 -1.3366685711505659 -1.1997298248675654 -1.0455093722836031 -0.8723968197293730 -0.6786486907092511 -0.4623797325946004 -0.2215541596142705 0.0460230302333517 0.3427144889011657 0.6710584818590863 1.0337761074217262 1.4337774354788362 1.8741661573236721 2.3582422558479132 2.8895021126471283 3.4716353653939604 4.1085177166438260 4.8041987756499278 5.5628838919559502 6.3889088183707088 7.2867059294005916 8.2607606298991705 9.3155565317984497 10.4555079715045630 11.6848785091582310 13.0076842180772710 14.4275808668790670 15.9477345464266560 17.5706759269954200 19.2981391683629010 21.1308875575897730 23.0685292074958960 25.1093275794650630 27.2500131308981790 29.4856039252304920
-2.0967145288605149 -2.0437559279894320 -1.9808894454907580 -1.9070937419760929 -1.8212530356922134 -1.7221490938550681 -1.6084526879120156 -1.4787145116281395 -1.3313555713463612 -1.1646570710589299 -0.9767498322528874 -0.7656033100702713 -0.5290142945134702 -0.2645954184974686 0.0302363640685615 0.3582711176108635 0.7225168090082779 1.1262093923802379 1.5728216659952849 2.0660703736941697 2.6099209088350177 3.2085888481408338 3.8665373959264926 4.5884696575426700 5.3793144865227935 6.2442044685528399 7.1884444241688943 8.2174686428854891 9.3367849204087001 10.5519033794029230 11.8682480407217740 13.2910492107807590 14.8252150022112050 16.4751807541042650 18.2447358122856220 20.1368281117355250 22.1533483050720720 24.2948968136718730 26.5605391195198060 28.9475567973181500 31.4512040809324490
-2.3345037459581555 -2.2902089311529248 -2.2361274003530660 -2.1712011352458873 -2.0942697793162943 -2.0040613997498173 -1.8991825438808407 -1.7781075687878221 -1.6391672311521255 -1.4805365364034264 -1.3002218619268713 -1.0960473897204119 -0.8656409105069440 -0.6064190948955552 -0.3155723697407344 0.0099504093920464 0.3734572336898463 0.7785278288800033 1.2290277236220257 1.7291209511797945 2.2832807005672020 2.8962970727608930 3.5732809123015308 4.3196624737252467 5.1411834465560142 6.0438806060692150 7.0340590858019834 8.1182529935871877 9.3031708330558622 10.5956229718865420 12.0024282511337500 13.5302968010947530 15.1856862746357000 16.9746290950337090 18.9025290160987250 20.9739263849098200 23.1922330506034480 25.5594399245895540 28.0758027764093720 30.7395148907662590 33.5463785750875590
-2.5842825687447886 -2.5496656728506180 -2.5054630550950421 -2.4505852341891678 -2.3838325818666672 -2.3038847863519294 -2.2092894197342998 -2.0984495624414294 -1.9696104441701014 -1.8208450696338989 -1.6500388106221306 -1.4548729640453049 -1.2328072998671837 -0.9810616551526419 -0.6965966722642758 -0.3760938328529946 -0.0159350073133373 0.3878181752969550 0.8394447260529248 1.3435839227724937 1.9052534653006372 2.5298652698808342 3.2232377869055790 3.9916034608675144 4.8416096454565984 5.7803109400393913 6.8151505311382321 7.9539277125481780 9.2047483372274002 10.5759545495979880 12.0760297975024750 13.7134748836620320 15.4966507603942340 17.4335839908777930 19.5317314067201800 21.7977016097665480 24.2369327233925280 26.8533283080476860 29.6488566879419260 32.6231230834239060 35.7729287800891740
-2.8460005430550468 -2.8221152776863794 -2.7889328008384107 -2.7453385176381042 -2.6901001112449312 -2.6218556547895888 -2.5391006158354843 -2.4401736763077242 -2.3232412929954647 -2.1862809290324705 -2.0270628954104799 -1.8431307555947773 -1.6317802661524805 -1.3900368548051247 -1.1146316755440719 -0.8019763319587439 -0.4481364272789321 -0.0488041870998996 0.4007294877787233 0.9056030398492112 1.4714116696392745 2.1042332538135566 2.8106516069384435 3.5977756056348786 4.4732523106946926 5.4452717742823653 6.5225607037711244 7.7143615762560707 9.0303931695786481 10.4807878222196460 12.0760000954998570 13.8266809505196840 15.7435111579360090 17.8369875541691980 20.1171560983885910 22.5932866619072110 25.2734863083502360 28.1642507174588990 31.2699575518980280 34.5923110658294140 38.1297540498339130
-3.1195223405542323 -3.1074561526595561 -3.0864762897625324 -3.0554505804636580 -3.0131219559460769 -2.9580951774590734 -2.8888222259920395 -2.8035862415545116 -2.7004838965646916 -2.5774060876814984 -2.4320168330959424 -2.2617302696887358 -2.0636856577268592 -1.8347203219478514 -1.5713404893477603 -1.2696900291428412 -0.9255171621455807 -0.5341392912053014 -0.0904062154155030 0.4113378631453850 0.9772929434932109 1.6142416042029755 2.3295860181093868 3.1313820894546884 4.0283687389404923 5.0299898038088964 6.1464053560484544 7.3884884662592025 8.7678025571689098 10.2965535158638400 11.9875097020707670 13.8538819660502990 15.9091548741813380 18.1668596833066050 20.6402794140060590 23.3420769199387440 26.2838384677703520 29.4755284062662180 32.9248553904359160 36.6365576448836660 40.6116240272118670
-3.4046200623862064 -3.4054871009280010 -3.3979261961846343 -3.3807963597247221 -3.3528251129050939 -3.3125938216378121 -3.2585214468435240 -3.1888465571449842 -3.1016074413654002 -2.9946201507653161 -2.8654542959627336 -2.7114064217575655 -2.5294707864731332 -2.3163073831450118 -2.0682070599601303 -1.7810536307488372 -1.4502829169147913 -1.0708387356348714 -0.6371259520698107 -0.1429608544833920 0.4184806997418749 1.0547166685964173 1.7740127159567232 2.5854351643440410 3.4989010342288882 4.5252225287939734 5.6761425025805101 6.9643564582005233 8.4035154342611094 10.0082027785341590 11.7938762636246090 13.7767653491653860 15.9737117259191700 18.4019397593657390 21.0787423390051030 24.0210672972084250 27.2449904702145710 30.7650642326273670 34.5935356206525530 38.7394366374670870 43.2075615155044020
-3.7009659338824221 -3.7158987968269734 -3.7229982927356557 -3.7211246090646575 -3.7090006306874042 -3.6851959029124108 -3.6481087512121753 -3.5959463584853362 -3.5267025841546320 -3.4381332927855572 -3.3277289448566378 -3.1926841888777799 -3.0298641844082081 -2.8357673813213804 -2.6064844844917734 -2.3376533484988906 -2.0244095785234193 -1.6613326673050777 -1.2423875815296865 -0.7608618344210774 -0.2092982570130451 0.4205760755165358 1.1379239741486415 1.9528740913207310 2.8765968854726935 3.9213780222776489 5.1006856720771667 6.4292269458752278 7.9229872078902943 9.5992441806496593 11.4765466074529560 13.5746447767151910 15.9143575189699080 18.5173575196539420 21.4058542298708440 24.6021517477442200 28.1280584337794440 32.0041265963101440 36.2487054409552480 40.8767998697016990 45.8987428488102300
-4.0081255809564533 -4.0382658386100676 -4.0612820867210164 -4.0760468979178359 -4.0812907191725314 -4.0755845174539731 -4.0573203153789690 -4.0246893679070084 -3.9756577052625590 -3.9079387402738948 -3.8189626106939079 -3.7058418992664928 -3.5653333480832390 -3.3937951599033962 -3.1871394612859532 -2.9407794926411608 -2.6495710938414678 -2.3077480772221186 -1.9088511302135869 -1.4456499791513879 -0.9100586878677035 -0.2930441787601934 0.4154716260699507 1.2267152094748761 2.1531689738233641 3.2086806157353953 4.4085710288517346 5.7697359857760357 7.3107350281342622 9.0518586915449362 11.0151623454921040 13.2244514971240650 15.7051994052716600 18.4843733832697770 21.5901414928748740 25.0514269280771310 28.8972740509042190 33.1559889662155030 37.8540203644437840 43.0145552185240800 48.6558211623642050
-4.3255520917873911 -4.3720396120642118 -4.4122322833965608 -4.4450274402461094 -4.4691766732018490 -4.4832672483128952 -4.4857011483285989 -4.4746714333690898 -4.4481355824744391 -4.4037854383922950 -4.3390133354662606 -4.2508739457232414 -4.1360413314010733 -3.9907606446230242 -3.8107938687259222 -3.5913589533588870 -3.3270616614073347 -3.0118194254468911 -2.6387765133006775 -2.2002098373222223 -1.6874248259235722 -1.0906409292970851 -0.3988665820199344 0.4002361696526977 1.3204966007367762 2.3773882141936333 3.5881869011912544 4.9721300826720300 6.5505704736542825 8.3471153590120331 10.3877387073577090 12.7008489417641020 15.3172896292320150 18.2702437269804530 21.5950044743957750 25.3285679613157270 29.5089946784509780 34.1744814213227030 39.3620830392539600 45.1060289055380320 51.4355957484610470
-4.6525810754215975 -4.7165422101826833 -4.7751613595449856 -4.8273740801718983 -4.8719679876175706 -4.9075630802701911 -4.9325894223603566 -4.9452618279394205 -4.9435511402367780 -4.9251516478575716 -4.8874441203215833 -4.8274538807766376 -4.7418032629404774 -4.6266577231992327 -4.4776647985042910 -4.2898850176812546 -4.0577137912882790 -3.7747932284806378 -3.4339127644390413 -3.0268974406683968 -2.5444826768591966 -1.9761744287809737 -1.3100937717955530 -0.5328052244973387 0.3708714118417538 1.4180652001729612 2.6280726201668951 4.0225873725868944 5.6259360533076581 7.4653112262544203 9.5709892315217786 11.9765144916688780 14.7188248426012120 17.8382832730679690 21.3785702979664120 25.3863781840545680 29.9108340694188970 35.0025651790753050 40.7123085884536950 47.0889647565455150 54.1770047760440010
-4.9884269317815138 -5.0709616594158113 -5.1492335402798899 -5.2222307761268194 -5.2887930620645571 -5.3475909871895064 -5.3971025447209184 -5.4355863370425830 -5.4610510013773705 -5.4712203138167403 -5.4634933522845657 -5.4348990122505114 -5.3820440710387016 -5.3010538879076492 -5.1875047067274824 -5.0363463968020010 -4.8418143266263023 -4.5973289179525079 -4.2953812784253653 -3.9274031688336288 -3.4836194381443479 -2.9528809760268935 -2.3224762169760496 -1.5779193244089607 -0.7027134472069267 0.3219120409960770 1.5172905203858402 2.9076321024805232 4.5203592213284036 6.3864572574823928 8.5408290236655180 11.0226355048254410 13.8755964293119260 17.1482124703639730 20.8938555898849220 25.1706548885173550 30.0410824573670400 35.5711182386123070 41.8288475611365770 48.8823251805204890 56.7965343016954800
-5.3321805437995913 -5.4343487015426204 -5.5334604726084873 -5.6285719299434280 -5.7185919037653417 -5.8022606726317321 -5.8781255360600113 -5.9445127985788826 -5.9994956225307963 -6.0408571232858899 -6.0660479839112895 -6.0721377556605240 -6.0557588832430511 -6.0130423489899707 -5.9395436647362292 -5.8301577540780185 -5.6790210590994761 -5.4793989748913141 -5.2235564641115921 -4.9026094366092003 -4.5063542048011218 -4.0230720581554404 -3.4393057648974628 -2.7396046428084713 -1.9062348022432545 -0.9188513383015522 0.2458702380380213 1.6146450077722108 3.2180319596822091 5.0909265408450697 7.2730848039448013 9.8096646776231271 12.7517599380998540 16.1568883668463460 20.0893761462388520 24.6205545578389720 29.8286515654056320 35.7982198057912910 42.6188956535184000 50.3832365735385820 59.1833467293273830
-5.6828085915014164 -5.8056153696133421 -5.9266988804988650 -6.0451989001305622 -6.1601112324536569 -6.2702659450160150 -6.3743022885131229 -6.4706397775024973 -6.5574448237861596 -6.6325922144400229 -6.6936206098620925 -6.7376811014351610 -6.7614777103890171 -6.7611985255112250 -6.7324359639597349 -6.6700943930468028 -6.5682830667080392 -6.4201920057829698 -6.2179480823960374 -5.9524481553231094 -5.6131656462044033 -5.1879264534028291 -4.6626495853455694 -4.0210473867226684 -3.2442797755231219 -2.3105565835089550 -1.1946820180816626 0.1324643758467623 1.7045148016847662 3.5602706962289172 5.7444290550469610 8.3083695738241747 11.3109843986108030 14.8195168133413130 18.9103524316722730 23.6696739574917600 29.1938456620698650 35.5893340448113660 42.9718958413295200 51.4646764274315980 61.1947708222127100
-6.0391546692322047 -6.1835355771426457 -6.3276504660333348 -6.4707390187292440 -6.6119023726009729 -6.7500811913452541 -6.8840302621589560 -7.0122890474240167 -7.1331475220317042 -7.2446065118241334 -7.3443316123637796 -7.4295996066966161 -7.4972361108456846 -7.5435429525686395 -7.5642135252238818 -7.5542340486804633 -7.5077683050132480 -7.4180229900786818 -7.2770903245901959 -7.0757639908498842 -6.8033237970750378 -6.4472837150121558 -5.9930970889757509 -5.4238118867828016 -4.7196678810310946 -3.8576266681402966 -2.8108245486564378 -1.5479376698793930 -0.0324487366327784 1.7781945514973803 3.9335367306911877 6.4911898454876482 9.5180201006899505 13.0914240923687650 17.3006486581128590 22.2480712664758040 28.0503027623028980 34.8388953536190510 42.7603302862827450 51.9748185784942510 62.6532787446154840
