MFC+VTK/函数库及接口制作/重磁三维基本处理/石达三分量转换及求梯度/立方体磁异常.grd
DSAA
127	128
0.000000	992.125977
0.000000	1200.000000
-627.2206215798329400	1055.6657910029173000
[rows 18 to 35 of 128, columns 41 to 81 of 127]
25.9704317398330030 27.6563303687303620 29.3721386942571490 31.1087495202172660 32.8559843908388700 34.6026654226117000 36.3367186725593290 38.0453083298034330 39.7149995067206310 41.3319459249943290 42.8820974699988330 44.3514215455264630 45.7261314997545370 46.9929151723462510 48.1391568451186840 49.1531465254221090 50.0242714684009260 50.7431860313325420 51.3019572145192060 51.6941844414949260 51.9150931515313020 51.9616025344530210 51.8323681917156240 51.5278006611355650 51.0500606413507190 50.4030314751337300 49.5922690992218160 48.6249293527560270 47.5096723607389460 46.2565437584878790 44.8768328513540240 43.3829084258992450 41.7880338138900600 40.1061638882662520 38.3517278327086050 36.5394026440027990 34.6838832641869600 32.7996558728540390 30.9007811078636900 29.0006937740230410 27.1120249465560160
27.7718901998984760 29.6658706008011140 31.5997236808760040 33.5631526933246250 35.5445188327360030 37.5309192303609360 39.5083061485047580 41.4616468318316790 43.3751213393361330 45.2323535576523530 47.0166686830701290 48.7113689479843050 50.3000184161970910 51.7667273796492750 53.0964272791557050 54.2751280843746070 55.2901515690254470 56.1303357178960600 56.7862073854469220 57.2501220803216880 57.5163711950776960 57.5812580111898880 57.4431443275471170 57.1024695986148740 56.5617441032715720 55.8255170241109300 54.9003195616497660 53.7945825109855210 52.5185272564063010 51.0840290266059680 49.5044515903626840 47.7944533867295720 45.9697663366983560 44.0469501679923000 42.0431268372091720 39.9757013519518270 37.8620767659010370 35.7193721455036270 33.5641527397760700 31.4121813452024020 29.2781989479067240
29.7148989651175480 31.8463338146728710 34.0301900606602890 36.2548401894648010 38.5069702328246350 40.7716623217973580 43.0325314666502270 45.2719164438642990 47.4711216254190230 49.6107035018428350 51.6707928375880390 53.6314411613159410 55.4729788924307310 57.1763720033012600 58.7235647552511320 60.0977976340222920 61.2838919319464850 62.2684951783064880 63.0402844617123960 63.5901272851872080 63.9112016675304280 63.9990785661062060 63.8517702666131730 63.4697481950364380 62.8559327840122180 62.0156567750979450 60.9566019120512120 59.6887076494527020 58.2240495233389050 56.5766844210115280 54.7624602918257890 52.7987889132283210 50.7043821171028030 48.4989542328697780 46.2028961663569790 43.8369291902534210 41.4217488342350180 38.9776709155557840 36.5242925037950530 34.0801803387352110 31.6625979225614640
31.8092444378491240 34.2120728651486270 36.6831277972011450 39.2093049490830270 41.7753735949846930 44.3640603174595820 46.9562046791774180 49.5309875868988390 52.0662287278952860 54.5387449217191860 56.9247570291935720 59.2003296898745430 61.3418260439628820 63.3263590132557890 65.1322217448742150 66.7392823169521280 68.1293314220044410 69.2863759923848900 70.1968760616634740 70.8499260371157930 71.2373845618491540 71.3539589920887070 71.1972511000439140 70.7677700029454830 70.0689167275220510 69.1069425702586100 67.8908809002223420 66.4324496884836580 64.7459202338193190 62.8479466255426400 60.7573506758826270 58.4948584691318350 56.0827872526741870 53.5446849099901240 50.9049283257460420 48.1882910841214740 45.4194945905016140 42.6227593653844540 39.8213745345830500 37.0373032231766640 34.2908396617428650
34.0644819736924940 36.7779437906471860 39.5795472566098710 42.4545685494146810 45.3855926752879880 48.3525920830541120 51.3331014111255750 54.3024908687836780 57.2343343719183220 60.1008617930314910 62.8734783119665510 65.5233286757042630 68.0218809038797760 70.3415030895904890 72.4560085862620580 74.3411488118103990 75.9750385767223830 77.3385054521256170 78.4153613428645430 79.1926002787955530 79.6605308203497060 79.8128539843793730 79.6466981068666800 79.1626207090754260 78.3645845785130320 77.2599114259754460 75.8592122352646780 74.1762894129255840 72.2280026743862320 70.0340887904453810 67.6169252454830880 65.0012297125246480 62.2136909774136340 59.2825322235005250 56.2370138443978790 53.1068894094830240 49.9218341927871240 46.7108699577464890 43.5018118188457020 40.3207626288259390 37.1916774891767830
36.4894909479913000 39.5589625979304880 42.7416901158692470 46.0212046473865680 49.3776179550747680 52.7876846096655680 56.2249936382736450 59.6602953760696410 63.0619599193212960 66.3965533832087400 69.6295083484811670 72.7258567757236140 75.6509884843458310 78.3713968690132390 80.8553761296300020 83.0736405532025510 84.9998453673446760 86.6109990540290940 87.8877673022126800 88.8146776427552710 89.3802402284889580 89.5770036139932700 89.4015646312098370 88.8545488313981760 87.9405730639515180 86.6681953846640030 85.0498505343981750 83.1017626379972820 80.8438214390209280 78.2994051017397650 75.4951319906530500 72.4605262240048380 69.2275871814528330 65.8302610958258900 62.3038225170642550 58.6841835859786730 55.0071582828514850 51.3077157401901690 47.6192602376931550 43.9729750440298730 40.3972628760104580
39.0918368024048770 42.5697687156458570 46.1926615771217750 49.9422168586513640 53.7957734667540710 57.7263339886112310 61.7027664796725120 65.6901934812259040 69.6505661787127220 73.5434060617407250 77.3266810878610610 80.9577704286998450 84.3944634808762690 87.5959364344551970 90.5236538179024710 93.1421524769612570 95.4196797962127050 97.3286743845688850 98.8460934821064400 99.9536048387702180 100.6376702082343100 100.8895521002252900 100.7052750014974800 100.0855674803457400 99.0358034240808390 97.5659503553782770 95.6905216646506600 93.4285190274506620 90.8033425470166260 87.8426404590155410 84.5780685402576040 81.0449323127307510 77.2816928569864530 73.3293290171484530 69.2305637393313300 65.0289783321359350 60.7680532598537940 56.4901853527994430 52.2357371704146520 48.0421736681892570 43.9433343741932630
41.8768710086145860 45.8238146736353830 49.9557956057151880 54.2526804481370850 58.6887468363447200 63.2326405573150720 67.8475721465813000 72.4917753436646140 77.1192294438908160 81.6806236165768240 86.1245168759566870 90.3986264080068620 94.4511630509021810 98.2321285719842620 101.6944959506650000 104.7952101475062500 107.4959700329786500 109.7637783786003100 111.5712719677626600 112.8968644564465500 113.7247482607691200 114.0448074822321200 113.8524919463884700 113.1486939701154300 111.9396561553941800 110.2369222142996700 108.0573254675031100 105.4229930884233700 102.3613301946456000 98.9049382516435860 95.0914185148196650 90.9630145748226650 86.5660589777147890 81.9502068378781700 77.1674625839890780 72.2710315066342450 67.3140517945183350 62.3482812785279560 57.4228228650916110 52.5829718305169250 47.8692569022552950
44.8464789962151190 49.3321723346736290 54.0536273477642770 58.9890123251885610 64.1093068347614970 69.3781342040684310 74.7519219908725180 80.1804320849125110 85.6076719099428940 90.9731609044756620 96.2134871847141820 101.2640546025192800 106.0608968903917600 110.5424281579991700 114.6510095450105000 118.3342385786522500 121.5459057648974600 124.2466053031911900 126.4040265119583200 127.9929838808727400 128.9952631849873800 129.3993678016295200 129.2002442707191400 128.3990515101590700 127.0030167509859200 125.0253960154197600 122.4855304309090700 119.4089642677637900 115.8275686745703600 111.7795991094813200 107.3096068974936700 102.4681283705276700 97.3110900033086920 91.8988946357272310 86.2951899470277230 80.5653612280590890 74.7748298282388220 68.9872695020865480 63.2628693526759280 57.6567708696439000 52.2177879216765530
47.9973617173845780 53.1018087359804980 58.5062957681021910 64.1876693454918550 70.1134970678654530 76.2416829441769290 82.5205328397504160 88.8893459117495580 95.2795634277403000 101.6164478987638400 107.8212013015481300 113.8133727672094400 119.5133654917286500 124.8448390483798200 129.7368204302191800 134.1253818600977800 137.9548065613109900 141.1782328934118600 143.7578302454736600 145.6646075431295900 146.8779823368885200 147.3852447911213800 147.1810393288859600 146.2669616989668700 144.6513355476100200 142.3491943231220800 139.3824548264102500 135.7802307314931600 131.5792007270488900 126.8239198322167300 121.5669477697940400 115.8686690671002700 109.7966989937797700 103.4248084835814300 96.8313571518405350 90.0972894412463600 83.3038141241900970 76.5299395367468090 69.8500651691330750 63.3318283726367640 57.0343733442963060
51.3187107753346080 57.1331395299828770 63.3291322030458870 69.8829842358448870 76.7589819464051570 83.9086480085104680 91.2706034854522840 98.7711830432286180 106.3258751240744300 113.8415667225352800 121.2194661861569100 128.3584773507311400 135.1587266821977100 141.5249198040827100 147.3692322053660200 152.6135151832937100 157.1907049476973800 161.0454373318454200 164.1339709427405500 166.4235927104788600 167.8917154811340400 168.5248794058212500 168.3178443978089300 167.2729185978857900 165.3996154943787600 162.7146758548895200 159.2424335995615600 155.0154496528808700 150.0752872590753100 144.4732601780866000 138.2709574574259400 131.5403424367291300 124.3632463855670000 116.8301327800269600 109.0380946576418400 101.0881545278510300 93.0820458944996010 85.1187452190418700 77.2910726077568310 69.6826765456887780 62.3656632026127800
54.7891152243129160 61.4166183598904420 68.5291062392554410 76.1037249842529210 84.1020575316061920 92.4687487808718770 101.1309691191908900 109.9989602633387600 118.9678150820361100 127.9204976293560800 136.7319315503579600 145.2738102077451300 153.4196528036770000 161.0495827725864000 168.0543529082614500 174.3382747989077200 179.8208945743937500 184.4374490263006700 188.1382965831206500 190.8876220680347200 192.6617563661898500 193.4474403757908800 193.2403128243051100 192.0438303684996100 189.8687487444946100 186.7332130464428700 182.6634262950952300 177.6947887180972400 171.8733264367033100 165.2571614105682700 157.9177230775481700 149.9403792021805900 141.4241839620716200 132.4805168700696600 123.2305183534952000 113.8014027179113000 104.3219162252011900 94.9173657965828990 85.7047325582361170 76.7883797851474840 68.2567675428457650
58.3725312460496260 65.9280756885690810 74.0997039294233840 82.8678038308858050 92.1926098057879530 102.0118004495011200 112.2392182039986300 122.7651435312983200 133.4584307935862200 144.1705844892327400 154.7415527191669200 165.0067038055101700 174.8042141851738600 183.9820028508831900 192.4034315926563700 199.9512286965114900 206.5294189241606700 212.0633691757257100 216.4983154419187500 219.7968844503033400 221.9361614112153800 222.9048079199745300 222.7006357424415600 221.3289237956366300 218.8016472927201900 215.1376779280726600 210.3639111385025400 204.5171755230553000 197.6466760626319100 189.8166185055853000 181.1085686467815800 171.6230396360793700 161.4798029041485800 150.8165122666551700 139.7854293785451900 128.5483258464804800 117.2699615875807400 106.1108227036516500 95.2199656505539740 84.7288074321373870 74.7465246984763500
62.0131743089733190 70.6225017626185550 80.0137221573347550 90.1743731827064470 101.0659959175557100 112.6200510461574700 124.7352924469063100 137.2773589036355000 150.0811903817613600 162.9565212082021000 175.6961869108956800 188.0864181697628500 199.9178469402505100 210.9957663895360700 221.1483372154385200 230.2318719975345400 238.1329156900228600 244.7674030867993100 250.0775805946572600 254.0275744370172200 256.5984890615375800 257.7837904528603900 257.5855401798860400 256.0118521555988300 253.0757743699572300 248.7956575396134400 243.1969507179859400 236.3152423753382200 228.2002282053807700 218.9201284548540800 208.5659108005287400 197.2545358703157200 185.1303886117317500 172.3641539850251500 159.1486837508821800 145.6918729905993900 132.2071363307077000 118.9025962842861500 105.9704064594556000 93.5776226711140570 81.8597050250628370
65.6292915712092930 75.4260169009530870 86.2134193195760900 97.9923611303533450 110.7304506480652300 124.3552456353623500 138.7492478616732700 153.7480126839457200 169.1425491730334400 184.6866547150096400 200.1089440447271400 215.1282943864934800 229.4705624233829400 242.8840579951823000 255.1515398030456700 266.0973312091861100 275.5892366821099700 283.5359199084054500 289.8810383614226100 294.5956482101417500 297.6702776706604800 299.1077635010186700 298.9175937645520700 297.1121911210851700 293.7053403032908800 288.7128038141426000 282.1550487605246600 274.0618830986045400 264.4786328052781500 253.4732601088873000 241.1435348779177200 227.6230790157142100 213.0849095121356000 197.7411449940872800 181.8379320866955600 165.6454188647312000 149.4436238536484900 133.5060349409538400 118.0833796931193000 103.3899979828117200 89.5946151286208310
69.1059926674544870 80.2259607479459050 92.5975539231042010 106.2444077276636300 121.1482486934994500 137.2378016155121300 154.3796704133429200 172.3734591987228600 190.9533754164212400 209.7978096433359100 228.5468773745863300 246.8259650422819200 264.2716094387290000 280.5552710384318400 295.4011007034430300 308.5954269174964100 319.9877337921585600 329.4846198650991500 337.0391783824598000 342.6383824229008000 346.2906393858036700 348.0150265938093500 347.8330909004131400 345.7636244615533800 341.8205423999496000 336.0138446206086100 328.3535707312490800 318.8565723872861200 307.5557550397042500 294.5111240783527900 279.8214943428829400 263.6351481479587700 246.1572221071052100 227.6514348146154700 208.4342262683235600 188.8606167712321200 169.3029382045740500 150.1254954147854100 131.6594397939397500 114.1821344759210300 97.9040421892893850
72.2877285164131960 84.8594736581114120 99.0052287612463430 114.7853589934999300 132.2086811890102900 151.2147414410296200 171.6577548983863200 193.2959904935146100 215.7907971051629900 238.7185617905561200 261.5963578122826300 283.9183629846510300 305.1966612392535600 324.9984051887584000 342.9723894416417800 358.8613599705807900 372.5003183184890600 383.8040915226336000 392.7487505144309200 399.3512241317627600 403.6503404038802500 405.6912184075842400 405.5138683238689100 403.1461904371845400 398.6012644929044200 391.8787723007087000 382.9704598877108300 371.8695842258283100 358.5841731466073800 343.1535377309647900 325.6667389805600100 306.2806583099915100 285.2341870600761200 262.8543222277610900 239.5502909501162500 215.7937298082901500 192.0862938830677800 168.9198293052920700 146.7367848615815500 125.8985733416574100 106.6670577320156800
74.9716778434803500 89.1017857713873410 105.1973923753114900 123.3753255725916100 143.6913867616781000 166.1127689312042400 190.4906460696875300 216.5389992871292000 243.8273371046974200 271.7942834096834300 299.7849223480058600 327.1078015596371000 353.1003354167955900 377.1877849013938000 398.9231919994947500 418.0024159722228200 434.2561047817914600 447.6256291862919200 458.1314813184526400 465.8412556364449400 470.8417486948341100 473.2172722343921100 473.0346014341952200 470.3341472727559600 465.1267496860895100 457.3956777900577900 447.1037648117099900 434.2059024699380000 418.6671809785355000 400.4865767921365900 379.7250543251536200 356.5351651103065900 331.1869260314789500 304.0827276936505000 275.7536396349523800 246.8321582778162100 218.0024835437441500 189.9369491981040600 163.2326478409885300 138.3624535430923000 115.6493511831024000
