MFC+VTK/函数库及接口制作/重磁三维基本处理/石达三分量转换及求梯度/立方体磁异常.grd
DSAA
127	128
0.000000	992.125977
0.000000	1200.000000
-627.2206215798329400	1055.6657910029173000
[rows 54 to 71 of 128, columns 82 to 122 of 127]
-201.9040774200949800 -201.0079128011216500 -195.6986385175070500 -187.4936019236300200 -177.5625378506118800 -166.7611443555815900 -155.6890652834959200 -144.7493941945816700 -134.2003239559483300 -124.1964240295040700 -114.8200617863121500 -106.1045660589263700 -98.0509102668422090 -90.6395062226227990 -83.8384037746000960 -77.6088969204040500 -71.9092849795832480 -66.6973369800963380 -61.9318546078901730 -57.5736156403620210 -53.5858970775507120 -49.9347176329797550 -46.5888967602709410 -43.5199972981094450 -40.7021976230550140 -38.1121243553929650 -35.7286663162952460 -33.5327832651987020 -31.5073180080888590 -29.6368170944625220 -27.9073630402158880 -26.3064194929640960 -24.8226897613406160 -23.4459884982555910 -22.1671259422422690 -20.9778039043330720 -19.8705225818777930 -18.8384972481591040 -17.8755838805514530 -16.9762128326805670 -16.1353297140522970
-219.2268117901905400 -215.4807685654602100 -207.7341723552022500 -197.4691786816278500 -185.8133375122789100 -173.5781222694636800 -161.3203292198954800 -149.4036450858683100 -138.0513180412834800 -127.3877344182205300 -117.4696881286963200 -108.3091437152513100 -99.8894088703795120 -92.1763945734969640 -85.1263077873060180 -78.6908021631795550 -72.8203445413172550 -67.4663455275008910 -62.5824448599008040 -58.1252267582906230 -54.0545572101914760 -50.3336759088388990 -46.9291337858671510 -43.8106378444243060 -40.9508446630384810 -38.3251298825651010 -35.9113513300963660 -33.6896168456917880 -31.6420634229534170 -29.7526512952359390 -28.0069746386791180 -26.3920892978992330 -24.8963571510326500 -23.5093062616189240 -22.2215057095057420 -21.0244538791075610 -19.9104789590681430 -18.8726504403283820 -17.9047004649122240 -17.0009539616432760 -16.1562665962634430
-235.2158636923922500 -228.4753258953462600 -218.2335506200419700 -205.9162791370630400 -192.5894339590942900 -179.0039612556224100 -165.6610401815299300 -152.8755098566757600 -140.8290645152737000 -129.6115447770926900 -119.2514993911677800 -109.7380744445819400 -101.0362990937202000 -93.0975274132910040 -85.8664169101990350 -79.2854777972445960 -73.2979450707103690 -67.8495093420083320 -62.8892827236766720 -58.3702608735842930 -54.2494605146243030 -50.4878543607616880 -47.0501854757350560 -43.9047155506192150 -41.0229427090995670 -38.3793116003800350 -35.9509298599162150 -33.7172992117738060 -31.6600656478853180 -29.7627906233846030 -28.0107436221757450 -26.3907154752099620 -24.8908512502078950 -23.5005012392431710 -22.2100884508991850 -21.0109910055368660 -19.8954378901517760 -18.8564166256232750 -17.8875915147197730 -16.9832312610223330 -16.1381448712800120
-249.6874980387526900 -239.8011656175154100 -227.0176030964865700 -212.6765808708913700 -197.7569924601892200 -182.9291857100512900 -168.6238840655389600 -155.0967356576239800 -142.4810880847294900 -130.8280839565594200 -120.1357455666743700 -110.3693889610233300 -101.4755774607575600 -93.3914283795863300 -86.0506594848722270 -79.3873917069320210 -73.3384333267631800 -67.8445533019250040 -62.8510939987931180 -58.3081621230400490 -54.1705588385981970 -50.3975563581330020 -46.9525915387778530 -43.8029220631832250 -40.9192739740928670 -38.2754980962149460 -35.8482454498976610 -33.6166669115290520 -31.5621392660728830 -29.6680178550643280 -27.9194148571273570 -26.3030015832419080 -24.8068328452907320 -23.4201913448663390 -22.1334500469783530 -20.9379505996732430 -19.8258959966142780 -18.7902558366889710 -17.8246826960466360 -16.9234382845785450 -16.0813282077398050
-262.2806744169554900 -249.1413128236417800 -233.8221798065717400 -217.5388224276502200 -201.1526536350392900 -185.2310901152330300 -170.1191118751791300 -156.0033924235577300 -142.9631519203048500 -131.0078083693417700 -120.1036357764414200 -110.1920228053111400 -101.2016277762569400 -93.0562422054692040 -85.6797087936729160 -78.9988571750791660 -72.9451301467237130 -67.4553618804968240 -62.4720202695251600 -57.9431218903061880 -53.8219570536783890 -50.0667142765285430 -46.6400611588679010 -43.5087170975135960 -40.6430390404637050 -38.0166321981976550 -35.6059916520001070 -33.3901770303036760 -31.3505201154720230 -29.4703638951419220 -27.7348308422805550 -26.1306178786745210 -24.6458153919654710 -23.2697477413728320 -21.9928328370525040 -20.8064585708883950 -19.7028740857127220 -18.6750940799655330 -17.7168145463058340 -16.8223385293766410 -15.9865106590660100
-272.4342912059647700 -256.0489534833471300 -238.3053915927000000 -220.2505092404332500 -202.5960719402647500 -185.7852223066872200 -170.0641917159025500 -155.5435493328801000 -142.2451273024883000 -130.1357558803644000 -119.1504869719925200 -109.2080414204892200 -100.2207573483227300 -92.1007681123509200 -84.7636560488601840 -78.1304518540409700 -72.1285733788998870 -66.6921023321487780 -61.7616624455169470 -57.2840709173698310 -53.2118733451303000 -49.5028314052423330 -46.1194055829215590 -43.0282576911632260 -40.1997866200927660 -37.6077036055679270 -35.2286488843528790 -33.0418489593129790 -31.0288122071326810 -29.1730598008209650 -27.4598886201371040 -25.8761627993136930 -24.4101307040214690 -23.0512643544518450 -21.7901185802773090 -20.6182074703233940 -19.5278959503993010 -18.5123045788570910 -17.5652258809461940 -16.6810507550062290 -15.8547036701587060
-279.4024932670544700 -259.9765884757129000 -240.0799646988995200 -220.5477898702803300 -201.9149482486044200 -184.4851156910165700 -168.3987185062222200 -153.6881894098514700 -140.3187816096864800 -128.2169784655700100 -117.2894304308202600 -107.4351081603133500 -98.5527919651363220 -90.5454491638633530 -83.3225863192775480 -76.8013164387701150 -70.9066346015112860 -65.5712253840009400 -60.7350104948648100 -56.3445684808068280 -52.3525080087456520 -48.7168434755246550 -45.4004006500444390 -42.3702667222030200 -39.5972908524184530 -37.0556363091084650 -34.7223823832297920 -32.5771727066767480 -30.6019058756164170 -28.7804640642652030 -27.0984753990007550 -25.5431061134129220 -24.1028788388916410 -22.7675137482682080 -21.5277896334659470 -20.3754223450273810 -19.3029583375390250 -18.3036813546672580 -17.3715305429880690 -16.5010285095007420 -15.6872180360045890
-282.3387340971756900 -260.3534374169225300 -238.7773170158317300 -218.2050761403588100 -198.9817518510100700 -181.2685904521873700 -165.1027819507560300 -150.4437679141215400 -137.2061952683024500 -125.2820648546244400 -114.5549433251221100 -104.9086650011523400 -96.2323525943051550 -88.4230531707224260 -81.3868741495183200 -75.0392074522223990 -69.3044245382541110 -64.1152865324515350 -59.4122219275798500 -55.1425645128746570 -51.2598056760177410 -47.7228908044776500 -44.4955742874577350 -41.5458383475985190 -38.8453754719007240 -36.3691311659728030 -34.0949022175772570 -32.0029850394111150 -30.0758685890038680 -28.2979666038176060 -26.6553842871735260 -25.1357150486885460 -23.7278633850868880 -22.4218904535618290 -21.2088793205538050 -20.0808172632818330 -19.0304928476928130 -18.0514058156250460 -17.1376880819809970 -16.2840343754354750 -15.4856412585645840
-280.4710756432022000 -256.7160127072756900 -234.1404436565304900 -213.0989608182064800 -193.7566288748070100 -176.1459941972061900 -160.2152262087875800 -145.8638008239186700 -132.9669504085305800 -121.3914596016175700 -111.0053166702372800 -101.6832214911227700 -93.3094059737337890 -85.7787720353358050 -78.9970174324379850 -72.8801847560161060 -67.3539095906309910 -62.3525383961350310 -57.8182181682016820 -53.7000161732028190 -49.9531005773402230 -46.5379959017472520 -43.4199171367074110 -40.5681805643673810 -37.9556862436812920 -35.5584656737928100 -33.3552877024997230 -31.3273158644535140 -29.4578107610074650 -27.7318716660306990 -26.1362121623436040 -24.6589652299950470 -23.2895137850469640 -22.0183431949184440 -20.8369127677742090 -19.7375436266100300 -18.7133207412310800 -17.7580072034066740 -16.8659691007490840 -16.0321095762799430 -15.2518108590025840
-273.3492910306860000 -248.8683634023553900 -226.1251676218673200 -205.2708953493687700 -186.3255044196243700 -169.2229211719064200 -153.8468616272259600 -140.0562610984536000 -127.7020073948318000 -116.6372378839525400 -106.7231999548644800 -97.8322023129738910 -89.8487390638914860 -82.6695179540038940 -76.2028706187520870 -70.3678480418749640 -65.0931878763434070 -60.3162643321896610 -55.9820828627859230 -52.0423515818223950 -48.4546428685686340 -45.1816477156812650 -42.1905192525842810 -39.4522987222134990 -36.9414158331527030 -34.6352551137081830 -32.5137801923252350 -30.5592085358140220 -28.7557299149926780 -27.0892626377455490 -25.5472423340066470 -24.1184387638464490 -22.7927967396672460 -21.5612978005604320 -20.4158397538401670 -19.3491316125767700 -18.3546018131048850 -17.4263179015115130 -16.5589161386669340 -15.7475396945008690 -14.9877842928294210
-261.0746772218196800 -237.0126023317236600 -214.9721289694810500 -194.9655354407205200 -176.9194764072874800 -160.7091314980078200 -146.1837261678105900 -133.1838869158352200 -121.5525607861203500 -111.1413296506969700 -101.8136317350517000 -93.4460093666183980 -85.9281598756344210 -79.1623061953921190 -73.0622187463719830 -67.5520943156818280 -62.5654145481157400 -58.0438531676434050 -53.9362674265779130 -50.1977887101646870 -46.7890150757842280 -43.6753016918779480 -40.8261416431172890 -38.2146280846274350 -35.8169884242432840 -33.6121815714231930 -31.5815499857210750 -29.7085190993508590 -27.9783375554286060 -26.3778525403666040 -24.8953152575130120 -23.5202122778313200 -22.2431191116969130 -21.0555728728117730 -19.9499613613121200 -18.9194262831616130 -17.9577786568072890 -17.0594247420565990 -16.2193010680018830 -15.4328173415359800 -14.6958061934247990
-244.3828951362644400 -221.7787034379573200 -201.2114111805124100 -182.6245904513854200 -165.9049410001204000 -150.9081978251381600 -137.4776006391676600 -125.4560062753748500 -114.6932064427727500 -105.0498983428199200 -96.3994494628450550 -88.6282830016306060 -81.6354507471095450 -75.3317666538070940 -69.6387381722410050 -64.4874401817583300 -59.8174157759827310 -55.5756493409918160 -51.7156331735027520 -48.1965342839068140 -44.9824595980972570 -42.0418132372265490 -39.3467374197537580 -36.8726278394146550 -34.5977145041448750 -32.5026995990647260 -30.5704447229045610 -28.7857006989731230 -27.1348740050720280 -25.6058246538777470 -24.1876910659160770 -22.8707381108688780 -21.6462250425345780 -20.5062905301212550 -19.4438523984378340 -18.4525200388893470 -17.5265177523632510 -16.6606175376709160 -15.8500800558768450 -15.0906026830016610 -14.3782737186583310
-224.5081459891995900 -204.1226812223828800 -185.5876590762883900 -168.8322281867112900 -153.7438582106079800 -140.1885061433762900 -128.0247221728959900 -117.1127912076997900 -107.3201898332740700 -98.5244849532241740 -90.6145483365082640 -83.4907182160932850 -77.0643417564065490 -71.2569852904808270 -65.9994954329009150 -61.2310234630376160 -56.8980785609690610 -52.9536452778462630 -49.3563816604541190 -46.0699029235914000 -43.0621488683050020 -40.3048296182702830 -37.7729425361650470 -35.4443526241322220 -33.2994288258341630 -31.3207291231050960 -29.4927279698468960 -27.8015803121305680 -26.2349171448819620 -24.7816682114514750 -23.4319080496206880 -22.1767221173609100 -21.0080901972769850 -19.9187846795865050 -18.9022816725830970 -17.9526831853320310 -17.0646488815877080 -16.2333361210222410 -15.4543471868653770 -14.7236827567224470 -14.0377008059096330
-202.8906281065330900 -185.1342286473736700 -168.9323835355714300 -154.2292514270486700 -140.9352638672211200 -128.9428126284808200 -118.1374042999018500 -108.4050502543301300 -99.6368102365607480 -91.7313176688018500 -84.5959450327328000 -78.1470958203252910 -72.3099652037079320 -67.0180010476152860 -62.2122168295074540 -57.8404522081680310 -53.8566391720039590 -50.2201067313608650 -46.8949410357741740 -43.8494077280772960 -41.0554372649174080 -38.4881704517735340 -36.1255596160406900 -33.9480200542654490 -31.9381262239685530 -30.0803473458153190 -28.3608174683903440 -26.7671355190524200 -25.2881913606363970 -23.9140143543271720 -22.6356413784463300 -21.4450016584978510 -20.3348161242522490 -19.2985093275707700 -18.3301322288165910 -17.4242943985815730 -16.5761043862169970 -15.7811171812819810 -15.0352878460514390 -14.3349305242772240 -13.6766821420729410
-180.8757568849877100 -165.8390066826197800 -152.0328804399162300 -139.4251736256243200 -127.9555015978924900 -117.5470366287324100 -108.1152143188108100 -99.5737764943907710 -91.8387018797390910 -84.8305719086703650 -78.4758354251666500 -72.7073325594355710 -67.4643424332462870 -62.6923413027063530 -58.3425983583527880 -54.3716932200213710 -50.7410087782213710 -47.4162322074949150 -44.3668830334858550 -41.5658780187194030 -38.9891368279784200 -36.6152288661749240 -34.4250595941186790 -32.4015935024195300 -30.5296104126822100 -28.7954916415787570 -27.1870326543376000 -25.6932790490317300 -24.3043829888456810 -23.0114774948204830 -21.8065663065900490 -20.6824272934645310 -19.6325276550242870 -18.6509493767851280 -17.7323236106910120 -16.8717728270548480 -16.0648597408655860 -15.3075421487055690 -14.5961329305590650 -13.9272645695551760 -13.2978576307053940
-159.5216415595616600 -147.0646812381885700 -135.5390037742261600 -124.9330796514522900 -115.2124003906907900 -106.3277482550414700 -98.2216776650824950 -90.8332792083488700 -84.1014852579059640 -77.9672291920612680 -72.3747519669850310 -67.2723020819691730 -62.6124210455220980 -58.3519573044147890 -54.4519112156053350 -50.8771824402807840 -47.5962680122688370 -44.5809427062448690 -41.8059416683456390 -39.2486572685200060 -36.8888567577251290 -34.7084237874104890 -32.6911246008481480 -30.8223983303056460 -29.0891700396276390 -27.4796847420157810 -25.9833604567927950 -24.5906583577579770 -23.2929681442445830 -22.0825068943316330 -20.9522298122781620 -19.8957514409830760 -18.9072760664068870 -17.9815361873527810 -17.1137380599826550 -16.2995134470852750 -15.5348768124017270 -14.8161872951790310 -14.1401148860589880 -13.5036102979558980 -12.9038780917809140
-139.5393062549125600 -129.3903876139461900 -119.9223774562140600 -111.1376214075826300 -103.0205759335756900 -95.5432754057582940 -88.6698768036762740 -82.3602050000659460 -76.5723743948213100 -71.2646322287054520 -66.3965858070890250 -61.9299644678046590 -57.8290436346139960 -54.0608320943708090 -50.5950994310550970 -47.4043002194415660 -44.4634354712952840 -41.7498795577032380 -39.2431917594066630 -36.9249250454757600 -34.7784400435100740 -32.7887289468944520 -30.9422519143992010 -29.2267870614765290 -27.6312942014608720 -26.1457919109266470 -24.7612471530017720 -23.4694765139573500 -22.2630580378404730 -21.1352526409132580 -20.0799341259067750 -19.0915268779649380 -18.1649503986357170 -17.2955699111891160 -16.4791523486012360 -15.7118271084754650 -14.9900510279665400 -14.3105770943676590 -13.6704264631260290 -13.0668634058360380 -12.4973728555791260
-121.3258193534765600 -113.1602887057486700 -105.4792831659095600 -98.2925943540724060 -91.5967418665497920 -85.3783802300192750 -79.6173004839864400 -74.2889107892937370 -69.3661836050697640 -64.8211167250086930 -60.6257827829394390 -56.7530482169931360 -53.1770373486049410 -49.8734065363591980 -46.8194811876120410 -43.9942968462413400 -41.3785755667127830 -38.9546606060384590 -36.7064260402324930 -34.6191730081242210 -32.6795206286019490 -30.8752969616272140 -29.1954334598876530 -27.6298649979351720 -26.1694366217843670 -24.8058175195269900 -23.5314222886892070 -22.3393393034097620 -21.2232658196889720 -20.1774493660509510 -19.1966349249152510 -18.2760174011189420 -17.4111988867842520 -16.5981502555024110 -15.8331766510582330 -15.1128864709298640 -14.4341634800708700 -13.7941417256254530 -13.1901829561125080 -12.6198562797777960 -12.0809198243982970
