MFC+VTK/函数库及接口制作/重磁三维基本处理/石达三分量转换及求梯度/立方体磁异常_Hay.grd
DSAA
127 128
0 992.126
0 1200
-682.365 655.061
[rows 58 to 86 of 128, columns 0 to 64 of 127]
7.95398 7.40019 7.33724 7.26882 7.37171 7.47825 7.69701 7.92729 8.24858 8.58973 9.01431 9.46845 10.0059 10.5847 11.2523 11.9759 12.7993 13.6973 14.7121 15.826 17.0811 18.4678 20.0302 21.7678 23.7295 25.926 28.4146 31.2206 34.4145 38.0417 42.193 46.9419 52.4094 58.7084 66.0036 74.4624 84.3093 95.7816 109.176 124.804 143.021 164.163 188.538 216.307 247.377 281.164 316.345 350.539 380.179 400.748 407.78 398.409 372.767 334.067 287.308 237.484 188.417 142.406 100.456 62.6683 28.6061 -2.44916 -31.3332 -58.9138 -86.0419
7.54282 6.94736 6.84098 6.72668 6.78059 6.83511 6.99784 7.16824 7.4246 7.69593 8.04443 8.41624 8.8636 9.34432 9.90418 10.5099 11.2031 11.9582 12.8145 13.7533 14.8137 15.9842 17.3052 18.7735 20.4332 22.2913 24.3986 26.7753 29.4836 32.5614 36.0886 40.1281 44.7867 50.1628 56.4022 63.6527 72.1152 82.0021 93.5823 107.14 123.002 141.488 162.895 187.398 214.949 245.063 276.579 307.35 334.107 352.664 358.848 349.981 326.208 290.583 247.817 202.573 158.364 117.25 80.0832 46.8852 17.1993 -9.67333 -34.5245 -58.1627 -81.3755
7.12517 6.49093 6.34243 6.18368 6.18959 6.19321 6.3008 6.41234 6.6047 6.80728 7.08071 7.37141 7.72987 8.11398 8.56755 9.05713 9.62215 10.2363 10.9365 11.703 12.5717 13.5294 14.6127 15.8158 17.1781 18.7026 20.4341 22.3871 24.6156 27.1497 30.0582 33.3928 37.2452 41.6979 46.8765 52.9068 59.9622 68.2261 77.9325 89.3295 102.707 118.349 136.529 157.415 180.992 206.864 234.042 260.655 283.814 299.778 304.791 296.446 274.91 243.003 205.02 165.164 126.545 90.9407 59.0348 30.7831 5.73001 -16.7772 -37.4616 -57.0494 -76.2438
6.70319 6.03331 5.84426 5.64282 5.60205 5.55627 5.61003 5.66422 5.79402 5.9295 6.12956 6.34107 6.61269 6.90252 7.25237 7.62873 8.06877 8.5458 9.09403 9.6929 10.3751 11.126 11.9784 12.9241 13.9976 15.1984 16.565 18.1066 19.869 21.8744 24.1804 26.8276 29.8922 33.4402 37.5759 42.4016 48.0611 54.705 62.5277 71.7345 82.5674 95.2631 110.052 127.079 146.337 167.505 189.762 211.543 230.412 243.195 246.7 238.892 219.974 192.431 159.995 126.267 93.8663 64.2502 37.9408 14.8501 -5.44763 -23.5314 -40.0318 -55.5725 -70.7542
6.27905 5.57685 5.34909 5.10699 5.0212 4.92786 4.92951 4.92828 4.99744 5.06802 5.197 5.33194 5.51953 5.7183 5.96796 6.23513 6.55467 6.89966 7.30168 7.73948 8.24263 8.79531 9.42639 10.1257 10.9229 11.8142 12.8322 13.9809 15.2981 16.7987 18.5293 20.5195 22.8301 25.5113 28.6456 32.3117 36.6229 41.6957 47.6823 54.7413 63.0604 72.8204 84.1957 97.2907 112.088 128.316 145.311 161.824 175.918 185.088 186.829 179.585 163.594 140.919 114.582 87.4657 61.6376 38.226 17.6094 -0.315017 -15.9154 -29.6743 -42.1122 -53.7374 -65.0378
5.85485 5.12379 4.85941 4.57893 4.45007 4.31132 4.26294 4.20861 4.21953 4.22788 4.28864 4.35022 4.4573 4.56899 4.72287 4.88586 5.0905 5.30985 5.57285 5.85781 6.19126 6.55633 6.97828 7.44508 7.98192 8.58213 9.27234 10.0523 10.9521 11.9798 13.1717 14.547 16.1524 18.0227 20.2198 22.7997 25.8466 29.4435 33.7013 38.7322 44.6687 51.6337 59.7413 69.047 79.5097 90.8955 102.679 113.914 123.17 128.646 128.583 121.95 109.022 91.3752 71.2518 50.769 31.4356 14.0686 -1.07117 -14.0775 -25.2438 -34.9457 -43.588 -51.5616 -59.241
5.43262 4.67628 4.37756 4.06119 3.89147 3.70977 3.61376 3.50901 3.46447 3.4137 3.40958 3.40157 3.43226 3.46153 3.52481 3.58949 3.68582 3.787 3.91945 4.0612 4.23591 4.4259 4.65303 4.90375 5.19908 5.52983 5.91733 6.35741 6.87319 7.46672 8.16493 8.97803 9.93946 11.0704 12.4144 14.0071 15.9059 18.1642 20.8555 24.0498 27.8301 32.2665 37.4186 43.2971 49.8395 56.8448 63.9141 70.3763 75.2719 77.446 75.8344 69.8859 59.8941 46.9641 32.5999 18.2104 4.79935 -7.08863 -17.2872 -25.872 -33.0616 -39.13 -44.3746 -49.0783 -53.5126
5.0143 4.23632 3.90572 3.55613 3.34799 3.12603 2.98507 2.83288 2.73599 2.6296 2.56437 2.491 2.44994 2.40203 2.38052 2.35348 2.34888 2.34028 2.35165 2.36099 2.38924 2.41819 2.46654 2.51959 2.59456 2.68023 2.79319 2.926 3.09566 3.29918 3.55527 3.86653 4.25511 4.73077 5.32117 6.04506 6.93751 8.02735 9.35702 10.9627 12.8875 15.1608 17.801 20.7888 24.0533 27.4331 30.6479 33.2672 34.7211 34.3762 31.707 26.5195 19.0973 10.1593 0.619425 -8.67739 -17.133 -24.4232 -30.4603 -35.3068 -39.1209 -42.0939 -44.435 -46.3378 -47.9891
4.6017 3.80577 3.44589 3.0659 2.82198 2.56263 2.37965 2.18325 2.03743 1.87922 1.75697 1.62285 1.51511 1.3957 1.29575 1.18412 1.08663 0.977335 0.877906 0.76652 0.661573 0.544638 0.431522 0.306762 0.184176 0.0510627 -0.0801475 -0.219378 -0.354912 -0.493642 -0.623752 -0.748605 -0.855319 -0.943018 -0.996729 -1.01068 -0.967158 -0.855671 -0.656819 -0.358422 0.054809 0.586289 1.23042 1.95615 2.70074 3.35179 3.73751 3.62272 2.72716 0.780476 -2.3931 -6.77584 -12.117 -17.9711 -23.8276 -29.2305 -33.8691 -37.5829 -40.3492 -42.2273 -43.3362 -43.8083 -43.7889 -43.4055 -42.7823
4.19653 3.38631 2.99985 2.5924 2.31548 2.02178 1.7999 1.56271 1.3716 1.1656 0.990732 0.800742 0.631702 0.446836 0.275152 0.0865137 -0.0953995 -0.295803 -0.49522 -0.715062 -0.939275 -1.18622 -1.44269 -1.72452 -2.02086 -2.34537 -2.68913 -3.0638 -3.462 -3.89341 -4.35173 -4.84457 -5.36622 -5.92207 -6.50659 -7.1229 -7.76558 -8.43608 -9.13012 -9.84978 -10.5956 -11.3764 -12.206 -13.1117 -14.1353 -15.3376 -16.7991 -18.6114 -20.8635 -23.6078 -26.8302 -30.4158 -34.1578 -37.7841 -41.0273 -43.6669 -45.573 -46.6937 -47.0547 -46.719 -45.7841 -44.3461 -42.5089 -40.3565 -37.972
3.80036 2.97946 2.56922 2.13729 1.83027 1.50539 1.24784 0.973449 0.740858 0.491275 0.268364 0.0275935 -0.197134 -0.441192 -0.677637 -0.935471 -1.19304 -1.47468 -1.76297 -2.07868 -2.4079 -2.76866 -3.15003 -3.56785 -4.01382 -4.50202 -5.02645 -5.59973 -6.21793 -6.89243 -7.62109 -8.41416 -9.2711 -10.2011 -11.2051 -12.2912 -13.4618 -14.7246 -16.0836 -17.5468 -19.1211 -20.8167 -22.645 -24.6199 -26.7576 -29.0731 -31.5786 -34.2719 -37.1317 -40.0982 -43.0744 -45.9169 -48.4628 -50.5429 -52.0237 -52.8125 -52.88 -52.2368 -50.939 -49.0544 -46.6698 -43.8607 -40.7074 -37.2684 -33.6032
3.41459 2.58657 2.15535 1.70199 1.36785 1.01499 0.725145 0.417201 0.147047 -0.1418 -0.408056 -0.694403 -0.969085 -1.26595 -1.56007 -1.87917 -2.20353 -2.55645 -2.9224 -3.32136 -3.74131 -4.19972 -4.68763 -5.22056 -5.79232 -6.41695 -7.09076 -7.82669 -8.62339 -9.49296 -10.4362 -11.4646 -12.581 -13.7962 -15.115 -16.5477 -18.1003 -19.7825 -21.6013 -23.5649 -25.6799 -27.9514 -30.3828 -32.9716 -35.7106 -38.5796 -41.547 -44.5569 -47.5343 -50.3733 -52.9528 -55.1344 -56.793 -57.819 -58.1486 -57.7515 -56.6472 -54.876 -52.5088 -49.6145 -46.2745 -42.5527 -38.5174 -34.2137 -29.6906
3.0405 2.20877 1.75942 1.28765 0.929396 0.551835 0.233082 -0.104704 -0.40845 -0.732202 -1.03706 -1.36374 -1.68261 -2.02589 -2.37058 -2.74304 -3.12538 -3.53971 -3.97227 -4.44203 -4.93873 -5.47898 -6.05556 -6.68335 -7.3579 -8.09277 -8.88608 -9.75046 -10.6864 -11.706 -12.8118 -14.0154 -15.3215 -16.7412 -18.2806 -19.95 -21.7565 -23.7086 -25.8128 -28.0739 -30.4948 -33.0729 -35.802 -38.6648 -41.6365 -44.6739 -47.7214 -50.6983 -53.5105 -56.0415 -58.1743 -59.7878 -60.7871 -61.0975 -60.6899 -59.5613 -57.7505 -55.3073 -52.3059 -48.8125 -44.9037 -40.6367 -36.0738 -31.2543 -26.2239
2.67918 1.84704 1.38236 0.89519 0.51584 0.116817 -0.227433 -0.591362 -0.924728 -1.27904 -1.61777 -1.97959 -2.33694 -2.72032 -3.1086 -3.52667 -3.95835 -4.42448 -4.91291 -5.44146 -6.00142 -6.60838 -7.2566 -7.96003 -8.71565 -9.53617 -10.4211 -11.3822 -12.4213 -13.5497 -14.771 -16.0959 -17.53 -19.083 -20.7616 -22.574 -24.5268 -26.6254 -28.874 -31.2726 -33.819 -36.5028 -39.3096 -42.2106 -45.1704 -48.1333 -51.0339 -53.7844 -56.2907 -58.4423 -60.1371 -61.2739 -61.7812 -61.6049 -60.733 -59.1723 -56.966 -54.1626 -50.833 -47.0373 -42.8474 -38.315 -33.4996 -28.4381 -23.1766
2.33158 1.50216 1.02492 0.525282 0.127822 -0.289461 -0.655831 -1.04225 -1.40131 -1.78192 -2.14987 -2.54174 -2.93198 -3.34931 -3.77441 -4.23059 -4.70331 -5.21202 -5.74606 -6.32199 -6.93245 -7.59188 -8.29577 -9.05697 -9.87356 -10.7572 -11.7082 -12.7375 -13.8473 -15.0479 -16.3432 -17.7426 -19.2515 -20.8778 -22.6274 -24.506 -26.5184 -28.6664 -30.9512 -33.3675 -35.9086 -38.5574 -41.2936 -44.0815 -46.8803 -49.6296 -52.2637 -54.6973 -56.8449 -58.6087 -59.9042 -60.6482 -60.787 -60.2794 -59.1218 -57.3226 -54.9231 -51.9657 -48.5146 -44.6227 -40.356 -35.7618 -30.8971 -25.798 -20.5121
1.9985 1.17473 0.687612 0.178367 -0.234279 -0.666695 -1.05188 -1.45723 -1.83816 -2.2409 -2.63356 -3.05056 -3.46831 -3.91369 -4.36911 -4.85626 -5.36214 -5.90472 -6.47471 -7.08735 -7.73645 -8.43517 -9.18008 -9.98272 -10.8421 -11.7685 -12.763 -13.835 -14.9873 -16.2283 -17.5623 -18.9965 -20.5361 -22.1863 -23.9522 -25.8364 -27.8417 -29.9661 -32.2079 -34.5571 -37.0038 -39.5256 -42.0992 -44.6852 -47.2419 -49.7094 -52.0265 -54.1151 -55.9017 -57.3023 -58.2492 -58.6742 -58.5372 -57.8053 -56.4792 -54.566 -52.1025 -49.1236 -45.6861 -41.8352 -37.631 -33.116 -28.3452 -23.3534 -18.1895
1.68057 0.865185 0.370787 -0.145329 -0.570322 -1.01485 -1.41564 -1.83648 -2.23558 -2.65646 -3.0695 -3.50692 -3.94704 -4.41488 -4.89447 -5.40588 -5.93752 -6.50588 -7.10289 -7.74239 -8.41927 -9.14532 -9.91798 -10.7474 -11.6334 -12.5847 -13.6028 -14.6957 -15.8662 -17.121 -18.4642 -19.9009 -21.4354 -23.0708 -24.8106 -26.6544 -28.6035 -30.6521 -32.7963 -35.0224 -37.3182 -39.6584 -42.0183 -44.3577 -46.637 -48.7994 -50.7907 -52.5416 -53.991 -55.068 -55.7191 -55.8883 -55.546 -54.6651 -53.2485 -51.3009 -48.8545 -45.9372 -42.5984 -38.876 -34.8246 -30.4817 -25.8997 -21.1121 -16.1679
1.37827 0.573798 0.0745939 -0.445785 -0.880398 -1.33415 -1.74747 -2.18052 -2.59424 -3.02947 -3.45877 -3.91216 -4.36982 -4.85486 -5.35291 -5.88234 -6.43292 -7.0196 -7.63548 -8.29291 -8.98779 -9.73045 -10.5191 -11.3626 -12.2609 -13.2217 -14.2466 -15.3419 -16.5105 -17.7572 -19.0857 -20.4991 -22.0009 -23.5918 -25.2741 -27.0447 -28.9032 -30.8411 -32.8527 -34.9219 -37.0351 -39.1656 -41.2894 -43.367 -45.3623 -47.2232 -48.9035 -50.3424 -51.4903 -52.2877 -52.693 -52.6599 -52.1667 -51.1905 -49.7358 -47.8048 -45.4257 -42.62 -39.431 -35.8897 -32.0455 -27.9314 -23.5968 -19.0729 -14.4083
1.09194 0.300684 -0.20098 -0.723163 -1.1648 -1.62503 -2.04795 -2.49009 -2.9151 -3.36109 -3.80279 -4.26801 -4.73869 -5.23608 -5.74729 -6.28903 -6.85232 -7.45058 -8.07797 -8.74539 -9.44957 -10.1994 -10.9939 -11.8402 -12.739 -13.6961 -14.7137 -15.7962 -16.9465 -18.1677 -19.4629 -20.8333 -22.2818 -23.8066 -25.4093 -27.0843 -28.8301 -30.6359 -32.4951 -34.3899 -36.3067 -38.2183 -40.1022 -41.9211 -43.6431 -45.2213 -46.6169 -47.7775 -48.6634 -49.2245 -49.4288 -49.2378 -48.6361 -47.6039 -46.1467 -44.2647 -41.9828 -39.3172 -36.306 -32.9744 -29.3671 -25.5124 -21.4568 -17.2288 -12.8753
0.821789 0.0458201 -0.456103 -0.977792 -1.424 -1.88814 -2.31791 -2.76623 -3.19938 -3.65281 -4.1033 -4.5765 -5.05605 -5.56135 -6.0809 -6.62977 -7.20018 -7.804 -8.43639 -9.10677 -9.81268 -10.5616 -11.353 -12.1928 -13.0819 -14.0248 -15.0235 -16.0811 -17.2003 -18.3824 -19.6304 -20.9434 -22.3238 -23.7679 -25.2765 -26.8421 -28.4624 -30.1251 -31.8234 -33.5382 -35.2567 -36.9522 -38.6045 -40.1785 -41.6474 -42.9688 -44.1113 -45.0293 -45.6918 -46.0563 -46.0988 -45.7868 -45.1098 -44.0503 -42.6149 -40.8021 -38.6342 -36.1231 -33.3026 -30.1931 -26.8348 -23.252 -19.488 -15.5682 -11.5374
0.567899 -0.190943 -0.69108 -1.21015 -1.65864 -2.12429 -2.55832 -3.01012 -3.44851 -3.9063 -4.36227 -4.83994 -5.32458 -5.83375 -6.35731 -6.90869 -7.48123 -8.08531 -8.71699 -9.38427 -10.0854 -10.8265 -11.6075 -12.433 -13.3042 -14.224 -15.1949 -16.2181 -17.2965 -18.4297 -19.6203 -20.866 -22.1686 -23.5228 -24.9289 -26.3779 -27.8673 -29.3835 -30.92 -32.4573 -33.9837 -35.4735 -36.9091 -38.2582 -39.4982 -40.5917 -41.5131 -42.2233 -42.698 -42.9013 -42.8153 -42.4124 -41.686 -40.6207 -39.2235 -37.492 -35.4463 -33.095 -30.4683 -27.5824 -24.4738 -21.1631 -17.6902 -14.0776 -10.3672
0.330232 -0.409872 -0.906338 -1.42084 -1.86948 -2.33445 -2.77036 -3.22315 -3.66409 -4.12343 -4.58187 -5.06084 -5.54715 -6.05659 -6.58029 -7.13011 -7.70043 -8.30016 -8.92622 -9.58524 -10.2761 -11.0036 -11.7682 -12.5731 -13.4198 -14.3099 -15.2459 -16.2278 -17.2583 -18.3355 -19.4622 -20.6342 -21.8533 -23.1128 -24.4128 -25.7431 -27.1013 -28.473 -29.8522 -31.2197 -32.5652 -33.864 -35.1014 -36.2478 -37.2846 -38.1786 -38.9098 -39.4439 -39.7628 -39.8353 -39.649 -39.1798 -38.4245 -37.3689 -36.021 -34.3773 -32.4564 -30.2642 -27.828 -25.1605 -22.2949 -19.2483 -16.0576 -12.7421 -9.34113
0.108649 -0.611332 -1.10241 -1.61057 -2.05742 -2.51968 -2.9553 -3.40681 -3.84788 -4.30623 -4.76441 -5.24183 -5.72677 -6.2333 -6.75376 -7.29846 -7.86279 -8.45424 -9.07053 -9.71696 -10.3931 -11.1023 -11.8457 -12.6249 -13.4421 -14.2974 -15.1935 -16.129 -17.1069 -18.1238 -19.1824 -20.2775 -21.4106 -22.574 -23.7678 -24.9809 -26.2112 -27.444 -28.6741 -29.8826 -31.0608 -32.1854 -33.2445 -34.2107 -35.0694 -35.7911 -36.3601 -36.7467 -36.9374 -36.9053 -36.6419 -36.1264 -35.3579 -34.3237 -33.0321 -31.479 -29.6819 -27.6444 -25.3914 -22.9328 -20.2989 -17.5036 -14.5809 -11.5472 -8.43884
-0.0970864 -0.795778 -1.27991 -1.78015 -2.22344 -2.68116 -3.11451 -3.5627 -4.0017 -4.45679 -4.91229 -5.38564 -5.86654 -6.36738 -6.88166 -7.41821 -7.97333 -8.55321 -9.15627 -9.78659 -10.4443 -11.1316 -11.8498 -12.5998 -13.3836 -14.2005 -15.0532 -15.9393 -16.8615 -17.8158 -18.8046 -19.8218 -20.8688 -21.9372 -23.0272 -24.1272 -25.2354 -26.3372 -27.4283 -28.4902 -29.5161 -30.484 -31.3843 -32.1922 -32.8964 -33.4703 -33.9023 -34.1663 -34.2527 -34.1379 -33.8168 -33.2709 -32.5015 -31.4968 -30.2657 -28.8035 -27.1267 -25.2373 -23.158 -20.8964 -18.4802 -15.9206 -13.2488 -10.4784 -7.64314
-0.287291 -0.963736 -1.43955 -1.93045 -2.36857 -2.82014 -3.24944 -3.69249 -4.12746 -4.57729 -5.02796 -5.49504 -5.96957 -6.46234 -6.96792 -7.49375 -8.037 -8.60258 -9.18962 -9.801 -10.4374 -11.0999 -11.7903 -12.5082 -13.2562 -14.0323 -14.8394 -15.6742 -16.5396 -17.4304 -18.3494 -19.2893 -20.2521 -21.2284 -22.2187 -23.2113 -24.2049 -25.1849 -26.148 -27.0766 -27.9652 -28.7934 -29.5538 -30.2237 -30.7947 -31.2429 -31.5601 -31.723 -31.7253 -31.5461 -31.1831 -30.6196 -29.8586 -28.8892 -27.7206 -26.3478 -24.7864 -23.037 -21.1208 -19.0431 -16.8294 -14.4885 -12.0492 -9.52246 -6.93936
-0.462353 -1.1158 -1.58206 -2.06241 -2.49395 -2.93792 -3.36158 -3.79788 -4.2271 -4.66991 -5.11389 -5.57281 -6.03897 -6.52165 -7.01643 -7.52941 -8.0586 -8.60768 -9.17648 -9.76675 -10.3797 -11.0153 -11.6759 -12.36 -13.0704 -13.8043 -14.5649 -15.3478 -16.1562 -16.9842 -17.8344 -18.6993 -19.5808 -20.4691 -21.3653 -22.2573 -23.1444 -24.0125 -24.859 -25.6673 -26.4333 -27.1379 -27.7759 -28.3263 -28.7832 -29.1252 -29.3467 -29.4269 -29.3621 -29.1337 -28.7415 -28.1705 -27.425 -26.4947 -25.3891 -24.103 -22.6512 -21.0333 -19.2689 -17.3616 -15.3349 -13.1955 -10.97 -8.66697 -6.31507
-0.622726 -1.2526 -1.70826 -2.17698 -2.60068 -3.0358 -3.45245 -3.88061 -4.30256 -4.73683 -5.17252 -5.62168 -6.07778 -6.54868 -7.03092 -7.52933 -8.04271 -8.57361 -9.12246 -9.69 -10.2779 -10.8853 -11.5147 -12.1639 -12.836 -13.5273 -14.2412 -14.9726 -15.7248 -16.4913 -17.2751 -18.0679 -18.872 -19.6774 -20.4855 -21.2841 -22.0734 -22.8393 -23.5806 -24.2812 -24.9384 -25.5345 -26.0658 -26.5133 -26.8731 -27.1258 -27.268 -27.2811 -27.1635 -26.8984 -26.4875 -25.9168 -25.1919 -24.303 -23.2598 -22.0568 -20.7084 -19.2131 -17.5893 -15.8391 -13.9842 -12.0295 -9.99941 -7.90075 -5.75969
-0.768909 -1.37482 -1.81897 -2.27517 -2.68995 -3.11513 -3.52355 -3.94237 -4.35577 -4.78023 -5.20626 -5.6443 -6.08896 -6.54671 -7.015 -7.49751 -7.99372 -8.50515 -9.03283 -9.57652 -10.1384 -10.7167 -11.3143 -11.9282 -12.5617 -13.2106 -13.8783 -14.5593 -15.2569 -15.9642 -16.6844 -17.4087 -18.14 -18.8678 -19.5941 -20.3069 -21.0069 -21.6804 -22.3272 -22.9319 -23.4932 -23.9943 -24.4333 -24.7926 -25.0701 -25.248 -25.3251 -25.2841 -25.1256 -24.8341 -24.4126 -23.8484 -23.1478 -22.3014 -21.3192 -20.1954 -18.944 -17.5625 -16.0683 -14.4623 -12.7646 -10.9784 -9.12651 -7.21371 -5.26421
-0.901448 -1.48317 -1.91504 -2.35799 -2.76291 -3.17724 -3.5764 -3.98487 -4.38862 -4.80218 -5.21744 -5.64327 -6.07534 -6.51886 -6.97212 -7.43768 -7.91572 -8.40679 -8.91246 -9.43162 -9.96686 -10.5157 -11.0813 -11.66 -12.2554 -12.8625 -13.4853 -14.1173 -14.7625 -15.4132 -16.0731 -16.733 -17.3962 -18.0521 -18.7032 -19.3374 -19.9564 -20.5468 -21.1092 -21.629 -22.106 -22.5244 -22.8838 -23.1677 -23.3758 -23.4916 -23.5153 -23.4315 -23.2418 -22.9322 -22.5067 -21.9535 -21.2797 -20.4761 -19.5529 -18.5041 -17.3432 -16.0671 -14.6921 -13.218 -11.6638 -10.0311 -8.34104 -6.59689 -4.82095
