MFC+VTK/函数库及接口制作/重磁三维基本处理/石达三分量转换及求梯度/立方体磁异常→ΔHx分量.grd
DSAA
127 128
0.000000 992.125977
0.000000 1200.000000
-814.783752 624.013123
[rows 75 to 99 of 128, columns 58 to 115 of 127]
19.057268 21.610401 23.986826 26.166170 28.131277 29.867199 31.360474 32.598644 33.569717 34.262379 34.666355 34.773109 34.577015 34.076607 33.275951 32.185989 30.825331 29.220572 27.405842 25.421471 23.311985 21.123693 18.902121 16.689703 14.523913 12.436072 10.450843 8.586190 6.853961 5.260530 3.807804 2.494059 1.314916 0.263993 -0.666338 -1.484519 -2.199286 -2.819456 -3.353622 -3.810084 -4.196624 -4.520562 -4.788661 -5.007146 -5.181655 -5.317355 -5.418877 -5.490430 -5.535733 -5.558131 -5.560606 -5.545807 -5.516035 -5.473354 -5.419527 -5.356135 -5.284477 -5.205678
26.712309 29.183945 31.462584 33.527424 35.360741 36.947334 38.273968 39.329025 40.102329 40.585155 40.770748 40.654804 40.236469 39.519135 38.511482 37.228275 35.690708 33.926468 31.969151 29.856970 27.631248 25.334333 23.007732 20.690203 18.416277 16.215269 14.110787 12.120626 10.257134 8.527709 6.935555 5.480374 4.159220 2.967044 1.897401 0.942856 0.095487 -0.652882 -1.310352 -1.884907 -2.384116 -2.815202 -3.184900 -3.499501 -3.764745 -3.985937 -4.167885 -4.314997 -4.431197 -4.520058 -4.584758 -4.628183 -4.652844 -4.661021 -4.654670 -4.635567 -4.605206 -4.564880
31.761341 34.105644 36.252045 38.179958 39.871937 41.313004 42.490524 43.393986 44.014744 44.346329 44.384666 44.128609 43.580429 42.746696 41.638580 40.272659 38.670731 36.859859 34.871674 32.741322 30.506222 28.204416 25.873112 23.547218 21.258120 19.032885 16.893797 14.858161 12.938597 11.143335 9.476757 7.940018 6.531645 5.248119 4.084389 3.034310 2.091076 1.247475 0.496186 -0.170116 -0.758512 -1.275821 -1.728514 -2.122676 -2.463945 -2.757566 -3.008343 -3.220712 -3.398674 -3.545867 -3.665601 -3.760856 -3.834277 -3.888268 -3.924928 -3.946155 -3.953580 -3.948618
34.895542 37.086945 39.082920 40.863838 42.412865 43.715790 44.760822 45.538513 46.041668 46.265572 46.208118 45.870220 45.256256 44.374454 43.237236 41.861458 40.268444 38.483601 36.535973 34.457283 32.280930 30.040710 27.769676 25.498941 23.256781 21.067917 18.953093 16.928926 15.007987 13.199041 11.507441 9.935558 8.483343 7.148698 5.928004 4.816460 3.808500 2.897998 2.078610 1.343821 0.687242 0.102626 -0.416052 -0.874507 -1.278102 -1.631873 -1.940486 -2.208278 -2.439191 -2.636851 -2.804579 -2.945380 -3.061950 -3.156751 -3.231946 -3.289517 -3.331170 -3.358398
36.636814 38.663891 40.502735 42.134991 43.544857 44.719109 45.646915 46.319965 46.732216 46.880291 46.763519 46.384102 45.747566 44.862892 43.742695 42.403442 40.865139 39.151165 37.287735 35.303123 33.226906 31.088867 28.918184 26.742462 24.586992 22.474163 20.423120 18.449554 16.565779 14.780802 13.100654 11.528693 10.066044 8.711886 7.463925 6.318649 5.271702 4.318088 3.452480 2.669250 1.962807 1.327557 0.758060 0.249060 -0.204412 -0.607084 -0.963368 -1.277420 -1.553033 -1.793733 -2.002766 -2.183103 -2.337414 -2.468170 -2.577545 -2.667551 -2.739928 -2.796223
37.367897 39.228771 40.911381 42.398861 43.676682 44.732727 45.557217 46.142799 46.484524 46.579971 46.429337 46.035652 45.404903 44.546227 43.471851 42.197254 40.740864 39.123810 37.369514 35.502979 33.550224 31.537416 29.490221 27.433010 25.388308 23.376299 21.414494 19.517563 17.697330 15.962831 14.320502 12.774428 11.326658 9.977465 8.725676 7.568954 6.504068 5.527098 4.633704 3.819175 3.078709 2.407443 1.800547 1.253312 0.761209 0.319900 -0.074712 -0.426520 -0.739112 -1.015847 -1.259842 -1.473966 -1.660826 -1.822840 -1.962162 -2.080777 -2.180440 -2.262691
37.378437 39.077465 40.609631 41.959686 43.114471 44.062984 44.796505 45.308681 45.595276 45.654682 45.487633 45.097530 44.490406 43.675121 42.663174 41.468811 40.108723 38.601841 36.968872 35.231865 33.413631 31.537069 29.624710 27.698042 25.777061 23.879856 22.022390 20.218233 18.478607 16.812361 15.226122 13.724460 12.310120 10.984239 9.746607 8.595870 7.529807 6.545470 5.639453 4.807896 4.046801 3.352007 2.719322 2.144601 1.623799 1.152992 0.728450 0.346581 0.004054 -0.302278 -0.575362 -0.817927 -1.032465 -1.221315 -1.386559 -1.530143 -1.653784 -1.759014
36.877716 38.422894 39.813282 41.035172 42.076771 42.928238 43.581837 44.032001 44.275265 44.310471 44.138714 43.763443 43.190533 42.428268 41.487267 40.380417 39.122711 37.730904 36.223289 34.619183 32.938534 31.201410 29.427523 27.635813 25.843983 24.068230 22.322977 20.620735 18.972008 17.385353 15.867404 14.422997 13.055390 11.766356 10.556461 9.425188 8.371169 7.392313 6.486050 5.649318 4.878850 4.171173 3.522711 2.929876 2.389117 1.896947 1.450012 1.045057 0.679029 0.349019 0.052288 -0.213722 -0.451370 -0.662871 -0.850223 -1.015287 -1.159740 -1.285061
36.025490 37.427006 38.685837 39.789730 40.728188 41.492508 42.075855 42.473412 42.682232 42.701561 42.532650 42.178867 41.645683 40.940765 40.073708 39.056076 37.901188 36.623875 35.240143 33.766941 32.221680 30.621929 28.984911 27.327333 25.664843 24.011892 22.381506 20.785105 19.232502 17.731806 16.289543 14.910673 13.598766 12.356080 11.183769 10.081988 9.050090 8.086716 7.190026 6.357661 5.587037 4.875304 4.219475 3.616497 3.063293 2.556818 2.094100 1.672217 1.288417 0.940051 0.624590 0.339681 0.083114 -0.147182 -0.353094 -0.536393 -0.698679 -0.841371
34.934937 36.203926 37.341915 38.338135 39.183285 39.869652 40.391247 40.743896 40.925140 40.934460 40.773113 40.444313 39.953091 39.306408 38.512836 37.582676 36.527702 35.360928 34.096401 32.748924 31.333712 29.866095 28.361210 26.833691 25.297411 23.765244 22.248917 20.758823 19.304020 17.892178 16.529585 15.221192 13.970754 12.780858 11.653097 10.588163 9.585981 8.645814 7.766439 6.946121 6.182866 5.474405 4.818281 4.211945 3.652770 3.138132 2.665432 2.232090 1.835645 1.473713 1.143997 0.844346 0.572724 0.327207 0.106037 -0.092449 -0.269763 -0.427248
33.694000 34.841793 35.869778 36.768410 37.529507 38.146328 38.613602 38.927727 39.086613 39.089905 38.938854 38.636436 38.187210 37.597347 36.874516 36.027855 35.067684 34.005428 32.853382 31.624466 30.331957 28.989273 27.609661 26.206007 24.790560 23.374798 21.969246 20.583344 19.225410 17.902626 16.620981 15.385344 14.199521 13.066321 11.987646 10.964589 9.997540 9.086264 8.230055 7.427716 6.677775 5.978460 5.327801 4.723712 4.163982 3.646378 3.168663 2.728577 2.323951 1.952664 1.612653 1.301972 1.018760 0.761256 0.527833 0.316950 0.127190 -0.042707
32.362602 33.400284 34.328609 35.139187 35.824883 36.379753 36.799202 37.080082 37.220676 37.220695 37.081379 36.805347 36.396694 35.861000 35.204990 34.436668 33.565155 32.600410 31.553183 30.434750 29.256720 28.030813 26.768648 25.481556 24.180393 22.875347 21.575857 20.290476 19.026819 17.791559 16.590363 15.427922 14.308043 13.233626 12.206795 11.228936 10.300800 9.422550 8.593916 7.814138 7.082198 6.396761 5.756288 5.159099 4.603371 4.087231 3.608771 3.166047 2.757166 2.380255 2.033485 1.715110 1.423449 1.156904 0.913985 0.693278 0.493466 0.313382
30.988798 31.926880 32.765308 33.496750 34.114925 34.614639 34.991917 35.244022 35.369431 35.368015 35.240822 34.990322 34.620102 34.135075 33.541145 32.845402 32.055763 31.180998 30.230453 29.213989 28.141743 27.023981 25.870888 24.692430 23.498211 22.297304 21.098156 19.908495 18.735283 17.584677 16.461990 15.371724 14.317581 13.302516 12.328773 11.397943 10.511045 9.668568 8.870573 8.116684 7.406249 6.738320 6.111727 5.525156 4.977122 4.466086 3.990445 3.548539 3.138736 2.759410 2.408941 2.085787 1.788443 1.515470 1.265517 1.037297 0.829597 0.641347
29.602951 30.451241 31.208813 31.869240 32.427074 32.877758 33.217773 33.444801 33.557526 33.555832 33.440742 33.214382 32.879967 32.441788 31.905062 31.275984 30.561460 29.769167 28.907272 27.984369 27.009321 25.991125 24.938719 23.860903 22.766138 21.662516 20.557592 19.458345 18.371099 17.301538 16.254608 15.234571 14.245019 13.288865 12.368423 11.485426 10.641076 9.836109 9.070862 8.345258 7.658957 7.011338 6.401546 5.828586 5.291278 4.788375 4.318554 3.880416 3.472572 3.093615 2.742139 2.416791 2.116229 1.839176 1.584414 1.350784 1.137180 0.942626
28.231054 28.998550 29.683569 30.280426 30.784355 31.191359 31.498430 31.703524 31.805475 31.804293 31.700771 31.496881 31.195425 30.800152 30.315653 29.747334 29.101234 28.384047 27.602915 26.765371 25.879133 24.952099 23.992125 23.006958 22.004105 20.990746 19.973658 18.959131 17.952896 16.960176 15.985564 15.033069 14.106119 13.207573 12.339746 11.504458 10.703040 9.936402 9.205102 8.509301 7.848924 7.223603 6.632767 6.075693 5.551470 5.059104 4.597522 4.165566 3.762064 3.385820 3.035615 2.710280 2.408630 2.129539 1.871920 1.634735 1.416986 1.217788
26.887123 27.582102 28.202017 28.741951 29.197729 29.565876 29.843771 30.029583 30.122360 30.122063 30.029484 29.846306 29.574947 29.218779 28.781746 28.268578 27.684624 27.035650 26.327900 25.567995 24.762690 23.918911 23.043541 22.143444 21.225250 20.295374 19.359844 18.424347 17.494074 16.573814 15.667800 14.779786 13.913034 13.070303 12.253872 11.465596 10.706897 9.978812 9.282051 8.616976 7.983708 7.382115 6.811845 6.272409 5.763132 5.283242 4.831888 4.408125 4.010979 3.639442 3.292478 2.969077 2.668207 2.388885 2.130148 1.891075 1.670769 1.468438
25.584669 26.214529 26.776112 27.265156 27.677944 28.011465 28.263433 28.432253 28.517090 28.517944 28.435434 28.271135 28.027117 27.706326 27.312225 26.848944 26.321119 25.733843 25.092569 24.403046 23.671213 22.903173 22.104984 21.282675 20.442162 19.589117 18.728971 17.866814 17.007370 16.154993 15.313593 14.486679 13.677309 12.888125 12.121364 11.378872 10.662104 9.972200 9.309980 8.675953 8.070410 7.493389 6.944738 6.424162 5.931179 5.465223 5.025628 4.611640 4.222466 3.857263 3.515160 3.195299 2.896786 2.618772 2.360411 2.120891 1.899414 1.695276
24.328794 24.900259 25.409601 25.853081 26.227430 26.530085 26.758982 26.912792 26.990696 26.992792 26.919579 26.772415 26.553106 26.264286 25.908957 25.490679 25.013561 24.482027 23.900848 23.275085 22.609909 21.910717 21.182833 20.431602 19.662249 18.879837 18.089220 17.294981 16.501398 15.712443 14.931708 14.162440 13.407523 12.669464 11.950410 11.252191 10.576273 9.923850 9.295816 8.692801 8.115215 7.563246 7.036899 6.536042 6.060359 5.609454 5.182829 4.779896 4.400018 4.042507 3.706638 3.391691 3.096898 2.821533 2.564859 2.326171 2.104760 1.900006
23.126175 23.645258 24.107779 24.510479 24.850510 25.125607 25.333958 25.474379 25.546213 25.549505 25.484718 25.352999 25.156000 24.895924 24.575424 24.197695 23.766211 23.284922 22.757963 22.189787 21.584944 20.948187 20.284197 19.597712 18.893351 18.175669 17.448965 16.717402 15.984816 15.254833 14.530767 13.815609 13.112049 12.422454 11.748894 11.093140 10.456652 9.840651 9.246075 8.673640 8.123856 7.597021 7.093265 6.612599 6.154843 5.719746 5.306952 4.916018 4.546448 4.197688 3.869141 3.560216 3.270260 2.998660 2.744777 2.508002 2.287716 2.083372
21.977158 22.449194 22.869749 23.235899 23.545202 23.795650 23.985640 24.114141 24.180639 24.185087 24.127905 24.010118 23.833139 23.598948 23.309818 22.968531 22.578175 22.142159 21.664131 21.148003 20.597790 20.017664 19.411739 18.784225 18.139271 17.480864 16.812897 16.139105 15.462959 14.787767 14.116543 13.452061 12.796823 12.153056 11.522729 10.907551 10.308951 9.728154 9.166135 8.623656 8.101301 7.599459 7.118359 6.658120 6.218683 5.799919 5.401588 5.023382 4.664917 4.325763 4.005441 3.703466 3.419291 3.152408 2.902267 2.668351 2.450117 2.247093
20.884529 21.314375 21.697281 22.030701 22.312468 22.540815 22.714418 22.832279 22.893959 22.899471 22.849117 22.743820 22.584816 22.373793 22.112818 21.804258 21.450844 21.055584 20.621660 20.152504 19.651636 19.122765 18.569529 17.995651 17.404810 16.800585 16.186455 15.565777 14.941694 14.317207 13.695075 13.077868 12.467892 11.867237 11.277771 10.701122 10.138689 9.591680 9.061076 8.547679 8.052122 7.574858 7.116199 6.676353 6.255350 5.853171 5.469679 5.104667 4.757859 4.428931 4.117502 3.823191 3.545542 3.284140 3.038517 2.808237 2.592833 2.391896
19.846107 20.238018 20.587103 20.891134 21.148212 21.356789 21.515633 21.623997 21.681368 21.687813 21.643612 21.549515 21.406635 21.216440 20.980747 20.701614 20.381472 20.022894 19.628744 19.202000 18.745792 18.263384 17.757969 17.232912 16.691427 16.136755 15.571981 15.000148 14.424091 13.846536 13.270009 12.696861 12.129238 11.569096 11.018183 10.478056 9.950060 9.435381 8.934998 8.449725 7.980231 7.527019 7.090459 6.670826 6.268236 5.882750 5.514314 5.162817 4.828072 4.509844 4.207844 3.921777 3.651268 3.395988 3.155541 2.929568 2.717665 2.519487
18.862804 19.220587 19.539293 19.816940 20.051842 20.242624 20.388309 20.488043 20.541592 20.548832 20.510088 20.425993 20.297556 20.126024 19.912975 19.660267 19.369984 19.044432 18.686081 18.297604 17.881716 17.441330 16.979300 16.498569 16.002033 15.492579 14.972973 14.445951 13.914082 13.379839 12.845539 12.313323 11.785190 11.262954 10.748261 10.242582 9.747212 9.263296 8.791800 8.333541 7.889211 7.459338 7.044345 6.644560 6.260160 5.891274 5.537920 5.200065 4.877597 4.570361 4.278141 4.000725 3.737809 3.489135 3.254377 3.033239 2.825382 2.630511
17.931189 18.258278 18.549629 18.803511 19.018480 19.193304 19.327063 19.419121 19.469128 19.477070 19.443195 19.368069 19.252567 19.097780 18.905087 18.676142 18.412733 18.116922 17.790873 17.436956 17.057577 16.655304 16.232651 15.792258 15.336700 14.868563 14.390328 13.904465 13.413289 12.919049 12.423854 11.929683 11.438369 10.951599 10.470917 9.997715 9.533217 9.078533 8.634603 8.202242 7.782141 7.374861 6.980848 6.600472 6.233961 5.881497 5.543159 5.218977 4.908905 4.612852 4.330674 4.062219 3.807252 3.565578 3.336931 3.121074 2.917722 2.726632
17.051086 17.350477 17.617231 17.849760 18.046770 18.207172 18.330250 18.415291 18.462111 18.470655 18.441090 18.373968 18.270021 18.130220 17.955799 17.748163 17.508913 17.239857 16.942940 16.620205 16.273800 15.906007 15.519072 15.115321 14.697066 14.266617 13.826217 13.378067 12.924277 12.466895 12.007832 11.548913 11.091821 10.638123 10.189263 9.746548 9.311139 8.884104 8.466348 8.058677 7.661777 7.276218 6.902472 6.540933 6.191870 5.855512 5.531979 5.221359 4.923656 4.638839 4.366818 4.107501 3.860711 3.626305 3.404074 3.193830 2.995338 2.808399
