MFC+VTK/函数库及接口制作/重磁三维基本处理/石达三分量转换及求梯度/立方体磁异常_Hay.grd
DSAA
127 128
0 992.126
0 1200
-682.365 655.061
[rows 87 to 115 of 128, columns 0 to 64 of 127]
-1.02091 -1.57837 -1.99734 -2.42643 -2.82071 -3.22343 -3.61247 -4.00974 -4.40294 -4.80474 -5.20829 -5.62104 -6.03964 -6.4681 -6.9055 -7.35339 -7.81257 -8.28271 -8.76587 -9.26017 -9.76861 -10.288 -10.8218 -11.3658 -11.9239 -12.4905 -13.0697 -13.6548 -14.2499 -14.8471 -15.4502 -16.05 -16.65 -17.2397 -17.8218 -18.3848 -18.9307 -19.4466 -19.934 -20.3788 -20.782 -21.1287 -21.4197 -21.6396 -21.7893 -21.8536 -21.8342 -21.7166 -21.5038 -21.1828 -20.7585 -20.2199 -19.5743 -18.8132 -17.9466 -16.9685 -15.8917 -14.7129 -13.4473 -12.0939 -10.6702 -9.17703 -7.63371 -6.04229 -4.42337
-1.12791 -1.66115 -2.06673 -2.48149 -2.86449 -3.255 -3.63319 -4.0186 -4.4005 -4.78984 -5.18096 -5.57996 -5.98441 -6.39721 -6.81818 -7.24791 -7.68781 -8.13672 -8.59718 -9.0666 -9.54836 -10.0386 -10.5413 -11.0514 -11.5732 -12.1007 -12.6382 -13.1787 -13.7264 -14.2732 -14.8233 -15.3673 -15.9089 -16.4378 -16.9572 -17.4557 -17.9359 -18.3854 -18.8063 -19.1852 -19.5241 -19.8088 -20.0411 -20.2067 -20.3076 -20.3296 -20.2755 -20.1319 -19.9026 -19.5756 -19.1565 -18.6349 -18.0184 -17.2989 -16.4863 -15.5745 -14.5759 -13.4866 -12.3213 -11.0779 -9.7731 -8.40648 -6.99611 -5.54287 -4.06583
-1.22305 -1.73225 -2.12406 -2.52416 -2.89536 -3.27318 -3.63996 -4.01297 -4.38299 -4.75934 -5.13748 -5.52224 -5.91205 -6.3088 -6.71296 -7.12428 -7.54471 -7.97233 -8.41015 -8.85491 -9.31036 -9.77209 -10.2443 -10.7216 -11.2086 -11.6986 -12.1965 -12.6947 -13.1979 -13.6976 -14.1984 -14.6908 -15.1788 -15.6523 -16.1148 -16.5551 -16.9765 -17.3668 -17.7291 -18.0503 -18.3332 -18.5644 -18.7467 -18.8665 -18.9267 -18.9142 -18.8325 -18.6692 -18.4289 -18.1002 -17.6893 -17.1863 -16.5993 -15.9201 -15.1587 -14.3089 -13.3828 -12.376 -11.3023 -10.1594 -8.96255 -7.71072 -6.42071 -5.09241 -3.74352
-1.30695 -1.79239 -2.17018 -2.55539 -2.9144 -3.27916 -3.63409 -3.99431 -4.35201 -4.71499 -5.07975 -5.44994 -5.82481 -6.20527 -6.59245 -6.98529 -7.38624 -7.79272 -8.20814 -8.62867 -9.05841 -9.49242 -9.93526 -10.381 -10.8346 -11.289 -11.7493 -12.2078 -12.6693 -13.1252 -13.5804 -14.0252 -14.4643 -14.8873 -15.2984 -15.6865 -16.0554 -16.3933 -16.7038 -16.9745 -17.2089 -17.3942 -17.5338 -17.6151 -17.6417 -17.6012 -17.4979 -17.3201 -17.0731 -16.7461 -16.3458 -15.8626 -15.3048 -14.6645 -13.9515 -13.1596 -12.3005 -11.3695 -10.3798 -9.32826 -8.22958 -7.08184 -5.90078 -4.68543 -3.45227
-1.38024 -1.8423 -2.2059 -2.5761 -2.92263 -3.2741 -3.61685 -3.96401 -4.30908 -4.65843 -5.00956 -5.365 -5.72476 -6.08886 -6.45903 -6.83347 -7.21511 -7.60076 -7.99421 -8.3911 -8.79584 -9.20309 -9.61765 -10.0333 -10.455 -10.8758 -11.3008 -11.722 -12.1446 -12.56 -12.9731 -13.3744 -13.7688 -14.1461 -14.5108 -14.8521 -15.1742 -15.4658 -15.7308 -15.9576 -16.1499 -16.2958 -16.3993 -16.4483 -16.4472 -16.3843 -16.2644 -16.0765 -15.8263 -15.5036 -15.1155 -14.6527 -14.1236 -13.5205 -12.8532 -12.1153 -11.3181 -10.4567 -9.54373 -8.5756 -7.5661 -6.51276 -5.43032 -4.31711 -3.18851
-1.44355 -1.88268 -2.23201 -2.58718 -2.92105 -3.25909 -3.58944 -3.92337 -4.25561 -4.59121 -4.92855 -5.26919 -5.61379 -5.9616 -6.31486 -6.67113 -7.03376 -7.39901 -7.77103 -8.145 -8.52562 -8.90716 -9.29468 -9.68163 -10.0733 -10.4623 -10.8541 -11.2406 -11.6272 -12.0051 -12.3795 -12.7411 -13.0949 -13.4309 -13.7539 -14.0533 -14.3339 -14.5845 -14.8098 -14.9982 -15.1542 -15.2665 -15.3394 -15.3615 -15.3378 -15.2571 -15.1247 -14.9302 -14.6797 -14.3634 -13.9886 -13.5465 -13.0454 -12.4778 -11.8534 -11.1657 -10.4257 -9.62826 -8.78543 -7.89328 -6.96484 -5.99714 -5.00402 -3.98322 -2.94911
-1.49749 -1.91422 -2.2493 -2.58948 -2.91058 -3.23514 -3.55297 -3.87362 -4.19292 -4.51474 -4.83827 -5.16414 -5.49367 -5.82535 -6.16192 -6.50035 -6.84438 -7.18978 -7.54102 -7.89287 -8.25031 -8.60727 -8.96905 -9.32883 -9.69211 -10.0514 -10.4122 -10.7664 -11.1196 -11.463 -11.802 -12.1274 -12.4443 -12.743 -13.0286 -13.2908 -13.5345 -13.7491 -13.9394 -14.0946 -14.2194 -14.3029 -14.3501 -14.35 -14.308 -14.2134 -14.072 -13.8737 -13.6251 -13.3168 -12.956 -12.5345 -12.0605 -11.5267 -10.9425 -10.3015 -9.61426 -8.87557 -8.0969 -7.27404 -6.41931 -5.52935 -4.61716 -3.68002 -2.73137
-1.54266 -1.93757 -2.25848 -2.58381 -2.89213 -3.20323 -3.50851 -3.81588 -4.12224 -4.43033 -4.74011 -5.05136 -5.36597 -5.68178 -6.00197 -6.32297 -6.6489 -6.97508 -7.30626 -7.63687 -7.97213 -8.30569 -8.64306 -8.97721 -9.31382 -9.64524 -9.97722 -10.3015 -10.6239 -10.9356 -11.2423 -11.5346 -11.8182 -12.0834 -12.3355 -12.5645 -12.7756 -12.9585 -13.1184 -13.2447 -13.3427 -13.4019 -13.4275 -13.409 -13.3523 -13.2471 -13.0995 -12.8998 -12.6549 -12.3556 -12.0094 -11.6082 -11.1603 -10.6585 -10.1119 -9.51423 -8.87572 -8.19099 -7.47102 -6.71136 -5.9237 -5.10435 -4.26558 -3.40423 -2.53295
-1.57965 -1.95338 -2.26026 -2.57092 -2.86651 -3.16426 -3.45701 -3.7512 -4.04469 -4.33919 -4.63536 -4.9322 -5.23214 -5.5324 -5.8366 -6.14067 -6.44906 -6.75669 -7.0686 -7.3789 -7.69302 -8.00438 -8.31867 -8.62871 -8.94032 -9.24577 -9.55095 -9.84761 -10.1416 -10.4243 -10.7014 -10.9639 -11.2174 -11.4524 -11.6745 -11.874 -12.0563 -12.2114 -12.3447 -12.4461 -12.5212 -12.5597 -12.5673 -12.5339 -12.4656 -12.3525 -12.201 -12.0018 -11.7618 -11.4724 -11.141 -10.7597 -10.3368 -9.86511 -9.35372 -8.79635 -8.20279 -7.56764 -6.9014 -6.19943 -5.47286 -4.71771 -3.94556 -3.15296 -2.35179
-1.60904 -1.96225 -2.2553 -2.55155 -2.83451 -3.11907 -3.3994 -3.68057 -3.96132 -4.24242 -4.52518 -4.80789 -5.09347 -5.37858 -5.66723 -5.95491 -6.24636 -6.53618 -6.82963 -7.12056 -7.4146 -7.70496 -7.99752 -8.28492 -8.57318 -8.85446 -9.13481 -9.40595 -9.67393 -9.93005 -10.1803 -10.4156 -10.642 -10.85 -11.0454 -11.2186 -11.3755 -11.5062 -11.6165 -11.6964 -11.7518 -11.7729 -11.7656 -11.7201 -11.6427 -11.5241 -11.3706 -11.1734 -10.9395 -10.6604 -10.3438 -9.98181 -9.58273 -9.13954 -8.66103 -8.14102 -7.58895 -6.99937 -6.38234 -5.73308 -5.06218 -4.36545 -3.65385 -2.92366 -2.18609
-1.63136 -1.96475 -2.24424 -2.52636 -2.79686 -3.06844 -3.33651 -3.60486 -3.87307 -4.14103 -4.41063 -4.67954 -4.95111 -5.22152 -5.4951 -5.76698 -6.04215 -6.31491 -6.59073 -6.86325 -7.13827 -7.40882 -7.68094 -7.94717 -8.21365 -8.47249 -8.72988 -8.97752 -9.22161 -9.4535 -9.67933 -9.89014 -10.092 -10.2758 -10.4474 -10.5974 -10.7319 -10.8413 -10.9315 -10.9929 -11.0316 -11.0381 -11.0185 -10.9634 -10.8791 -10.7567 -10.6029 -10.4088 -10.1817 -9.91333 -9.61129 -9.26805 -8.89166 -8.47527 -8.02747 -7.54212 -7.02835 -6.48068 -5.90875 -5.30769 -4.68757 -4.04406 -3.38753 -2.71408 -2.03428
-1.64716 -1.96146 -2.22765 -2.49597 -2.75424 -3.01309 -3.2691 -3.52489 -3.78079 -4.0359 -4.29266 -4.54815 -4.80611 -5.06229 -5.32133 -5.578 -5.83756 -6.09403 -6.35308 -6.60815 -6.86518 -7.1171 -7.37005 -7.6165 -7.86271 -8.10076 -8.33694 -8.56299 -8.7852 -8.995 -9.19865 -9.38732 -9.56721 -9.72928 -9.87967 -10.0092 -10.124 -10.2147 -10.2875 -10.3331 -10.3577 -10.3519 -10.3222 -10.2595 -10.1703 -10.0458 -9.8927 -9.70274 -9.48295 -9.22547 -8.93777 -8.61253 -8.25767 -7.86649 -7.44735 -6.99416 -6.51575 -6.00665 -5.47609 -4.91914 -4.3454 -3.75042 -3.14405 -2.52223 -1.89495
-1.65694 -1.95286 -2.2061 -2.46099 -2.70726 -2.95368 -3.19787 -3.44139 -3.68526 -3.92787 -4.17212 -4.41458 -4.65936 -4.90182 -5.14686 -5.38896 -5.63359 -5.87454 -6.11766 -6.35622 -6.5963 -6.83072 -7.06572 -7.29374 -7.52112 -7.73993 -7.95656 -8.16279 -8.365 -8.55469 -8.73823 -8.90692 -9.06704 -9.20974 -9.34128 -9.45267 -9.55013 -9.62463 -9.68241 -9.71445 -9.72701 -9.71119 -9.67337 -9.60482 -9.51207 -9.3867 -9.23546 -9.05027 -8.8382 -8.59161 -8.31789 -8.00992 -7.67548 -7.30797 -6.91555 -6.49221 -6.04648 -5.57289 -5.0803 -4.56376 -4.03242 -3.48175 -2.92112 -2.34634 -1.76689
-1.66116 -1.93947 -2.18009 -2.42194 -2.6565 -2.89081 -3.12347 -3.35504 -3.58719 -3.81765 -4.04976 -4.27963 -4.51169 -4.74094 -4.97254 -5.20071 -5.43109 -5.6573 -5.88532 -6.1083 -6.33242 -6.55043 -6.76867 -6.97953 -7.18944 -7.39048 -7.58911 -7.77717 -7.9611 -8.13252 -8.29784 -8.44851 -8.5909 -8.71631 -8.8311 -8.92647 -9.00875 -9.06914 -9.11394 -9.13442 -9.13691 -9.11279 -9.06848 -8.99556 -8.9006 -8.77543 -8.62681 -8.44693 -8.2428 -8.00701 -7.74687 -7.45542 -7.14027 -6.79499 -6.4275 -6.03187 -5.61634 -5.17547 -4.71778 -4.2383 -3.74576 -3.2356 -2.71672 -2.18486 -1.64901
-1.6603 -1.92173 -2.15011 -2.37933 -2.60248 -2.82503 -3.04645 -3.26643 -3.4872 -3.70589 -3.92625 -4.14398 -4.36378 -4.58037 -4.79909 -5.01396 -5.23077 -5.44301 -5.65674 -5.86503 -6.07416 -6.27682 -6.47941 -6.67433 -6.86805 -7.05269 -7.23477 -7.40619 -7.57345 -7.72826 -7.8771 -8.01154 -8.13803 -8.24804 -8.34796 -8.42922 -8.4982 -8.54633 -8.57998 -8.59064 -8.58471 -8.55382 -8.50444 -8.4284 -8.33227 -8.20816 -8.06279 -7.8886 -7.69253 -7.46738 -7.22035 -6.94465 -6.64775 -6.32332 -5.97908 -5.60918 -5.22158 -4.81089 -4.3853 -3.93983 -3.48286 -3.00977 -2.52905 -2.0364 -1.54036
-1.65479 -1.90007 -2.1166 -2.33361 -2.54569 -2.75684 -2.96736 -3.17611 -3.38584 -3.59316 -3.80219 -4.00823 -4.21625 -4.42071 -4.62712 -4.82933 -5.03326 -5.23225 -5.4325 -5.62697 -5.82203 -6.01034 -6.19835 -6.37846 -6.5572 -6.72673 -6.89361 -7.0498 -7.20186 -7.3416 -7.47553 -7.59539 -7.70763 -7.8039 -7.89065 -7.9595 -8.01686 -8.05437 -8.07844 -8.08081 -8.06789 -8.03156 -7.9783 -7.90018 -7.80377 -7.6814 -7.53977 -7.37152 -7.18353 -6.9688 -6.73439 -6.4737 -6.19402 -5.88915 -5.56659 -5.22059 -4.85885 -4.47602 -4.07997 -3.66577 -3.24141 -2.80229 -2.3565 -1.89973 -1.44007
-1.64501 -1.87489 -2.07997 -2.2852 -2.48655 -2.68668 -2.88664 -3.08454 -3.28361 -3.47998 -3.67808 -3.8729 -4.06963 -4.26248 -4.45716 -4.64733 -4.83903 -5.02551 -5.21304 -5.39453 -5.57641 -5.75131 -5.92575 -6.09213 -6.25702 -6.41264 -6.56555 -6.70783 -6.84604 -6.97211 -7.09258 -7.19932 -7.29881 -7.38287 -7.45796 -7.5159 -7.56311 -7.59145 -7.60734 -7.60274 -7.58407 -7.54344 -7.48731 -7.40798 -7.312 -7.19193 -7.0544 -6.89226 -6.71231 -6.50772 -6.28543 -6.03902 -5.77557 -5.48905 -5.18672 -4.86294 -4.52513 -4.16804 -3.79923 -3.41379 -3.01939 -2.61144 -2.19766 -1.77374 -1.34739
-1.63137 -1.84656 -2.0406 -2.2345 -2.42547 -2.61498 -2.80472 -2.99216 -3.18094 -3.36678 -3.55438 -3.73844 -3.92436 -4.10614 -4.28964 -4.46838 -4.64849 -4.82316 -4.99871 -5.16802 -5.33756 -5.49996 -5.66178 -5.81544 -5.96754 -6.11035 -6.25046 -6.38003 -6.50563 -6.61932 -6.72763 -6.82258 -6.91067 -6.98388 -7.04866 -7.09702 -7.13539 -7.15584 -7.16477 -7.15435 -7.13099 -7.08703 -7.02889 -6.94909 -6.85414 -6.73679 -6.60363 -6.44769 -6.27566 -6.08091 -5.87025 -5.63738 -5.38924 -5.11992 -4.83647 -4.53335 -4.21774 -3.88445 -3.54076 -3.18182 -2.81496 -2.43565 -2.05125 -1.65746 -1.26164
-1.6142 -1.81541 -1.99883 -2.18184 -2.3628 -2.54207 -2.72196 -2.89933 -3.07822 -3.25394 -3.43146 -3.60523 -3.78081 -3.95206 -4.12491 -4.29281 -4.46197 -4.6255 -4.78978 -4.94767 -5.10567 -5.25643 -5.40651 -5.5484 -5.68869 -5.81972 -5.9481 -6.06606 -6.18019 -6.28266 -6.38001 -6.46439 -6.54229 -6.60585 -6.66153 -6.70151 -6.73221 -6.74587 -6.7489 -6.73367 -6.70655 -6.66008 -6.60065 -6.52099 -6.42755 -6.31327 -6.18465 -6.03493 -5.87069 -5.68546 -5.4859 -5.26589 -5.03218 -4.77899 -4.51317 -4.22928 -3.93426 -3.623 -3.30251 -2.968 -2.62651 -2.27354 -1.91613 -1.55002 -1.18221
-1.59384 -1.78177 -1.95497 -2.12753 -2.29886 -2.46829 -2.63869 -2.8064 -2.97576 -3.14179 -3.30965 -3.4736 -3.63931 -3.80053 -3.96328 -4.12092 -4.27972 -4.43275 -4.58644 -4.73364 -4.88085 -5.02077 -5.15996 -5.29096 -5.42034 -5.54056 -5.65818 -5.76556 -5.86925 -5.96158 -6.04904 -6.12393 -6.19273 -6.24775 -6.2954 -6.32806 -6.3521 -6.35997 -6.35803 -6.33884 -6.30875 -6.26049 -6.20039 -6.12137 -6.02981 -5.91886 -5.79491 -5.65139 -5.49475 -5.31869 -5.12974 -4.92192 -4.70181 -4.46375 -4.21439 -3.94841 -3.6725 -3.38166 -3.08262 -2.77067 -2.45256 -2.12385 -1.79127 -1.45062 -1.10857
-1.5706 -1.7459 -1.90931 -2.07187 -2.23392 -2.39391 -2.5552 -2.71363 -2.87386 -3.0306 -3.18923 -3.34379 -3.50011 -3.65179 -3.80496 -3.95289 -4.10191 -4.24507 -4.38881 -4.526 -4.66315 -4.79298 -4.92206 -5.04298 -5.16232 -5.27259 -5.38036 -5.47809 -5.57231 -5.65545 -5.73399 -5.80039 -5.86108 -5.90852 -5.9491 -5.97537 -5.99366 -5.9966 -5.99051 -5.96813 -5.93575 -5.88629 -5.82603 -5.74808 -5.65871 -5.55127 -5.43206 -5.29466 -5.14542 -4.9782 -4.79937 -4.60309 -4.39579 -4.17193 -3.93797 -3.68867 -3.43053 -3.15862 -2.87944 -2.58834 -2.29181 -1.98548 -1.67579 -1.35858 -1.04024
-1.54475 -1.7081 -1.86212 -2.0151 -2.16825 -2.31919 -2.47172 -2.62127 -2.77275 -2.92062 -3.07043 -3.21605 -3.36342 -3.50605 -3.65013 -3.78889 -3.92869 -4.06256 -4.19697 -4.32479 -4.45254 -4.573 -4.69269 -4.8043 -4.91438 -5.01553 -5.11428 -5.20321 -5.28881 -5.36366 -5.43418 -5.49297 -5.54642 -5.58716 -5.62153 -5.64224 -5.65558 -5.65435 -5.64481 -5.61989 -5.58581 -5.53567 -5.47568 -5.39912 -5.31219 -5.2084 -5.09394 -4.96258 -4.82052 -4.66178 -4.49259 -4.30726 -4.11203 -3.9015 -3.68192 -3.4482 -3.20658 -2.95225 -2.69147 -2.41967 -2.14309 -1.85742 -1.56884 -1.27326 -0.976761
-1.51657 -1.66857 -1.81361 -1.95745 -2.10206 -2.24434 -2.38848 -2.52953 -2.67263 -2.81204 -2.95341 -3.09053 -3.22939 -3.36344 -3.49891 -3.62901 -3.76011 -3.88526 -4.01091 -4.12998 -4.24897 -4.36071 -4.4717 -4.57471 -4.67625 -4.76903 -4.85953 -4.94045 -5.01822 -5.08557 -5.14886 -5.20084 -5.24786 -5.28268 -5.3116 -5.32749 -5.33658 -5.33185 -5.31948 -5.29258 -5.25731 -5.20693 -5.14756 -5.07267 -4.98836 -4.88831 -4.77859 -4.65314 -4.51803 -4.36743 -4.20742 -4.03246 -3.8486 -3.65059 -3.44448 -3.22529 -2.99907 -2.76108 -2.51737 -2.26346 -2.00534 -1.73878 -1.4697 -1.19409 -0.917761
-1.48628 -1.62756 -1.76401 -1.89912 -2.03556 -2.16955 -2.30565 -2.43858 -2.57368 -2.705 -2.83835 -2.96737 -3.09815 -3.22407 -3.35139 -3.47332 -3.59623 -3.71318 -3.83062 -3.94152 -4.05234 -4.15597 -4.2589 -4.35397 -4.44764 -4.53274 -4.61569 -4.6893 -4.75998 -4.82055 -4.87735 -4.92324 -4.96453 -4.99413 -5.01829 -5.03001 -5.03548 -5.02782 -5.01316 -4.98478 -4.94873 -4.89848 -4.84003 -4.76704 -4.68549 -4.58922 -4.48421 -4.36453 -4.23613 -4.09334 -3.94207 -3.77692 -3.6038 -3.41755 -3.22406 -3.01845 -2.80656 -2.58379 -2.35593 -2.11862 -1.8776 -1.62874 -1.3777 -1.12056 -0.862874
-1.45411 -1.58523 -1.71349 -1.84027 -1.96889 -2.09498 -2.22339 -2.34856 -2.47602 -2.59964 -2.72534 -2.84667 -2.96977 -3.08799 -3.2076 -3.32183 -3.43702 -3.54628 -3.65603 -3.75929 -3.86249 -3.9586 -4.05406 -4.14179 -4.22822 -4.30627 -4.38231 -4.44928 -4.51351 -4.56797 -4.61892 -4.65939 -4.69558 -4.7206 -4.74058 -4.74872 -4.75111 -4.74104 -4.72456 -4.69511 -4.65867 -4.60885 -4.55158 -4.48065 -4.40196 -4.3095 -4.20913 -4.09508 -3.97316 -3.83783 -3.69488 -3.53904 -3.37603 -3.20084 -3.01918 -2.82627 -2.62777 -2.41917 -2.20606 -1.98418 -1.75903 -1.52658 -1.29225 -1.05222 -0.811794
-1.42026 -1.54179 -1.66222 -1.78107 -1.90221 -2.02075 -2.14182 -2.2596 -2.37976 -2.49605 -2.61446 -2.72849 -2.8443 -2.95523 -3.06757 -3.17453 -3.28246 -3.38451 -3.48705 -3.58317 -3.67928 -3.7684 -3.85693 -3.93789 -4.01765 -4.08923 -4.15896 -4.21988 -4.27827 -4.32721 -4.37291 -4.40853 -4.44021 -4.46119 -4.47755 -4.48261 -4.48241 -4.47038 -4.45249 -4.42234 -4.38582 -4.33669 -4.28079 -4.21207 -4.1363 -4.04765 -3.95185 -3.84326 -3.72758 -3.5994 -3.46437 -3.31734 -3.16388 -2.99911 -2.82854 -2.64753 -2.46153 -2.26616 -2.06678 -1.85924 -1.64884 -1.43164 -1.21282 -0.988656 -0.764223
-1.3849 -1.49737 -1.61034 -1.72164 -1.83564 -1.94698 -2.06104 -2.17177 -2.28497 -2.39429 -2.50577 -2.61287 -2.72177 -2.82581 -2.93126 -3.03137 -3.13248 -3.22775 -3.32354 -3.41301 -3.5025 -3.58513 -3.66724 -3.74195 -3.81557 -3.88123 -3.94518 -4.00059 -4.05368 -4.09764 -4.13863 -4.16993 -4.19762 -4.21506 -4.22827 -4.23071 -4.22834 -4.21475 -4.19581 -4.16527 -4.12894 -4.08072 -4.02635 -3.95994 -3.88714 -3.80228 -3.71094 -3.60767 -3.49799 -3.37666 -3.24916 -3.11049 -2.96605 -2.81109 -2.65094 -2.48108 -2.30678 -2.12376 -1.93719 -1.74302 -1.54635 -1.34332 -1.13891 -0.929492 -0.719912
-1.3482 -1.45211 -1.55798 -1.6621 -1.76928 -1.87376 -1.98112 -2.08514 -2.19171 -2.2944 -2.39929 -2.49981 -2.60217 -2.69969 -2.79864 -2.8923 -2.98698 -3.0759 -3.16537 -3.24862 -3.33195 -3.40855 -3.48472 -3.55366 -3.62162 -3.68184 -3.74051 -3.79092 -3.83919 -3.87868 -3.91544 -3.9429 -3.96705 -3.9814 -3.99188 -3.99212 -3.98795 -3.97314 -3.95346 -3.92281 -3.88688 -3.83976 -3.78705 -3.72303 -3.65323 -3.57211 -3.48515 -3.38702 -3.28312 -3.16834 -3.04802 -2.91727 -2.78136 -2.63564 -2.48529 -2.3259 -2.16256 -1.99109 -1.81648 -1.63479 -1.45091 -1.26108 -1.07008 -0.874383 -0.678616
-1.31029 -1.40613 -1.50524 -1.60252 -1.7032 -1.80115 -1.90213 -1.99975 -2.10001 -2.19639 -2.29502 -2.38931 -2.48546 -2.57681 -2.66963 -2.75722 -2.84584 -2.9288 -3.01236 -3.08981 -3.16739 -3.23839 -3.30905 -3.37267 -3.43542 -3.49066 -3.5445 -3.59035 -3.63427 -3.66971 -3.70269 -3.72673 -3.74776 -3.75942 -3.76756 -3.76594 -3.76031 -3.74458 -3.72443 -3.69389 -3.65858 -3.61269 -3.56176 -3.50018 -3.43338 -3.35596 -3.27327 -3.18012 -3.08178 -2.97327 -2.85978 -2.73656 -2.60872 -2.47173 -2.33061 -2.18105 -2.02799 -1.86734 -1.70393 -1.5339 -1.36195 -1.18444 -1.00595 -0.823036 -0.640135
