MFC+VTK/函数库及接口制作/重磁三维基本处理/石达三分量转换及求梯度/立方体磁异常→ΔHy分量.grd
DSAA
127 128
0.000000 992.125977
0.000000 1200.000000
-675.968140 661.508179
[rows 0 to 25 of 128, columns 59 to 117 of 127]
1.778399 1.181417 0.578599 -0.028138 -0.636133 -1.243335 -1.847145 -2.445467 -3.035831 -3.616173 -4.184232 -4.738036 -5.275591 -5.795082 -6.294905 -6.773396 -7.229342 -7.661337 -8.068537 -8.449843 -8.804813 -9.132591 -9.433196 -9.706041 -9.951496 -10.169236 -10.360011 -10.523667 -10.661338 -10.773016 -10.860129 -10.922745 -10.962605 -10.979804 -10.976295 -10.952188 -10.909625 -10.848626 -10.771512 -10.678190 -10.571120 -10.450044 -10.317536 -10.173133 -10.019542 -9.856032 -9.685430 -9.506712 -9.322871 -9.132515 -8.938812 -8.739966 -8.539401 -8.334796 -8.129938 -7.921876 -7.714848 -7.505139 -7.297625
1.880641 1.255829 0.624772 -0.010474 -0.647104 -1.282935 -1.915217 -2.541723 -3.159830 -3.767360 -4.361905 -4.941382 -5.503684 -6.046888 -6.569294 -7.069183 -7.545218 -7.995942 -8.420475 -8.817682 -9.187063 -9.527783 -9.839853 -10.122676 -10.376640 -10.601446 -10.797881 -10.965842 -11.106501 -11.219901 -11.307539 -11.369552 -11.407728 -11.422258 -11.415150 -11.386585 -11.338780 -11.271839 -11.188136 -11.087660 -10.972927 -10.843749 -10.702762 -10.549561 -10.386906 -10.214120 -10.034080 -9.845807 -9.652330 -9.452302 -9.248919 -9.040425 -8.830264 -8.616149 -8.401881 -8.184538 -7.968365 -7.749672 -7.533338
1.999010 1.341439 0.677132 0.008288 -0.662077 -1.331628 -1.997409 -2.657049 -3.307727 -3.947100 -4.572605 -5.182015 -5.773068 -6.343745 -6.892175 -7.416562 -7.915454 -8.387405 -8.831417 -9.246304 -9.631579 -9.986357 -10.310671 -10.603906 -10.866534 -11.098269 -11.299937 -11.471532 -11.614239 -11.728233 -11.815052 -11.874948 -11.909779 -11.919837 -11.907207 -11.872188 -11.817069 -11.742058 -11.649602 -11.539791 -11.415208 -11.275762 -11.124136 -10.960021 -10.786220 -10.602139 -10.410684 -10.210949 -10.005994 -9.794528 -9.579771 -9.360016 -9.138717 -8.913634 -8.688570 -8.460642 -8.234095 -8.005269 -7.779034
2.134027 1.438877 0.736401 0.028986 -0.680119 -1.388382 -2.092609 -2.790236 -3.478210 -4.154023 -4.814875 -5.458398 -6.082136 -6.683925 -7.261741 -7.813717 -8.338272 -8.833850 -9.299403 -9.733723 -10.136241 -10.506166 -10.843435 -11.147539 -11.418915 -11.657401 -11.863853 -12.038356 -12.182189 -12.295619 -12.380276 -12.436538 -12.466357 -12.470160 -12.450125 -12.406682 -12.342213 -12.257048 -12.153727 -12.032460 -11.895905 -11.744077 -11.579732 -11.402662 -11.215714 -11.018388 -10.813628 -10.600612 -10.382423 -10.157839 -9.930093 -9.697548 -9.463652 -9.226226 -8.989061 -8.749330 -8.511250 -8.271221 -8.034071
2.287747 1.549690 0.803604 0.052101 -0.701285 -1.453791 -2.201946 -2.942951 -3.673467 -4.390793 -5.091854 -5.774107 -6.434859 -7.071797 -7.682721 -8.265641 -8.818809 -9.340652 -9.829985 -10.285595 -10.706878 -11.093019 -11.443973 -11.759321 -12.039500 -12.284453 -12.495100 -12.671650 -12.815480 -12.926991 -13.007931 -13.058821 -13.081735 -13.077256 -13.047678 -12.993595 -12.917488 -12.819853 -12.703316 -12.568241 -12.417364 -12.250837 -12.071486 -11.879218 -11.676937 -11.464251 -11.244135 -11.015865 -10.782546 -10.543037 -10.300576 -10.053605 -9.805555 -9.554324 -9.303672 -9.050844 -8.800014 -8.547654 -8.298531
2.462023 1.675355 0.879826 0.078321 -0.725302 -1.527996 -2.325963 -3.116123 -3.894825 -4.659094 -5.405586 -6.131502 -6.833910 -7.510314 -8.158277 -8.775702 -9.360688 -9.911533 -10.426991 -10.905812 -11.347335 -11.750792 -12.116155 -12.443037 -12.731958 -12.982976 -13.197099 -13.374682 -13.517213 -13.625278 -13.700748 -13.744342 -13.758251 -13.743268 -13.701820 -13.634683 -13.544469 -13.431856 -13.299584 -13.148186 -12.980489 -12.796801 -12.600024 -12.390202 -12.170291 -11.940022 -11.702413 -11.456843 -11.206423 -10.950121 -10.691164 -10.428085 -10.164289 -9.897759 -9.632212 -9.364978 -9.100166 -8.834337 -8.572177
2.659522 1.817870 0.966383 0.108253 -0.752270 -1.611810 -2.466176 -3.311968 -4.145157 -4.962458 -5.760194 -6.535280 -7.284501 -8.005143 -8.694530 -9.350365 -9.970605 -10.553484 -11.097586 -11.601684 -12.065044 -12.486930 -12.867347 -13.205999 -13.503494 -13.760007 -13.976674 -14.154049 -14.293728 -14.396539 -14.464492 -14.498537 -14.501032 -14.472997 -14.417011 -14.334092 -14.226982 -14.096577 -13.945744 -13.775213 -13.587917 -13.384341 -13.167460 -12.937489 -12.697432 -12.447166 -12.189721 -11.924625 -11.654981 -11.379871 -11.102503 -10.821517 -10.540272 -10.256855 -9.974915 -9.691890 -9.411798 -9.131308 -8.854994
2.883029 1.979384 1.064745 0.142692 -0.782083 -1.705809 -2.623849 -3.532407 -4.427026 -5.304071 -6.159439 -6.989750 -7.791449 -8.561536 -9.297084 -9.995625 -10.654889 -11.272991 -11.848452 -12.379930 -12.866721 -13.308166 -13.704218 -14.054778 -14.360497 -14.621750 -14.839808 -15.015455 -15.150459 -15.245898 -15.303971 -15.325900 -15.314237 -15.270273 -15.196774 -15.095013 -14.967910 -14.816600 -14.644092 -14.451353 -14.241424 -14.014991 -13.775120 -13.522202 -13.259295 -12.986436 -12.706679 -12.419694 -12.128572 -11.832533 -11.534739 -11.233963 -10.933494 -10.631542 -10.331662 -10.031420 -9.734711 -9.438341 -9.146737
3.136073 2.162544 1.176658 0.182453 -0.814867 -1.811060 -2.800974 -3.780351 -4.744231 -5.688548 -6.608751 -7.501080 -8.361566 -9.186929 -9.973921 -10.719876 -11.422283 -12.079132 -12.688825 -13.250013 -13.761950 -14.223993 -14.636215 -14.998635 -15.312031 -15.577026 -15.795017 -15.967077 -16.095196 -16.180752 -16.226166 -16.232983 -16.203985 -16.140774 -16.046333 -15.922255 -15.771637 -15.595907 -15.398232 -15.179838 -14.943888 -14.691309 -14.425245 -14.146299 -13.857574 -13.559289 -13.254512 -12.943069 -12.628040 -12.308784 -11.988410 -11.665831 -11.344247 -11.022010 -10.702552 -10.383587 -10.068860 -9.755338 -9.447261
3.422549 2.370310 1.304123 0.228554 -0.850595 -1.928533 -2.999508 -4.058712 -5.100605 -6.120629 -7.113678 -8.075572 -9.001889 -9.888999 -10.733287 -11.531818 -12.281852 -12.981255 -13.628280 -14.221573 -14.760328 -15.244026 -15.672800 -16.046865 -16.367136 -16.634514 -16.850622 -17.016863 -17.135462 -17.208166 -17.237675 -17.225914 -17.175913 -17.089672 -16.970415 -16.820084 -16.641996 -16.437910 -16.211174 -15.963307 -15.697610 -15.415268 -15.119516 -14.811188 -14.493428 -14.166657 -13.833954 -13.495317 -13.153787 -12.808887 -12.463655 -12.117151 -11.772473 -11.428123 -11.087391 -10.748146 -10.413962 -10.081980 -9.756222
3.747177 2.606249 1.449498 0.282113 -0.889405 -2.059620 -3.222076 -4.371331 -5.501168 -6.606425 -7.681405 -8.721413 -9.721463 -10.677554 -11.585653 -12.442534 -13.245141 -13.991282 -14.678955 -15.306885 -15.874195 -16.380507 -16.826050 -17.211267 -17.537294 -17.805328 -18.017298 -18.174965 -18.280874 -18.337208 -18.346975 -18.312567 -18.237316 -18.123669 -17.975124 -17.794035 -17.583984 -17.347097 -17.086914 -16.805298 -16.505684 -16.189564 -15.860253 -15.518846 -15.168523 -14.809937 -14.446137 -14.077335 -13.706506 -13.333359 -12.960829 -12.588147 -12.218274 -11.849884 -11.486085 -11.124935 -10.769787 -10.417991 -10.073303
4.115320 2.874422 1.615508 0.344494 -0.931313 -2.205722 -3.471446 -4.722311 -5.951295 -7.152565 -8.319700 -9.447388 -10.530061 -11.563227 -12.542361 -13.463943 -14.324637 -15.121987 -15.853907 -16.519093 -17.116657 -17.646442 -18.108734 -18.504318 -18.834553 -19.101057 -19.306061 -19.451813 -19.541227 -19.577009 -19.562551 -19.500755 -19.395329 -19.249231 -19.066298 -18.849352 -18.602249 -18.327549 -18.029013 -17.708879 -17.370741 -17.016407 -16.649298 -16.270781 -15.884065 -15.490046 -15.091747 -14.689600 -14.286490 -13.882330 -13.479924 -13.078692 -12.681421 -12.286983 -11.898261 -11.513528 -11.135871 -10.762877 -10.397990
4.533381 3.179677 1.805374 0.417244 -0.976462 -2.368662 -3.751121 -5.116776 -6.457698 -7.767248 -9.038142 -10.264389 -11.439728 -12.559070 -13.617393 -14.610824 -15.535574 -16.389080 -17.169077 -17.874269 -18.503805 -19.057693 -19.536436 -19.941181 -20.273581 -20.535749 -20.730310 -20.860081 -20.928442 -20.938686 -20.894691 -20.799944 -20.658619 -20.474241 -20.251040 -19.992378 -19.702438 -19.384256 -19.041832 -18.677839 -18.296024 -17.898565 -17.488966 -17.068897 -16.641596 -16.208210 -15.771723 -15.332789 -14.894202 -14.456068 -14.021045 -13.588748 -13.161762 -12.739165 -12.323585 -11.913520 -11.511755 -11.116139 -10.729758
5.008732 3.527614 2.022854 0.502241 -1.024886 -2.550394 -4.064926 -5.560410 -7.027826 -8.459585 -9.847441 -11.184593 -12.463906 -13.679763 -14.826382 -15.899516 -16.894991 -17.810036 -18.642185 -19.390211 -20.053295 -20.631739 -21.126225 -21.538389 -21.870247 -22.124537 -22.304363 -22.413223 -22.455042 -22.433844 -22.354038 -22.219858 -22.035963 -21.806574 -21.536366 -21.229317 -20.889969 -20.521908 -20.129400 -19.715586 -19.284384 -18.838369 -18.381128 -17.914667 -17.442215 -16.965212 -16.486565 -16.007175 -15.529690 -15.054455 -14.583922 -14.117929 -13.658808 -13.205867 -12.761428 -12.324245 -11.896742 -11.477068 -11.067879
5.550140 3.924865 2.272389 0.601649 -1.076710 -2.753330 -4.417560 -6.060102 -7.670703 -9.240646 -10.760553 -12.222657 -13.618889 -14.942829 -16.188061 -17.349745 -18.423298 -19.405752 -20.294430 -21.088179 -21.786285 -22.389326 -22.898355 -23.315536 -23.643389 -23.885351 -24.045147 -24.127098 -24.135796 -24.076099 -23.953093 -23.771837 -23.537617 -23.255419 -22.930435 -22.567354 -22.171127 -21.745941 -21.296364 -20.826052 -20.339102 -19.838516 -19.327957 -18.809786 -18.287216 -17.761982 -17.236885 -16.713089 -16.193069 -15.677402 -15.168305 -14.665848 -14.172060 -13.686502 -13.211132 -12.744992 -12.290081 -11.844887 -11.411569
6.167780 4.379194 2.559176 0.718087 -1.131954 -2.980129 -4.814273 -6.623664 -8.396571 -10.122988 -11.792188 -13.395288 -14.923099 -16.368338 -17.723726 -18.983883 -20.143702 -21.199926 -22.149769 -22.992138 -23.726442 -24.353720 -24.875423 -25.294380 -25.613747 -25.837828 -25.971107 -26.018885 -25.986532 -25.879957 -25.705006 -25.467756 -25.174152 -24.830124 -24.441444 -24.013603 -23.552008 -23.061527 -22.547050 -22.012791 -21.463036 -20.901249 -20.331148 -19.755480 -19.177401 -18.598961 -18.022823 -17.450422 -16.884007 -16.324404 -15.773540 -15.231734 -14.700662 -14.180148 -13.671738 -13.174773 -12.690774 -12.218594 -11.759833
6.873741 4.899769 2.889398 0.854610 -1.190698 -3.234020 -5.261401 -7.260445 -9.217718 -11.121637 -12.959957 -14.722445 -16.398634 -17.980156 -19.458824 -20.828577 -22.083702 -23.220694 -24.236582 -25.130436 -25.901842 -26.552387 -27.084040 -27.500490 -27.805658 -28.004940 -28.103706 -28.108463 -28.025558 -27.862103 -27.624889 -27.321121 -26.957603 -26.541285 -26.078630 -25.576038 -25.039423 -24.474405 -23.886221 -23.279696 -22.659302 -22.028990 -21.392521 -20.753033 -20.113598 -19.476593 -18.844486 -18.218992 -17.602093 -16.994862 -16.398886 -15.814730 -15.243665 -14.685791 -14.142179 -13.612497 -13.097713 -12.597090 -12.111587
7.682199 5.497399 3.270326 1.014904 -1.252920 -3.518628 -5.766181 -7.981212 -10.148276 -12.253961 -14.284209 -16.227207 -18.070951 -19.805933 -21.422762 -22.914597 -24.275087 -25.500441 -26.587486 -27.535519 -28.344454 -29.016470 -29.554279 -29.962599 -30.246344 -30.412170 -30.466654 -30.417677 -30.272800 -30.040545 -29.728851 -29.346241 -28.900515 -28.399803 -27.851374 -27.262608 -26.640017 -25.990044 -25.318291 -24.630241 -23.930544 -23.223654 -22.513365 -21.803196 -21.096106 -20.394783 -19.701466 -19.018145 -18.346457 -17.687740 -17.043171 -16.413576 -15.799746 -15.202073 -14.621082 -14.056789 -13.509543 -12.979040 -12.465525
8.609931 6.184862 3.710585 1.203310 -1.318607 -3.838280 -6.337232 -8.798756 -11.205062 -13.540581 -15.789098 -17.936993 -19.970404 -21.878424 -23.650333 -25.278393 -26.755468 -28.077440 -29.240986 -30.245691 -31.091858 -31.782545 -32.321323 -32.714222 -32.967377 -33.089058 -33.087227 -32.971519 -32.750927 -32.435669 -32.035019 -31.559095 -31.016825 -30.417696 -29.769892 -29.081909 -28.360916 -27.614241 -26.847868 -26.067987 -25.279406 -24.487112 -23.694859 -22.906576 -22.125034 -21.353252 -20.593151 -19.846987 -19.116005 -18.401787 -17.705030 -17.026817 -16.367395 -15.727456 -15.106898 -14.506114 -13.924748 -13.362967 -12.820218
9.676710 6.977243 4.220381 1.425038 -1.387618 -4.197913 -6.984486 -9.727908 -12.407604 -15.005473 -17.502790 -19.883699 -22.132257 -24.235844 -26.182159 -27.962389 -29.568508 -30.996098 -32.241611 -33.305073 -34.187290 -34.892475 -35.425270 -35.793324 -36.004372 -36.068607 -35.995762 -35.797527 -35.484695 -35.069473 -34.562790 -33.976528 -33.320999 -32.607246 -31.844452 -31.042391 -30.208918 -29.352324 -28.479015 -27.595886 -26.707874 -25.820517 -24.937469 -24.063066 -23.199820 -22.351042 -21.518278 -20.704037 -19.909071 -19.135216 -18.382586 -17.652540 -16.944681 -16.260015 -15.597730 -14.958617 -14.341524 -13.747137 -13.173996
10.905986 7.892437 4.811837 1.686259 -1.459789 -4.603355 -7.719730 -10.786241 -13.779067 -16.677118 -19.458675 -22.105259 -24.598444 -26.923515 -29.066366 -31.016926 -32.766079 -34.309006 -35.642033 -36.765736 -37.681664 -38.395332 -38.912945 -39.244129 -39.398567 -39.388866 -39.226955 -38.927044 -38.502075 -37.966675 -37.333675 -36.617115 -35.828854 -34.981697 -34.085987 -33.152905 -32.191025 -31.209696 -30.215706 -29.216690 -28.217684 -27.224733 -26.241346 -25.272213 -24.319521 -23.386839 -22.475243 -21.587460 -20.723673 -19.885925 -19.073685 -18.288561 -17.529419 -16.797594 -16.091467 -15.412247 -14.757896 -14.129649 -13.525053
12.325468 8.951597 5.499282 1.994366 -1.534777 -5.061327 -8.556647 -11.994256 -15.346544 -18.588821 -21.695900 -24.646145 -27.418139 -29.994745 -32.359634 -34.501080 -36.408875 -38.077682 -39.503746 -40.688309 -41.633930 -42.347866 -42.838188 -43.117081 -43.196686 -43.092598 -42.819492 -42.394634 -41.833588 -41.153873 -40.370590 -39.500278 -38.556602 -37.554371 -36.505238 -35.421856 -34.313625 -33.190983 -32.061062 -30.932261 -29.809618 -28.699667 -27.605679 -26.532652 -25.482323 -24.458496 -23.461649 -22.494698 -21.557133 -20.651201 -19.775597 -18.932165 -18.118954 -17.337612 -16.585613 -15.864608 -15.171577 -14.508331 -13.871333
13.967956 10.179769 6.299726 2.358107 -1.612155 -5.579722 -9.511359 -13.376140 -17.141987 -20.780003 -24.260820 -27.559069 -30.649771 -33.512760 -36.129040 -38.485046 -40.569023 -42.375134 -43.899544 -45.144432 -46.113594 -46.816544 -47.263802 -47.470715 -47.452644 -47.228817 -46.817360 -46.239239 -45.513309 -44.660439 -43.698521 -42.646938 -41.521477 -40.339172 -39.113110 -37.857590 -36.582832 -35.300377 -34.017670 -32.743832 -31.483812 -30.244577 -29.029005 -27.842360 -26.685804 -25.563276 -24.474550 -23.422672 -22.406319 -21.427889 -20.485191 -19.580297 -18.710312 -17.877193 -17.077417 -16.313076 -15.580073 -14.880833 -14.210615
15.872204 11.606524 7.233261 2.787912 -1.691255 -6.167622 -10.602619 -14.960135 -19.202822 -23.296831 -27.207882 -30.906073 -34.362103 -37.552177 -40.454021 -43.051674 -45.331615 -47.287354 -48.915039 -50.217937 -51.201668 -51.878521 -52.262226 -52.372143 -52.227688 -51.852669 -51.269524 -50.503765 -49.578205 -48.517792 -47.343693 -46.078602 -44.740715 -43.349564 -41.919819 -40.467468 -39.003593 -37.540798 -36.086788 -34.651299 -33.239071 -31.857384 -30.508615 -29.198139 -27.926411 -26.697412 -25.510056 -24.367443 -23.267302 -22.212118 -21.198708 -20.229313 -19.299995 -18.413008 -17.563713 -16.754669 -15.980576 -15.244523 -14.540439
18.083981 13.266732 8.323561 3.296070 -1.771238 -6.835650 -11.852416 -16.779352 -21.573051 -26.193777 -30.601400 -34.760582 -38.636776 -42.201630 -45.428883 -48.299561 -50.797951 -52.916611 -54.651779 -56.008194 -56.993771 -57.624428 -57.918064 -57.899113 -57.592224 -57.026985 -56.231155 -55.235912 -54.068905 -52.759907 -51.333992 -49.817661 -48.231869 -46.598869 -44.934990 -43.258041 -41.579849 -39.914078 -38.268497 -36.653362 -35.073017 -33.534931 -32.040726 -30.595808 -29.199692 -27.856306 -26.563517 -25.324389 -24.135536 -22.999481 -21.911892 -20.875153 -19.884138 -18.941397 -18.041059 -17.186146 -16.370058 -15.596570 -14.858180
20.657110 15.201346 9.598418 3.897092 -1.850974 -7.596006 -13.286175 -18.872335 -24.303999 -29.534536 -34.516869 -39.209042 -43.570110 -47.566086 -51.165592 -54.345814 -57.088177 -59.384125 -61.229954 -62.632267 -63.602097 -64.159950 -64.329185 -64.140862 -63.626240 -62.822220 -61.763374 -60.487740 -59.028893 -57.422413 -55.697948 -53.886341 -52.011635 -50.099045 -48.166626 -46.233982 -44.313583 -42.419991 -40.560871 -38.746796 -36.981453 -35.272289 -33.619957 -32.029694 -30.499840 -29.034126 -27.629175 -26.287889 -25.005604 -23.784782 -22.619795 -21.513128 -20.458336 -19.458229 -18.505590 -17.603918 -16.745190 -15.933894 -15.160985
