MFC+VTK/函数库及接口制作/重磁三维基本处理/石达三分量转换及求梯度/立方体磁异常_Hax.grd
DSAA
127 128
0 992.126
0 1200
-813.67 625.212
[rows 84 to 111 of 128, columns 0 to 63 of 127]
-3.24754 -3.36408 -3.46719 -3.56055 -3.64552 -3.72304 -3.7935 -3.85711 -3.91379 -3.96333 -4.00529 -4.03914 -4.06414 -4.07943 -4.08399 -4.07665 -4.05605 -4.0207 -3.96889 -3.89877 -3.80827 -3.69513 -3.55687 -3.39081 -3.19406 -2.9635 -2.69581 -2.38746 -2.03472 -1.63371 -1.18039 -0.670623 -0.100234 0.534951 1.23901 2.01583 2.869 3.80169 4.8165 5.91532 7.09915 8.36796 9.72051 11.1542 12.6649 14.2471 15.8933 17.5947 19.3407 21.1191 22.9167 24.7187 26.5098 28.274 29.9949 31.6561 33.2417 34.7362 36.1252 37.395 38.5336 39.53 40.375 41.0608
-2.93969 -3.04455 -3.13546 -3.21594 -3.28726 -3.35029 -3.40538 -3.4527 -3.49213 -3.52343 -3.54615 -3.55973 -3.56342 -3.55638 -3.53757 -3.50585 -3.4599 -3.39825 -3.31928 -3.22118 -3.102 -2.95961 -2.79167 -2.59571 -2.36903 -2.1088 -1.812 -1.47545 -1.09585 -0.669769 -0.193699 0.335904 0.92258 1.56979 2.28087 3.0589 3.90664 4.82641 5.81999 6.88846 8.03208 9.25017 10.541 11.9016 13.3277 14.8138 16.353 17.9368 19.5557 21.1988 22.854 24.5085 26.1485 27.76 29.3287 30.8402 32.2804 33.6359 34.8939 36.0425 37.071 37.9698 38.7307 39.3469
-2.63978 -2.73348 -2.81284 -2.88122 -2.93979 -2.98937 -3.03027 -3.06262 -3.08627 -3.10097 -3.10626 -3.10157 -3.08618 -3.05923 -3.01972 -2.96653 -2.8984 -2.81392 -2.71154 -2.58955 -2.44612 -2.27925 -2.08678 -1.86643 -1.61575 -1.33216 -1.01295 -0.655301 -0.2563 0.187033 0.677716 1.21876 1.81311 2.46362 3.17295 3.9435 4.77733 5.67607 6.64082 7.67202 8.76937 9.93172 11.157 12.442 13.7826 15.1733 16.6076 18.0779 19.5753 21.09 22.6113 24.1277 25.6273 27.0975 28.5258 29.8997 31.2068 32.4353 33.5739 34.6124 35.5411 36.3518 37.0372 37.5915
-2.34876 -2.43186 -2.50035 -2.55739 -2.60411 -2.64126 -2.66911 -2.68777 -2.69707 -2.69675 -2.68636 -2.66532 -2.63293 -2.58837 -2.53066 -2.45873 -2.37137 -2.26726 -2.14492 -2.00278 -1.8391 -1.65206 -1.43966 -1.19983 -0.930349 -0.628909 -0.293099 0.079562 0.491617 0.945632 1.44418 1.98977 2.58485 3.2317 3.93243 4.68886 5.50246 6.3743 7.30492 8.29428 9.34166 10.4456 11.6038 12.8129 14.069 15.3667 16.7001 18.0621 19.4446 20.8389 22.2353 23.6238 24.9937 26.334 27.6337 28.8819 30.0677 31.1807 32.2112 33.15 33.9888 34.7203 35.3381 35.8372
-2.0666 -2.13967 -2.19793 -2.24442 -2.28017 -2.30588 -2.3218 -2.328 -2.32433 -2.31051 -2.28609 -2.25052 -2.20312 -2.1431 -2.06953 -1.98139 -1.87755 -1.75675 -1.61764 -1.45873 -1.27844 -1.07509 -0.846875 -0.591911 -0.308214 0.00626865 0.353661 0.736129 1.15587 1.61506 2.11588 2.66041 3.25063 3.88835 4.57519 5.31248 6.10122 6.94201 7.83498 8.77971 9.77517 10.8197 11.9108 13.0453 14.2192 15.4276 16.6649 17.9245 19.1994 20.4814 21.7622 23.0327 24.2835 25.505 26.6875 27.8214 28.8971 29.9056 30.8383 31.6872 32.4451 33.1056 33.663 34.113
-1.79409 -1.85768 -1.9064 -1.94308 -1.96871 -1.98395 -1.98901 -1.98395 -1.96861 -1.94272 -1.90585 -1.85747 -1.79691 -1.72344 -1.63618 -1.53417 -1.41636 -1.28157 -1.12854 -0.95593 -0.762279 -0.546057 -0.305645 -0.0393504 0.254587 0.577979 0.93268 1.32056 1.7435 2.20335 2.70191 3.24087 3.82184 4.44621 5.11518 5.8297 6.59035 7.39739 8.2506 9.14929 10.0922 11.0776 12.1028 13.1649 14.2599 15.3833 16.5299 17.6937 18.8683 20.0465 21.2207 22.3829 23.5248 24.638 25.7139 26.7441 27.7202 28.6343 29.479 30.2471 30.9323 31.5291 32.0326 32.4389
-1.53099 -1.58567 -1.62547 -1.65309 -1.66944 -1.67513 -1.67035 -1.65517 -1.62941 -1.5928 -1.54495 -1.48535 -1.41337 -1.32831 -1.22937 -1.11564 -0.986143 -0.839805 -0.675468 -0.4919 -0.287784 -0.0617411 0.18768 0.461982 0.762717 1.09147 1.44984 1.83945 2.26187 2.71865 3.21127 3.74111 4.3094 4.91721 5.56541 6.25457 6.985 7.75664 8.56905 9.42131 10.3121 11.2394 12.2008 13.1933 14.2132 15.2564 16.3179 17.3924 18.4741 19.5564 20.6327 21.6959 22.7386 23.7533 24.7325 25.6689 26.5551 27.3841 28.1495 28.845 29.4651 30.0049 30.4602 30.8276
-1.27793 -1.32425 -1.35578 -1.37505 -1.38291 -1.37994 -1.36632 -1.34207 -1.30706 -1.26102 -1.20357 -1.13423 -1.05243 -0.957504 -0.848707 -0.725212 -0.58611 -0.430423 -0.257096 -0.0650144 0.147006 0.380201 0.635857 0.915301 1.21989 1.551 1.91 2.29827 2.71713 3.16785 3.65164 4.16959 4.72263 5.31155 5.93691 6.59905 7.298 8.03349 8.80487 9.61112 10.4508 11.3218 12.222 13.1483 14.0973 15.0651 16.0473 17.039 18.0348 19.029 20.0157 20.9884 21.9408 22.8661 23.7579 24.6095 25.4146 26.1671 26.8612 27.4915 28.0533 28.5421 28.9544 29.2871
-1.03449 -1.073 -1.09687 -1.10848 -1.10862 -1.09783 -1.07627 -1.04397 -1.0008 -0.946508 -0.880734 -0.80304 -0.712886 -0.609667 -0.49269 -0.3612 -0.214369 -0.0513074 0.128936 0.327366 0.545037 0.783048 1.04253 1.32465 1.63059 1.96151 2.31861 2.70302 3.11584 3.55812 4.03081 4.53475 5.07064 5.63901 6.2402 6.87432 7.54121 8.24042 8.97117 9.73235 10.5224 11.3395 12.1813 13.0449 13.9273 14.8247 15.7331 16.6481 17.5649 18.4783 19.383 20.2734 21.1437 21.988 22.8006 23.5757 24.3078 24.9914 25.6215 26.1934 26.7028 27.146 27.5198 27.8216
-0.801195 -0.832433 -0.849234 -0.853834 -0.846978 -0.829165 -0.800542 -0.761146 -0.710836 -0.649392 -0.576478 -0.49169 -0.39453 -0.284445 -0.160802 -0.0229153 0.129968 0.298647 0.483976 0.686851 0.908209 1.14902 1.41027 1.69297 1.99814 2.32677 2.67987 3.05839 3.46321 3.89519 4.35506 4.84344 5.36085 5.90759 6.48383 7.0895 7.72428 8.3876 9.07859 9.79608 10.5385 11.3041 12.0905 12.8952 13.7151 14.547 15.3871 16.2314 17.0756 17.915 18.7449 19.5603 20.3561 21.1271 21.8681 22.5743 23.2405 23.8621 24.4347 24.9542 25.4168 25.8192 26.1586 26.4327
-0.577465 -0.601945 -0.612246 -0.610465 -0.597296 -0.573206 -0.538331 -0.492707 -0.436204 -0.368622 -0.289651 -0.198921 -0.09598 0.0196765 0.148622 0.291477 0.448916 0.621655 0.810458 1.01611 1.23945 1.48132 1.74257 2.02408 2.32672 2.65132 2.99873 3.36971 3.765 4.18525 4.63102 5.10276 5.6008 6.12529 6.67624 7.25344 7.85647 8.48465 9.13706 9.8125 10.5095 11.2261 11.9604 12.7097 13.4715 14.2425 15.0194 15.7986 16.5761 17.3479 18.1096 18.8568 19.5849 20.2895 20.9659 21.6098 22.2168 22.7827 23.3036 23.776 24.1965 24.5624 24.871 25.1204
-0.363741 -0.381965 -0.386312 -0.378745 -0.35991 -0.330244 -0.289875 -0.238838 -0.177016 -0.104228 -0.0201906 0.0754294 0.183043 0.303105 0.436131 0.582678 0.743349 0.91878 1.10965 1.31664 1.54049 1.78193 2.0417 2.32054 2.61918 2.93834 3.27869 3.64087 4.02544 4.43291 4.86369 5.31808 5.79626 6.29825 6.82393 7.37299 7.94492 8.53899 9.15424 9.78946 10.4432 11.1136 11.7989 12.4965 13.2041 13.9187 14.6374 15.3567 16.0731 16.7831 17.4826 18.1678 18.8346 19.4791 20.0971 20.6848 21.2384 21.7542 22.2287 22.6588 23.0416 23.3747 23.6557 23.883
-0.159318 -0.171762 -0.170669 -0.157872 -0.133973 -0.0993798 -0.0542137 0.00148877 0.0678323 0.144979 0.233184 0.332747 0.444037 0.567463 0.703484 0.852596 1.01533 1.19226 1.38397 1.59106 1.81417 2.05392 2.31096 2.58591 2.87938 3.19195 3.52418 3.87657 4.24956 4.64351 5.05872 5.49534 5.95346 6.43298 6.93368 7.45518 7.9969 8.55807 9.13771 9.73464 10.3474 10.9744 11.6137 12.2632 12.9205 13.5829 14.2478 14.9121 15.5726 16.2261 16.869 17.4978 18.109 18.6991 19.2643 19.8014 20.3068 20.7774 21.2101 21.6023 21.9513 22.2548 22.5111 22.7186
0.0354178 0.0282924 0.0343332 0.051833 0.0802304 0.119145 0.16846 0.228138 0.298271 0.379002 0.470559 0.573209 0.687282 0.81314 0.951192 1.10187 1.26566 1.44304 1.63453 1.84066 2.06196 2.29899 2.55226 2.82231 3.10965 3.41474 3.73803 4.07991 4.4407 4.82066 5.21996 5.63867 6.07677 6.53408 7.0103 7.505 8.01755 8.54716 9.09286 9.65349 10.2277 10.8138 11.4102 12.0148 12.6254 13.2397 13.8551 14.4689 15.0782 15.6801 16.2714 16.849 17.4098 17.9506 18.4681 18.9594 19.4214 19.8513 20.2465 20.6045 20.923 21.2001 21.4342 21.6238
0.221281 0.219041 0.229573 0.251289 0.283665 0.326345 0.37922 0.442249 0.515511 0.599131 0.693311 0.798287 0.91435 1.04182 1.18106 1.33244 1.49639 1.67333 1.86371 2.06798 2.28659 2.52 2.76867 3.03303 3.31348 3.61042 3.92416 4.25502 4.60322 4.96891 5.35219 5.75304 6.17135 6.60689 7.05929 7.52808 8.01262 8.51209 9.02556 9.55188 10.0897 10.6377 11.194 11.7569 12.3243 12.8942 13.464 14.0315 14.5939 15.1487 15.693 16.2241 16.7391 17.2351 17.7095 18.1594 18.5822 18.9755 19.3368 19.664 19.9552 20.2085 20.4226 20.5962
0.397908 0.400137 0.414726 0.440196 0.476064 0.521996 0.577886 0.643692 0.71948 0.805359 0.901504 1.00812 1.12547 1.25383 1.39351 1.54484 1.70819 1.88392 2.07242 2.27406 2.48924 2.71834 2.96173 3.21975 3.49275 3.78101 4.08479 4.4043 4.73968 5.09102 5.45832 5.84151 6.24041 6.65474 7.0841 7.52797 7.98571 8.45651 8.93944 9.43342 9.9372 10.4494 10.9684 11.4926 12.0201 12.5489 13.0768 13.6018 14.1213 14.6331 15.1346 15.6233 16.0967 16.5523 16.9875 17.4001 17.7875 18.1477 18.4785 18.778 19.0444 19.2764 19.4724 19.6316
0.566207 0.572519 0.590763 0.61957 0.658487 0.707205 0.765622 0.833692 0.91147 0.999049 1.09658 1.20424 1.32226 1.45087 1.59035 1.74099 1.90309 2.07697 2.26294 2.46134 2.67249 2.89671 3.13428 3.3855 3.65061 3.92985 4.22339 4.53138 4.85388 5.19091 5.54243 5.9083 6.28828 6.68207 7.08924 7.50925 7.94144 8.38505 8.83915 9.30271 9.77455 10.2534 10.7377 11.226 11.7165 12.2075 12.6969 13.1829 13.6632 14.1357 14.5981 15.0483 15.4839 15.9028 16.3026 16.6813 17.0367 17.367 17.6702 17.9447 18.1889 18.4015 18.5813 18.7274
0.725811 0.735836 0.757356 0.789103 0.830658 0.881731 0.942224 1.01209 1.09137 1.18015 1.27854 1.38672 1.50486 1.63317 1.7719 1.92128 2.08158 2.25305 2.43598 2.63062 2.83726 3.05613 3.28748 3.53153 3.78846 4.05845 4.34161 4.63801 4.94768 5.27057 5.60659 5.95555 6.3172 6.69118 7.07706 7.47428 7.8822 8.30006 8.72699 9.16199 9.60395 10.0516 10.5037 10.9587 11.4151 11.8712 12.3253 12.7754 13.2198 13.6564 14.0832 14.4983 14.8996 15.2851 15.6528 16.0008 16.3273 16.6305 16.9088 17.1607 17.3848 17.58 17.7451 17.8794
0.877712 0.89111 0.91556 0.949891 0.993715 1.04676 1.10893 1.18018 1.26054 1.35007 1.44888 1.55711 1.67491 1.80246 1.93997 2.08762 2.24565 2.41428 2.59373 2.78421 2.98595 3.19915 3.42398 3.66062 3.9092 4.16983 4.44256 4.72744 5.02443 5.33344 5.65434 5.9869 6.33085 6.68582 7.05134 7.42688 7.8118 8.20536 8.60672 9.01495 9.42899 9.8477 10.2698 10.694 11.1189 11.5428 11.9643 12.3816 12.7931 13.1969 13.5912 13.9743 14.3444 14.6996 15.0381 15.3584 15.6586 15.9374 16.1931 16.4246 16.6305 16.8099 16.9617 17.0854
1.02152 1.03796 1.06501 1.10159 1.14734 1.202 1.26549 1.33774 1.4188 1.50869 1.60752 1.71539 1.83245 1.95883 2.0947 2.24024 2.39562 2.56103 2.73665 2.92265 3.11921 3.32647 3.54458 3.77365 4.01377 4.265 4.52737 4.80085 5.08537 5.38083 5.68703 6.00375 6.33068 6.66743 7.01355 7.36849 7.73165 8.10229 8.47964 8.86279 9.25076 9.64248 10.0368 10.4325 10.8282 11.2225 11.614 12.0012 12.3825 12.7563 13.121 13.475 13.8165 14.1442 14.4562 14.7512 15.0277 15.2843 15.5196 15.7326 15.922 16.0871 16.2269 16.3409
1.15829 1.17748 1.20685 1.24538 1.29275 1.34872 1.4132 1.48614 1.56755 1.65748 1.75598 1.86316 1.97913 2.104 2.23792 2.38102 2.53345 2.69535 2.86688 3.04816 3.23933 3.44049 3.65176 3.87319 4.10485 4.34674 4.59887 4.86116 5.13352 5.4158 5.70781 6.00928 6.31989 6.63926 6.96693 7.30237 7.64498 7.99407 8.34889 8.70859 9.07225 9.43888 9.80739 10.1767 10.5454 10.9125 11.2765 11.636 11.9897 12.336 12.6736 13.001 13.3166 13.6192 13.9071 14.1792 14.4341 14.6705 14.8873 15.0835 15.2581 15.4102 15.5391 15.6442
1.28758 1.30925 1.34065 1.38085 1.42956 1.48655 1.55173 1.62506 1.70654 1.79619 1.89408 2.00026 2.11485 2.23792 2.3696 2.51 2.65922 2.81739 2.98462 3.161 3.34664 3.5416 3.74596 3.95975 4.18298 4.41565 4.6577 4.90905 5.16957 5.4391 5.71742 6.00425 6.29926 6.60207 6.91223 7.22921 7.55244 7.88127 8.21496 8.55274 8.89373 9.23701 9.58159 9.9264 10.2703 10.6122 10.9508 11.285 11.6133 11.9345 12.2473 12.5504 12.8424 13.1221 13.3881 13.6394 13.8746 14.0927 14.2927 14.4737 14.6347 14.775 14.894 14.9912
1.41054 1.43443 1.46762 1.50925 1.55905 1.61682 1.68246 1.75593 1.83722 1.92635 2.02337 2.12832 2.24129 2.36234 2.49157 2.62906 2.77489 2.92916 3.09195 3.26333 3.44336 3.63209 3.82955 4.03575 4.25067 4.47428 4.7065 4.94721 5.19628 5.45352 5.71869 5.99152 6.27167 6.55875 6.85233 7.15189 7.45689 7.7667 8.08062 8.39793 8.71782 9.03941 9.36179 9.68398 10.005 10.3237 10.639 10.9497 11.2548 11.553 11.8432 12.124 12.3945 12.6533 12.8994 13.1316 13.349 13.5505 13.7352 13.9023 14.051 14.1806 14.2906 14.3805
1.52664 1.55252 1.58726 1.63009 1.68076 1.73907 1.80494 1.87832 1.95921 2.0476 2.14353 2.24704 2.35819 2.47703 2.60362 2.73804 2.88034 3.03059 3.18885 3.35515 3.52954 3.71204 3.90265 4.10134 4.3081 4.52284 4.74548 4.97588 5.21389 5.45931 5.71188 5.97133 6.23732 6.50948 6.78736 7.0705 7.35833 7.65029 7.94572 8.24391 8.54413 8.84556 9.14734 9.44859 9.74835 10.0457 10.3395 10.6288 10.9125 11.1897 11.459 11.7196 11.9703 12.2101 12.438 12.653 12.8541 13.0404 13.2112 13.3657 13.5032 13.623 13.7248 13.808
1.63712 1.66476 1.70085 1.74469 1.79603 1.8547 1.92062 1.99373 2.07403 2.16151 2.25619 2.35809 2.46727 2.58375 2.70759 2.83883 2.97751 3.12368 3.27736 3.43858 3.60735 3.78367 3.96753 4.15887 4.35765 4.56378 4.77714 4.9976 5.22498 5.45906 5.69961 5.94633 6.19889 6.45692 6.72 6.98766 7.25939 7.53463 7.81277 8.09315 8.37507 8.65778 8.94048 9.22236 9.50253 9.78011 10.0542 10.3238 10.5879 10.8457 11.096 11.3381 11.5707 11.7932 12.0044 12.2036 12.3899 12.5624 12.7205 12.8635 12.9908 13.1017 13.196 13.2731
1.74134 1.77055 1.8078 1.85246 1.90429 1.96314 2.02894 2.10161 2.18116 2.26757 2.36085 2.46101 2.56809 2.6821 2.80308 2.93106 3.06606 3.2081 3.35719 3.51334 3.67654 3.84677 4.02399 4.20814 4.39915 4.59692 4.80131 5.01219 5.22935 5.4526 5.68166 5.91627 6.15609 6.40075 6.64986 6.90296 7.15956 7.41914 7.68111 7.94487 8.20975 8.47506 8.74006 9.004 9.26606 9.52544 9.78128 10.0327 10.2789 10.5189 10.7518 10.9768 11.193 11.3995 11.5956 11.7803 11.953 12.113 12.2596 12.3921 12.51 12.6129 12.7002 12.7718
1.84062 1.87122 1.90948 1.9548 2.00699 2.06588 2.13141 2.20352 2.2822 2.36742 2.4592 2.55752 2.66242 2.7739 2.89197 3.01665 3.14795 3.28587 3.43041 3.58155 3.73927 3.90353 4.07428 4.25145 4.43494 4.62464 4.82041 5.0221 5.2295 5.44241 5.66057 5.88369 6.11146 6.34352 6.57948 6.81891 7.06134 7.30627 7.55317 7.80144 8.05049 8.29965 8.54826 8.7956 9.04095 9.28354 9.5226 9.75733 9.98694 10.2106 10.4276 10.637 10.8381 11.0301 11.2122 11.3838 11.5442 11.6926 11.8286 11.9515 12.0609 12.1564 12.2375 12.304
1.93422 1.96605 2.00515 2.05099 2.10338 2.16219 2.22733 2.29876 2.37646 2.4604 2.55057 2.64698 2.74963 2.85852 2.97364 3.09501 3.22261 3.35643 3.49646 3.64267 3.79502 3.95345 4.11789 4.28828 4.46449 4.64642 4.8339 5.02679 5.22487 5.42793 5.63572 5.84795 6.06432 6.28448 6.50806 6.73464 6.96378 7.19501 7.42782 7.66166 7.89597 8.13013 8.36353 8.59551 8.82539 9.05247 9.27605 9.4954 9.70979 9.91849 10.1208 10.3159 10.5031 10.6818 10.8512 11.0108 11.1598 11.2978 11.4241 11.5383 11.6399 11.7285 11.8039 11.8657
