MFC+VTK/函数库及接口制作/重磁三维基本处理/石达三分量转换及求梯度/立方体磁异常_Za.grd
DSAA
127 128
0 992.126
0 1200
-398.816 1185.03
[rows 84 to 111 of 128, columns 63 to 125 of 127]
-73.9345 -74.0915 -74.0741 -73.8803 -73.5142 -72.9771 -72.2762 -71.416 -70.4065 -69.255 -67.9742 -66.5736 -65.0678 -63.4678 -61.7894 -60.0443 -58.2481 -56.4127 -54.5526 -52.6786 -50.8037 -48.937 -47.0892 -45.2675 -43.4804 -41.7328 -40.0309 -38.3777 -36.7775 -35.2316 -33.7424 -32.3099 -30.9353 -29.6176 -28.3568 -27.1515 -26.0008 -24.903 -23.8567 -22.8599 -21.9109 -21.0079 -20.1488 -19.3319 -18.5552 -17.817 -17.1153 -16.4487 -15.8151 -15.2135 -14.6418 -14.0992 -13.5838 -13.0951 -12.6311 -12.192 -11.7757 -11.3828 -11.0114 -10.6625 -10.3348 -10.0299 -9.74733
-67.1901 -67.3254 -67.3106 -67.1438 -66.8288 -66.3664 -65.7629 -65.0217 -64.1516 -63.1585 -62.053 -60.843 -59.5407 -58.1553 -56.6998 -55.1841 -53.6213 -52.021 -50.3959 -48.7547 -47.1088 -45.4657 -43.835 -42.2227 -40.6366 -39.0809 -37.5616 -36.0813 -34.6442 -33.2516 -31.9062 -30.6083 -29.3593 -28.1586 -27.0066 -25.9022 -24.8453 -23.8342 -22.8682 -21.9457 -21.0655 -20.226 -19.4256 -18.663 -17.9364 -17.2447 -16.5858 -15.9589 -15.362 -14.7945 -14.2542 -13.741 -13.2527 -12.7892 -12.3488 -11.9315 -11.5356 -11.1617 -10.8081 -10.4758 -10.1635 -9.87304 -9.60374
-61.2327 -61.3497 -61.3372 -61.1934 -60.9217 -60.5225 -60.0014 -59.361 -58.609 -57.7499 -56.7931 -55.7446 -54.6151 -53.4119 -52.1462 -50.826 -49.4625 -48.0636 -46.6401 -45.1994 -43.7513 -42.302 -40.8601 -39.4307 -38.0208 -36.634 -35.2759 -33.949 -32.6572 -31.4019 -30.1857 -29.0092 -27.8739 -26.7796 -25.7269 -24.7151 -23.7443 -22.8134 -21.9219 -21.0685 -20.2524 -19.4724 -18.7272 -18.0157 -17.3365 -16.6886 -16.0705 -15.4814 -14.9196 -14.3846 -13.8747 -13.3895 -12.9274 -12.4883 -12.0706 -11.6745 -11.2983 -10.9428 -10.6064 -10.2902 -9.9929 -9.71637 -9.45995
-55.9586 -56.0601 -56.0496 -55.9252 -55.6903 -55.3446 -54.8935 -54.3386 -53.6868 -52.9415 -52.1108 -51.1997 -50.2172 -49.1692 -48.0654 -46.9122 -45.7194 -44.4933 -43.2433 -41.9755 -40.6985 -39.4174 -38.14 -36.8704 -35.6149 -34.3769 -33.1614 -31.9705 -30.8081 -29.6755 -28.5754 -27.5083 -26.4759 -25.4782 -24.5161 -23.589 -22.6974 -21.8403 -21.0176 -20.2284 -19.472 -18.7475 -18.0539 -17.3905 -16.756 -16.1496 -15.5701 -15.0169 -14.4885 -13.9845 -13.5035 -13.0453 -12.6083 -12.1926 -11.7968 -11.4211 -11.064 -10.7264 -10.4066 -10.1059 -9.8231 -9.56002 -9.31603
-51.2778 -51.366 -51.3573 -51.2494 -51.0457 -50.7456 -50.3539 -49.8717 -49.3051 -48.6566 -47.9334 -47.1392 -46.2822 -45.3668 -44.4015 -43.3914 -42.3451 -41.2676 -40.1673 -39.0489 -37.9203 -36.7855 -35.6515 -34.5217 -33.402 -32.2951 -31.2056 -30.1355 -29.0884 -28.0656 -27.0696 -26.1011 -25.1618 -24.2517 -23.3721 -22.5225 -21.7034 -20.9143 -20.1552 -19.4254 -18.7245 -18.0518 -17.4065 -16.7881 -16.1956 -15.6284 -15.0853 -14.5661 -14.0694 -13.5951 -13.1416 -12.7092 -12.2962 -11.9031 -11.5282 -11.1722 -10.8335 -10.513 -10.2093 -9.92368 -9.65483 -9.40473 -9.1727
-47.1138 -47.1907 -47.1834 -47.0896 -46.9124 -46.6512 -46.3101 -45.8898 -45.3958 -44.8299 -44.1985 -43.5043 -42.7545 -41.9526 -41.1061 -40.2189 -39.2987 -38.3494 -37.3784 -36.3896 -35.3898 -34.3824 -33.3737 -32.3665 -31.3661 -30.3748 -29.3969 -28.434 -27.4898 -26.5651 -25.6625 -24.7828 -23.9276 -23.0971 -22.2925 -21.5136 -20.761 -20.0344 -19.3339 -18.6591 -18.0096 -17.3851 -16.7849 -16.2086 -15.6555 -15.1251 -14.6165 -14.1294 -13.6628 -13.2165 -12.7893 -12.3815 -11.9915 -11.6199 -11.2652 -10.928 -10.607 -10.303 -10.0148 -9.74354 -9.48815 -9.25053 -9.03
-43.4003 -43.4677 -43.4615 -43.3797 -43.2252 -42.997 -42.6992 -42.3319 -41.8999 -41.4046 -40.8517 -40.2432 -39.5854 -38.881 -38.1366 -37.3553 -36.5438 -35.7054 -34.8464 -33.9701 -33.0825 -32.1864 -31.2873 -30.3877 -29.4924 -28.6031 -27.7241 -26.8566 -26.004 -25.1671 -24.3485 -23.5486 -22.7694 -22.011 -21.2747 -20.5603 -19.8686 -19.1994 -18.5529 -17.9289 -17.3271 -16.7473 -16.1892 -15.6523 -15.136 -14.6402 -14.164 -13.7073 -13.2691 -12.8495 -12.4473 -12.0628 -11.6948 -11.3437 -11.0082 -10.6891 -10.385 -10.0969 -9.82353 -9.56619 -9.32372 -9.09809 -8.88858
-40.0811 -40.1401 -40.1349 -40.0634 -39.9283 -39.7285 -39.4676 -39.1456 -38.7669 -38.3322 -37.8466 -37.3117 -36.733 -36.1125 -35.4561 -34.7663 -34.0489 -33.3065 -32.5448 -31.7663 -30.9766 -30.1778 -29.3749 -28.5699 -27.7671 -26.9681 -26.1767 -25.3941 -24.6232 -23.8649 -23.1216 -22.3938 -21.6833 -20.9902 -20.316 -19.6604 -19.0244 -18.4078 -17.8111 -17.2338 -16.6762 -16.138 -15.6189 -15.1188 -14.6371 -14.1737 -13.7279 -13.2998 -12.8885 -12.4941 -12.1155 -11.7533 -11.4061 -11.0746 -10.7575 -10.4557 -10.1678 -9.89485 -9.63567 -9.39162 -9.16154 -8.94739 -8.74844
-37.1072 -37.1592 -37.1548 -37.092 -36.9735 -36.798 -36.5689 -36.2858 -35.9528 -35.5702 -35.1426 -34.671 -34.1605 -33.6125 -33.0323 -32.4216 -31.7858 -31.1268 -30.4498 -29.7567 -29.0525 -28.3389 -27.6205 -26.8987 -26.1777 -25.4587 -24.7452 -24.038 -23.3402 -22.6523 -21.9767 -21.3137 -20.6653 -20.0315 -19.4136 -18.8117 -18.2266 -17.6583 -17.1072 -16.5732 -16.0564 -15.5568 -15.074 -14.6081 -14.1586 -13.7257 -13.3085 -12.9073 -12.5213 -12.1507 -11.7945 -11.4533 -11.126 -10.8131 -10.5136 -10.2282 -9.95573 -9.69734 -9.45176 -9.22043 -9.00221 -8.79903 -8.61017
-34.4369 -34.4826 -34.479 -34.4237 -34.3195 -34.1648 -33.9631 -33.7135 -33.4198 -33.0821 -32.7046 -32.2877 -31.8362 -31.3509 -30.8366 -30.2946 -29.7298 -29.1434 -28.5403 -27.9218 -27.2926 -26.6538 -26.0097 -25.3614 -24.7127 -24.0646 -23.4202 -22.7803 -22.1478 -21.523 -20.9082 -20.3037 -19.7113 -19.1312 -18.5646 -18.0117 -17.4731 -16.9491 -16.44 -15.9458 -15.4667 -15.0027 -14.5537 -14.1197 -13.7003 -13.2957 -12.9054 -12.5295 -12.1672 -11.8191 -11.4841 -11.1629 -10.8543 -10.5592 -10.2763 -10.0066 -9.74887 -9.50432 -9.27173 -9.05255 -8.84564 -8.65295 -8.47371
-32.034 -32.0744 -32.0713 -32.0225 -31.9305 -31.7939 -31.6157 -31.395 -31.1354 -30.8365 -30.5022 -30.1328 -29.7323 -29.3014 -28.8445 -28.3623 -27.8592 -27.3363 -26.7977 -26.2447 -25.6812 -25.1082 -24.5296 -23.9462 -23.3616 -22.7763 -22.1935 -21.6138 -21.0396 -20.4713 -19.9113 -19.3595 -18.8179 -18.2865 -17.7665 -17.2581 -16.7621 -16.2786 -15.8081 -15.3506 -14.9063 -14.4754 -14.0577 -13.6533 -13.262 -12.884 -12.5187 -12.1665 -11.8267 -11.4997 -11.1848 -10.8824 -10.5916 -10.3132 -10.0461 -9.79134 -9.54767 -9.31632 -9.0961 -8.8885 -8.69238 -8.50969 -8.33962
-29.867 -29.9027 -29.9001 -29.8568 -29.7755 -29.6544 -29.4966 -29.301 -29.0708 -28.8055 -28.5088 -28.1805 -27.8245 -27.4409 -27.0339 -26.6038 -26.1548 -25.6873 -25.2054 -24.7097 -24.204 -23.689 -23.1683 -22.6424 -22.1145 -21.5852 -21.0573 -20.5312 -20.0093 -19.4919 -18.981 -18.4769 -17.9811 -17.4938 -17.0163 -16.5485 -16.0914 -15.645 -15.2099 -14.7862 -14.3741 -13.9737 -13.585 -13.2082 -12.8431 -12.4898 -12.148 -11.818 -11.4993 -11.1922 -10.8961 -10.6115 -10.3375 -10.075 -9.82296 -9.58231 -9.35197 -9.13316 -8.92472 -8.72814 -8.5423 -8.36912 -8.20778
-27.9091 -27.9408 -27.9386 -27.9001 -27.8279 -27.7204 -27.5802 -27.4062 -27.2016 -26.9656 -26.7015 -26.409 -26.0917 -25.7494 -25.386 -25.0015 -24.5997 -24.1808 -23.7486 -23.3034 -22.8487 -22.385 -21.9154 -21.4404 -20.963 -20.4835 -20.0046 -19.5264 -19.0514 -18.5796 -18.1131 -17.6519 -17.1977 -16.7505 -16.3115 -15.8807 -15.4592 -15.0468 -14.6443 -14.2516 -13.8692 -13.497 -13.1353 -12.7841 -12.4432 -12.1131 -11.7933 -11.4841 -11.1851 -10.8967 -10.6183 -10.3505 -10.0925 -9.84499 -9.60713 -9.37989 -9.16221 -8.95531 -8.75806 -8.57195 -8.39589 -8.23175 -8.0787
-26.1364 -26.1646 -26.1626 -26.1283 -26.0641 -25.9682 -25.8434 -25.6884 -25.506 -25.2954 -25.0598 -24.7985 -24.515 -24.2089 -23.8836 -23.539 -23.1787 -22.8026 -22.4141 -22.0134 -21.6038 -21.1853 -20.7611 -20.3314 -19.8989 -19.4637 -19.0285 -18.5933 -18.1604 -17.7297 -17.3031 -16.8808 -16.4642 -16.0533 -15.6494 -15.2524 -14.8633 -14.4821 -14.1095 -13.7454 -13.3903 -13.0443 -12.7075 -12.38 -12.0618 -11.7532 -11.4539 -11.1642 -10.8837 -10.6129 -10.3511 -10.0991 -9.85607 -9.6228 -9.39837 -9.18383 -8.97814 -8.78253 -8.5959 -8.41974 -8.25294 -8.0974 -7.95221
-24.529 -24.554 -24.5522 -24.5215 -24.4642 -24.3786 -24.2672 -24.1285 -23.9656 -23.7772 -23.5665 -23.3325 -23.0786 -22.8041 -22.5122 -22.2028 -21.8789 -21.5404 -21.1905 -20.8291 -20.4593 -20.081 -19.697 -19.3075 -18.915 -18.5195 -18.1234 -17.7268 -17.3316 -16.9378 -16.5474 -16.1601 -15.7776 -15.3997 -15.0277 -14.6616 -14.3022 -13.9495 -13.6043 -13.2666 -12.9367 -12.6148 -12.3011 -11.9957 -11.6985 -11.41 -11.1297 -10.8583 -10.5951 -10.3408 -10.0947 -9.85757 -9.62863 -9.40875 -9.19701 -8.99448 -8.80013 -8.61522 -8.43865 -8.27192 -8.11393 -7.96652 -7.82879
-23.0682 -23.0904 -23.0889 -23.0613 -23.01 -22.9333 -22.8335 -22.7093 -22.5634 -22.3944 -22.2055 -21.9955 -21.7675 -21.5207 -21.2584 -20.9798 -20.688 -20.3828 -20.067 -19.7404 -19.4058 -19.0631 -18.715 -18.3613 -18.0045 -17.6445 -17.2835 -16.9214 -16.5602 -16.1997 -15.8418 -15.4863 -15.1347 -14.7868 -14.4439 -14.1059 -13.7736 -13.4472 -13.1272 -12.8137 -12.507 -12.2074 -11.915 -11.6301 -11.3525 -11.0826 -10.8202 -10.5657 -10.3187 -10.0799 -9.84851 -9.62538 -9.40973 -9.20247 -9.00271 -8.81152 -8.62789 -8.4531 -8.28605 -8.12825 -7.97858 -7.83889 -7.70822
-21.7392 -21.759 -21.7576 -21.7327 -21.6868 -21.6177 -21.5282 -21.4166 -21.2855 -21.1337 -20.9638 -20.7748 -20.5697 -20.3474 -20.1109 -19.8595 -19.5962 -19.3203 -19.0347 -18.7389 -18.4357 -18.1247 -17.8085 -17.4867 -17.1618 -16.8335 -16.5039 -16.1729 -15.8423 -15.5119 -15.1834 -14.8567 -14.5331 -14.2125 -13.896 -13.5837 -13.2763 -12.9738 -12.6769 -12.3857 -12.1005 -11.8215 -11.5488 -11.2828 -11.0234 -10.7709 -10.5251 -10.2865 -10.0547 -9.83032 -9.61274 -9.40274 -9.1996 -9.00422 -8.81574 -8.63525 -8.46175 -8.29652 -8.13848 -7.98913 -7.84734 -7.71495 -7.59097
-20.5275 -20.5452 -20.5439 -20.5214 -20.48 -20.4178 -20.3373 -20.2367 -20.1187 -19.9818 -19.8288 -19.6584 -19.4733 -19.2726 -19.059 -18.8317 -18.5935 -18.3436 -18.0848 -17.8164 -17.5411 -17.2583 -16.9705 -16.6773 -16.381 -16.0811 -15.7798 -15.4767 -15.1737 -14.8704 -14.5686 -14.2679 -13.9697 -13.674 -13.3817 -13.0927 -12.808 -12.5276 -12.2519 -11.9812 -11.7158 -11.4558 -11.2014 -10.953 -10.7104 -10.4741 -10.2438 -10.02 -9.80235 -9.59149 -9.38683 -9.18916 -8.99776 -8.81356 -8.63571 -8.4653 -8.30135 -8.14515 -7.99561 -7.85424 -7.7199 -7.59441 -7.47674
-19.4221 -19.4378 -19.4365 -19.4161 -19.3788 -19.3225 -19.2499 -19.159 -19.0526 -18.9289 -18.7907 -18.6366 -18.4693 -18.2876 -18.0943 -17.8883 -17.6723 -17.4455 -17.2104 -16.9664 -16.7159 -16.4583 -16.196 -15.9283 -15.6576 -15.3832 -15.1073 -14.8293 -14.5512 -14.2724 -13.9947 -13.7176 -13.4426 -13.1694 -12.8991 -12.6316 -12.3677 -12.1074 -11.8513 -11.5994 -11.3522 -11.1098 -10.8723 -10.6401 -10.4132 -10.1919 -9.97601 -9.76606 -9.56166 -9.36346 -9.1709 -8.98479 -8.80442 -8.63073 -8.46287 -8.30196 -8.14701 -7.99932 -7.85781 -7.72397 -7.59667 -7.47769 -7.36599
-18.4111 -18.4252 -18.424 -18.4053 -18.3715 -18.3206 -18.2549 -18.1726 -18.0763 -17.9643 -17.8392 -17.6995 -17.548 -17.3832 -17.2078 -17.0207 -16.8245 -16.6182 -16.4044 -16.1821 -15.9538 -15.7187 -15.4791 -15.2343 -14.9865 -14.7351 -14.482 -14.2268 -13.9711 -13.7145 -13.4586 -13.203 -12.949 -12.6964 -12.4462 -12.1982 -11.9534 -11.7115 -11.4734 -11.2388 -11.0084 -10.7822 -10.5604 -10.3433 -10.1309 -9.92357 -9.72109 -9.52402 -9.33197 -9.1456 -8.96437 -8.78909 -8.61905 -8.45523 -8.29676 -8.14478 -7.99831 -7.85864 -7.72469 -7.59795 -7.47729 -7.36446 -7.25839
-17.4867 -17.4992 -17.498 -17.4809 -17.4503 -17.4039 -17.3443 -17.2696 -17.1823 -17.0806 -16.9671 -16.8402 -16.7025 -16.5527 -16.3933 -16.223 -16.0444 -15.8563 -15.6613 -15.4584 -15.2499 -15.0349 -14.8157 -14.5915 -14.3643 -14.1336 -13.9011 -13.6663 -13.4309 -13.1944 -12.9583 -12.7222 -12.4873 -12.2534 -12.0215 -11.7914 -11.564 -11.3391 -11.1174 -10.8989 -10.6839 -10.4727 -10.2654 -10.0622 -9.86327 -9.6689 -9.4789 -9.29382 -9.11329 -8.93798 -8.76734 -8.6022 -8.44186 -8.28729 -8.13765 -7.99406 -7.85556 -7.72344 -7.59661 -7.47657 -7.36216 -7.25513 -7.15437
-16.6392 -16.6503 -16.6491 -16.6334 -16.6055 -16.5633 -16.5091 -16.4411 -16.3617 -16.2691 -16.1659 -16.0504 -15.9251 -15.7886 -15.6433 -15.488 -15.3251 -15.1534 -14.9752 -14.7896 -14.5988 -14.4019 -14.201 -13.9952 -13.7866 -13.5745 -13.3605 -13.1443 -12.9272 -12.7089 -12.4908 -12.2724 -12.0549 -11.8381 -11.623 -11.4093 -11.1978 -10.9885 -10.7819 -10.5781 -10.3774 -10.18 -9.98601 -9.79581 -9.60935 -9.42701 -9.24862 -9.07472 -8.90492 -8.73992 -8.57918 -8.42353 -8.27227 -8.12638 -7.98501 -7.84931 -7.7183 -7.59328 -7.47315 -7.35941 -7.25089 -7.14931 -7.05355
-15.8627 -15.8726 -15.8714 -15.8569 -15.8313 -15.7927 -15.7433 -15.6813 -15.6089 -15.5244 -15.4303 -15.3249 -15.2105 -15.0859 -14.9532 -14.8112 -14.6623 -14.5051 -14.342 -14.172 -13.997 -13.8163 -13.6317 -13.4426 -13.2507 -13.0553 -12.8581 -12.6586 -12.4581 -12.2563 -12.0545 -11.8522 -11.6506 -11.4494 -11.2495 -11.0508 -10.8539 -10.6589 -10.4662 -10.2759 -10.0883 -9.90367 -9.72209 -9.54386 -9.36897 -9.19781 -9.03021 -8.86669 -8.70691 -8.55153 -8.40004 -8.25326 -8.11049 -7.97273 -7.83913 -7.71083 -7.58685 -7.46849 -7.35467 -7.24685 -7.14388 -7.04744 -6.95638
-15.1493 -15.158 -15.1568 -15.1434 -15.12 -15.0846 -15.0394 -14.9826 -14.9165 -14.8393 -14.7533 -14.6568 -14.5523 -14.4382 -14.3168 -14.1867 -14.0503 -13.9062 -13.7566 -13.6004 -13.4397 -13.2735 -13.1038 -12.9296 -12.7527 -12.5725 -12.3905 -12.2061 -12.0207 -11.8339 -11.6469 -11.4592 -11.2721 -11.0851 -10.8992 -10.7141 -10.5307 -10.3487 -10.1688 -9.99096 -9.81553 -9.64265 -9.47251 -9.30535 -9.14118 -8.9804 -8.82281 -8.66897 -8.5185 -8.3721 -8.22924 -8.09074 -7.95592 -7.82576 -7.69943 -7.57806 -7.46068 -7.34859 -7.24068 -7.13843 -7.04066 -6.94905 -6.86243
-14.4948 -14.5026 -14.5013 -14.4888 -14.4673 -14.4347 -14.3933 -14.3412 -14.2806 -14.2098 -14.131 -14.0425 -13.9467 -13.842 -13.7306 -13.6112 -13.4859 -13.3535 -13.216 -13.0722 -12.9244 -12.7712 -12.6147 -12.454 -12.2907 -12.1241 -11.9558 -11.7851 -11.6134 -11.4401 -11.2666 -11.0923 -10.9183 -10.7442 -10.5711 -10.3986 -10.2274 -10.0575 -9.88931 -9.72292 -9.55865 -9.39664 -9.23704 -9.08013 -8.9259 -8.77473 -8.62645 -8.4816 -8.3398 -8.20176 -8.06694 -7.93618 -7.80878 -7.68574 -7.56622 -7.45135 -7.34015 -7.23393 -7.13157 -7.03455 -6.94167 -6.8546 -6.77214
-13.8926 -13.8994 -13.8981 -13.8864 -13.8665 -13.8365 -13.7984 -13.7505 -13.6949 -13.6297 -13.5574 -13.4761 -13.3881 -13.2918 -13.1894 -13.0795 -12.9643 -12.8423 -12.7156 -12.5831 -12.4467 -12.3054 -12.1609 -12.0123 -11.8613 -11.707 -11.5512 -11.3928 -11.2335 -11.0726 -10.9113 -10.7491 -10.5872 -10.425 -10.2635 -10.1025 -9.94256 -9.78366 -9.6263 -9.47045 -9.31647 -9.16447 -9.01463 -8.8672 -8.72216 -8.57991 -8.44026 -8.30375 -8.17003 -8.03977 -7.91244 -7.7889 -7.66843 -7.55204 -7.43888 -7.33008 -7.22468 -7.12395 -7.0268 -6.93468 -6.84639 -6.76358 -6.68502
-13.3398 -13.3458 -13.3444 -13.3334 -13.315 -13.2872 -13.2521 -13.2078 -13.1566 -13.0965 -13.0299 -12.9549 -12.8739 -12.7851 -12.6908 -12.5894 -12.4831 -12.3705 -12.2536 -12.1311 -12.0051 -11.8743 -11.7405 -11.6029 -11.463 -11.3199 -11.1752 -11.0281 -10.8801 -10.7303 -10.5802 -10.4291 -10.278 -10.1266 -9.97582 -9.82526 -9.67567 -9.52689 -9.37943 -9.23328 -9.08876 -8.94601 -8.80516 -8.66648 -8.52995 -8.39596 -8.26432 -8.13556 -8.00933 -7.88631 -7.76597 -7.64915 -7.53515 -7.42496 -7.31774 -7.21463 -7.11465 -7.01907 -6.92679 -6.83926 -6.75527 -6.67645 -6.60156
-12.8306 -12.8358 -12.8343 -12.824 -12.8069 -12.781 -12.7486 -12.7076 -12.6603 -12.6048 -12.5433 -12.4741 -12.3992 -12.3172 -12.2301 -12.1364 -12.0381 -11.9339 -11.8258 -11.7124 -11.5957 -11.4744 -11.3504 -11.2227 -11.0928 -10.9598 -10.8253 -10.6884 -10.5506 -10.411 -10.271 -10.1299 -9.98889 -9.84739 -9.70632 -9.56537 -9.42523 -9.28573 -9.14738 -9.01014 -8.87435 -8.7401 -8.60756 -8.47697 -8.34831 -8.22196 -8.09774 -7.97617 -7.8569 -7.74061 -7.62676 -7.51619 -7.40822 -7.30381 -7.20215 -7.10434 -7.00941 -6.91864 -6.83092 -6.74769 -6.66773 -6.59265 -6.5212
