MFC+VTK/函数库及接口制作/重磁三维基本处理/石达三分量转换及求梯度/立方体磁异常_Za.grd
DSAA
127 128
0 992.126
0 1200
-398.816 1185.03
[rows 28 to 55 of 128, columns 0 to 62 of 127]
-7.12919 -7.3291 -7.5231 -7.71367 -7.90308 -8.09149 -8.2802 -8.46892 -8.65845 -8.84831 -9.03888 -9.2296 -9.42045 -9.61075 -9.80007 -9.98759 -10.1724 -10.3535 -10.5294 -10.6988 -10.8595 -11.01 -11.1472 -11.269 -11.3715 -11.4518 -11.5051 -11.5274 -11.5127 -11.4563 -11.3507 -11.19 -10.9654 -10.6702 -10.2943 -9.83026 -9.26758 -8.59883 -7.81391 -6.90682 -5.86954 -4.69944 -3.39282 -1.95282 -0.382525 1.30685 3.10346 4.98677 6.93584 8.9216 10.9161 12.8848 14.7972 16.6184 18.3199 19.8718 21.2518 22.4374 23.4148 24.1696 24.6955 24.9852 25.0384
-7.17963 -7.39092 -7.59591 -7.79733 -7.99758 -8.19691 -8.39667 -8.59662 -8.79759 -8.99913 -9.20162 -9.40451 -9.60775 -9.81066 -10.0128 -10.2132 -10.4109 -10.6048 -10.7932 -10.9748 -11.1471 -11.3082 -11.4548 -11.5842 -11.6922 -11.7751 -11.8274 -11.8443 -11.8187 -11.7445 -11.6127 -11.4158 -11.143 -10.7852 -10.3297 -9.76622 -9.08092 -8.26294 -7.29853 -6.17799 -4.88968 -3.42769 -1.78565 0.0350719 2.03189 4.1925 6.50211 8.93516 11.4636 14.0493 16.6537 19.2308 21.7376 24.1279 26.3623 28.4013 30.2155 31.7765 33.0667 34.0693 34.7773 35.1829 35.2863
-7.23197 -7.45493 -7.67122 -7.88384 -8.09531 -8.30596 -8.51722 -8.72889 -8.94182 -9.15561 -9.37065 -9.58638 -9.80276 -10.0191 -10.2348 -10.449 -10.6606 -10.8684 -11.0706 -11.2655 -11.4505 -11.6235 -11.7806 -11.9189 -12.0334 -12.1198 -12.1717 -12.1833 -12.1462 -12.0529 -11.8927 -11.6558 -11.3289 -10.9002 -10.3536 -9.675 -8.84633 -7.85205 -6.67335 -5.29523 -3.70076 -1.87899 0.180855 2.4807 5.01959 7.78468 10.7579 13.9075 17.196 20.5727 23.9843 27.368 30.664 33.809 36.7488 39.4311 41.8164 43.8695 45.5682 46.894 47.8393 48.3971 48.5689
-7.2857 -7.52062 -7.74854 -7.97273 -8.19582 -8.41824 -8.64148 -8.8654 -9.0909 -9.31759 -9.54589 -9.77526 -10.0056 -10.2363 -10.4667 -10.6958 -10.9226 -11.1455 -11.3628 -11.5725 -11.7719 -11.9583 -12.1277 -12.2764 -12.399 -12.4904 -12.5431 -12.5503 -12.5021 -12.3892 -12.1988 -11.9187 -11.5327 -11.0251 -10.3758 -9.56589 -8.57169 -7.37139 -5.93926 -4.25288 -2.28759 -0.0247849 2.55334 5.45445 8.68127 12.2217 16.0545 20.1402 24.4288 28.8527 33.337 37.7955 42.1432 46.2931 50.1694 53.7023 56.8392 59.5364 61.7675 63.5126 64.7653 65.521 65.7839
-7.3414 -7.58852 -7.82833 -8.06441 -8.29946 -8.53405 -8.76971 -9.00638 -9.24498 -9.48518 -9.72741 -9.97115 -10.2164 -10.4623 -10.7083 -10.9535 -11.1965 -11.436 -11.6698 -11.8959 -12.1112 -12.3127 -12.4961 -12.6572 -12.7897 -12.8878 -12.9429 -12.947 -12.8884 -12.7559 -12.5343 -12.2084 -11.7583 -11.1642 -10.4006 -9.44253 -8.25915 -6.82039 -5.09114 -3.03864 -0.627153 2.17332 5.39159 9.04503 13.1435 17.6781 22.6254 27.937 33.5465 39.3624 45.2795 51.1766 56.9326 62.4255 67.5487 72.2081 76.3341 79.8729 82.7947 85.0806 86.7283 87.7386 88.1209
-7.39859 -7.65811 -7.9101 -8.15837 -8.40577 -8.65293 -8.90149 -9.15143 -9.40374 -9.65811 -9.91503 -10.174 -10.4349 -10.6972 -10.96 -11.2225 -11.4832 -11.7407 -11.9927 -12.237 -12.4703 -12.6892 -12.8889 -13.0647 -13.2096 -13.3169 -13.3769 -13.3799 -13.3128 -13.162 -12.9094 -12.5364 -12.019 -11.3319 -10.4436 -9.32139 -7.92528 -6.21447 -4.14143 -1.6592 1.2836 4.73368 8.73675 13.326 18.5242 24.3304 30.7215 37.6395 44.9969 52.6689 60.5065 68.3373 75.986 83.2787 90.0647 96.2159 101.641 106.275 110.088 113.065 115.215 116.548 117.083
-7.4578 -7.72987 -7.99424 -8.25496 -8.51501 -8.77511 -9.03698 -9.30068 -9.56723 -9.8364 -10.1087 -10.3836 -10.6612 -10.9408 -11.2216 -11.5026 -11.7824 -12.0595 -12.3314 -12.5959 -12.8491 -13.0877 -13.3062 -13.4994 -13.6595 -13.779 -13.8468 -13.8518 -13.7789 -13.6119 -13.3297 -12.9098 -12.3232 -11.5385 -10.5167 -9.21566 -7.58418 -5.56772 -3.10246 -0.122418 3.44552 7.67205 12.6282 18.3724 24.9496 32.3751 40.6317 49.653 59.325 69.4771 79.8965 90.3343 100.533 110.243 119.247 127.37 134.494 140.545 145.496 149.349 152.127 153.862 154.589
-7.51855 -7.80329 -8.08024 -8.35367 -8.62667 -8.90008 -9.1757 -9.45365 -9.73503 -10.0197 -10.3081 -10.5999 -10.8951 -11.193 -11.493 -11.794 -12.0945 -12.393 -12.6868 -12.9736 -13.2494 -13.5103 -13.7506 -13.9645 -14.1434 -14.2788 -14.3585 -14.3697 -14.295 -14.1158 -13.8075 -13.3431 -12.688 -11.8041 -10.6432 -9.15223 -7.26612 -4.9133 -2.00913 1.53736 5.82871 10.9693 17.0673 24.2197 32.5085 41.9791 52.6315 64.3957 77.1264 90.5906 104.483 118.438 132.076 145.028 156.984 167.703 177.033 184.898 191.286 196.227 199.779 202.004 202.963
-7.58131 -7.87878 -8.16842 -8.45474 -8.74094 -9.02798 -9.31771 -9.61035 -9.90708 -10.2078 -10.513 -10.8225 -11.1362 -11.4536 -11.774 -12.0963 -12.4191 -12.7406 -13.0584 -13.3698 -13.6707 -13.9569 -14.2222 -14.4603 -14.6621 -14.8179 -14.9142 -14.9366 -14.8655 -14.6796 -14.3504 -13.8463 -13.1266 -12.1451 -10.8437 -9.15636 -7.00163 -4.28728 -0.902796 3.27468 8.38642 14.5827 22.0245 30.8662 41.2486 53.27 66.9673 82.2793 99.0282 116.898 135.447 154.138 172.4 189.685 205.544 219.648 231.81 241.962 250.131 256.399 260.879 263.685 264.915
-7.64561 -7.9558 -8.25824 -8.55761 -8.85725 -9.15821 -9.46243 -9.77022 -10.0828 -10.4002 -10.723 -11.051 -11.3842 -11.7222 -12.0642 -12.4093 -12.7561 -13.1028 -13.4468 -13.7853 -14.1141 -14.4289 -14.723 -14.9896 -15.2189 -15.4003 -15.5191 -15.5593 -15.4989 -15.3138 -14.9717 -14.4359 -13.6592 -12.5868 -11.1495 -9.26655 -6.83776 -3.7466 0.148469 5.0097 11.0276 18.4128 27.3982 38.2209 51.1106 66.2524 83.7541 103.588 125.552 149.221 173.964 198.979 223.404 246.422 267.378 285.828 301.557 314.53 324.851 332.69 338.25 341.718 343.251
-7.71185 -8.0347 -8.34995 -8.66248 -8.97571 -9.29081 -9.60982 -9.93311 -10.262 -10.5966 -10.9377 -11.2849 -11.6386 -11.9981 -12.3631 -12.7324 -13.1048 -13.4785 -13.8509 -14.2192 -14.5789 -14.9256 -15.2525 -15.5521 -15.8141 -16.027 -16.175 -16.2404 -16.1993 -16.0244 -15.6797 -15.1235 -14.3016 -13.1502 -11.5882 -9.5191 -6.8217 -3.3521 1.06715 6.64491 13.6316 22.3139 33.0185 46.0951 61.9012 80.7563 102.89 128.354 156.94 188.1 220.935 254.254 286.752 317.208 344.676 368.57 388.664 405.011 417.842 427.474 434.238 438.427 440.278
-7.77954 -8.11493 -8.44297 -8.76871 -9.09567 -9.42512 -9.7592 -10.0984 -10.4441 -10.7964 -11.1563 -11.5236 -11.8986 -12.2809 -12.67 -13.0651 -13.4649 -13.8676 -14.2708 -14.6715 -15.0655 -15.4479 -15.8117 -16.1493 -16.4498 -16.7009 -16.8859 -16.9854 -16.9738 -16.8208 -16.4868 -15.9251 -15.0747 -13.8626 -12.1955 -9.96023 -7.01359 -3.18194 1.75175 8.04896 16.0295 26.0704 38.6143 54.1548 73.2218 96.3268 123.89 156.109 192.82 233.342 276.42 320.308 363.05 402.838 438.331 468.781 494.002 514.204 529.831 541.407 549.442 554.37 556.527
-7.84903 -8.19674 -8.53748 -8.8764 -9.21714 -9.56107 -9.91039 -10.2657 -10.6285 -10.9991 -11.3784 -11.7664 -12.1636 -12.5696 -12.9841 -13.4063 -13.8351 -14.2688 -14.705 -15.1409 -15.5722 -15.994 -16.3993 -16.7801 -17.1251 -17.4217 -17.6519 -17.7955 -17.8247 -17.7071 -17.3996 -16.8506 -15.9928 -14.7444 -12.9999 -10.6298 -7.46847 -3.31175 2.0988 9.08076 18.0296 29.4232 43.8372 61.9368 84.4654 112.185 145.781 185.687 231.849 283.468 338.851 395.506 450.578 501.458 546.3 584.204 615.095 639.444 657.993 671.54 680.825 686.45 688.864
-7.91979 -8.27956 -8.63284 -8.98488 -9.33941 -9.69789 -10.0626 -10.4343 -10.8146 -11.2038 -11.6031 -12.0125 -12.4326 -12.8632 -13.3042 -13.755 -14.2144 -14.6811 -15.1528 -15.6267 -16.0986 -16.5637 -17.0151 -17.4446 -17.8407 -18.1903 -18.475 -18.6734 -18.7565 -18.6896 -18.4267 -17.9121 -17.0727 -15.8185 -14.0329 -11.5709 -8.24536 -3.82268 1.99634 9.58534 19.4165 32.0725 48.2696 68.8596 94.8249 127.22 167.057 215.079 271.42 335.197 404.224 475.096 543.837 606.856 661.73 707.437 744.106 772.559 793.913 809.293 819.692 825.897 828.481
-7.99208 -8.36357 -8.72914 -9.09416 -9.4624 -9.83541 -10.2156 -10.6038 -11.0018 -11.4099 -11.8295 -12.2608 -12.7046 -13.1607 -13.6292 -14.1097 -14.6013 -15.1028 -15.6121 -16.1265 -16.6422 -17.1545 -17.6564 -18.14 -18.5937 -19.0043 -19.3529 -19.6175 -19.768 -19.7683 -19.57 -19.1139 -18.322 -17.0976 -15.3142 -12.8132 -9.38836 -4.77924 1.35063 9.42679 19.9935 33.7325 51.4961 74.318 103.419 140.153 185.874 241.665 307.887 383.604 466.133 551.1 633.322 708.168 772.645 825.659 867.601 899.694 923.453 940.338 951.596 958.195 960.823
-8.06535 -8.44813 -8.82572 -9.20349 -9.5853 -9.97279 -10.3685 -10.7733 -11.189 -11.6164 -12.0567 -12.5104 -12.9783 -13.4606 -13.9577 -14.4691 -14.9943 -15.5323 -16.0812 -16.6389 -17.2014 -17.7646 -18.3216 -18.8649 -19.3828 -19.8623 -20.2845 -20.6271 -20.8594 -20.9443 -20.8318 -20.4602 -19.748 -18.593 -16.8609 -14.382 -10.9343 -6.23515 0.0834114 8.49099 19.5934 34.1577 53.1535 77.7727 109.444 149.782 200.443 262.808 337.439 423.351 517.414 614.387 708.019 792.77 865.168 924.091 970.192 1005.06 1030.57 1048.47 1060.24 1066.99 1069.51
-8.1398 -8.53337 -8.92259 -9.31281 -9.70796 -10.1098 -10.5208 -10.9422 -11.3758 -11.8224 -12.2836 -12.7599 -13.2525 -13.7617 -14.2879 -14.8311 -15.3911 -15.9671 -16.5576 -17.1607 -17.7729 -18.3904 -19.0068 -19.6147 -20.2032 -20.7593 -21.2645 -21.6966 -22.0249 -22.2119 -22.2068 -21.9466 -21.3472 -20.3031 -18.6743 -16.2833 -12.8963 -8.21396 -1.84442 6.71558 18.119 33.1983 53.0125 78.8735 112.366 155.295 209.536 276.675 357.398 450.654 552.959 658.436 760.066 851.674 929.468 992.318 1041.08 1077.62 1104.08 1122.43 1134.31 1140.94 1143.2
-8.21482 -8.61861 -9.01901 -9.42132 -9.82952 -10.2454 -10.6717 -11.1094 -11.5608 -12.0268 -12.509 -13.0082 -13.5257 -14.0621 -14.6182 -15.1941 -15.7899 -16.4052 -17.0389 -17.6895 -18.354 -19.0289 -19.7085 -20.3861 -21.0511 -21.6912 -22.2886 -22.8215 -23.2597 -23.566 -23.6896 -23.5674 -23.1143 -22.2229 -20.7504 -18.5143 -15.2739 -10.7187 -4.44143 4.08354 15.5406 30.8056 50.9963 77.5019 112.005 156.427 212.767 282.716 367.007 464.513 571.511 681.74 787.744 883.001 963.549 1028.27 1078.16 1115.25 1141.85 1160.09 1171.69 1177.96 1179.8
-8.29053 -8.70391 -9.11495 -9.52889 -9.94974 -10.3793 -10.8205 -11.2745 -11.7435 -12.2287 -12.7318 -13.2539 -13.7965 -14.3603 -14.9465 -15.5556 -16.188 -16.8436 -17.5217 -18.2214 -18.9402 -19.6753 -20.4216 -21.1729 -21.9197 -22.6505 -23.3482 -23.9922 -24.5532 -24.9949 -25.2675 -25.3084 -25.0333 -24.3346 -23.0691 -21.0527 -18.0415 -13.7201 -7.67342 0.635974 11.9091 27.0453 47.193 73.7818 108.542 153.451 210.558 281.59 367.276 466.428 575.191 687.114 794.556 890.853 971.995 1036.9 1086.62 1123.32 1149.39 1167.02 1178.02 1183.71 1185.03
-8.36629 -8.78853 -9.20963 -9.63468 -10.0677 -10.5106 -10.9663 -11.4362 -11.9225 -12.4266 -12.9506 -13.4954 -14.063 -14.6544 -15.271 -15.9136 -16.5829 -17.2795 -18.0031 -18.7532 -19.5281 -20.3256 -21.1413 -21.9701 -22.8033 -23.6306 -24.436 -25.2003 -25.8957 -26.4874 -26.9273 -27.1546 -27.0867 -26.6178 -25.6061 -23.8688 -21.1628 -17.1727 -11.482 -3.55055 7.32758 22.059 41.8027 68.0008 102.399 146.988 203.828 274.646 360.153 459.125 567.649 679.217 786.135 881.725 961.989 1025.89 1074.55 1110.17 1135.21 1151.89 1162.03 1167 1167.7
-8.44216 -8.87249 -9.30295 -9.73849 -10.1831 -10.6388 -11.1086 -11.5938 -12.0971 -12.6198 -13.1641 -13.7314 -14.3238 -14.9425 -15.5892 -16.2653 -16.9718 -17.7096 -18.4791 -19.2805 -20.1125 -20.9739 -21.8611 -22.7701 -23.6933 -24.6217 -25.5409 -26.4332 -27.2728 -28.027 -28.6501 -29.0839 -29.2486 -29.0416 -28.3247 -26.9187 -24.584 -21.0092 -15.7818 -8.36534 1.94248 16.045 35.0978 60.5399 94.1131 137.802 193.661 263.405 347.734 445.409 552.512 662.536 767.809 861.687 940.221 1002.42 1049.47 1083.59 1107.28 1122.79 1131.93 1136.06 1136.11
-8.51745 -8.95502 -9.3941 -9.83945 -10.2951 -10.763 -11.2462 -11.7463 -12.2659 -12.8066 -13.3708 -13.9602 -14.5768 -15.2225 -15.8991 -16.6084 -17.3518 -18.1309 -18.9465 -19.7993 -20.6891 -21.6153 -22.5755 -23.5666 -24.5824 -25.6155 -26.653 -27.6795 -28.6712 -29.5981 -30.4175 -31.0745 -31.4933 -31.5755 -31.1879 -30.1566 -28.2485 -25.1588 -20.4824 -13.6914 -4.09215 9.20873 27.3565 51.7789 84.2061 126.611 181.036 249.19 331.768 427.537 532.598 640.475 743.544 835.213 911.593 971.747 1016.89 1049.3 1071.48 1085.69 1093.74 1097.01 1096.41
-8.59216 -9.03607 -9.48297 -9.93736 -10.4032 -10.8826 -11.3786 -11.8928 -12.4281 -12.9862 -13.5696 -14.1802 -14.8205 -15.4925 -16.1983 -16.9401 -17.72 -18.5397 -19.4009 -20.305 -21.2524 -22.2436 -23.277 -24.3511 -25.461 -26.6008 -27.7597 -28.9245 -30.0739 -31.181 -32.2066 -33.0998 -33.7892 -34.1822 -34.1512 -33.5296 -32.0921 -29.5427 -25.4866 -19.4065 -10.6212 1.74981 18.8381 42.0575 73.1247 114.001 166.721 232.991 313.511 407.068 509.791 615.25 715.871 805.122 879.171 937.133 980.265 1010.87 1031.47 1044.33 1051.28 1053.67 1052.42
-8.66557 -9.11487 -9.56872 -10.0313 -10.5067 -10.9967 -11.5047 -12.0323 -12.5825 -13.1571 -13.7589 -14.39 -15.053 -15.7503 -16.4845 -17.258 -18.0733 -18.9329 -19.8388 -20.7933 -21.7976 -22.8532 -23.9596 -25.1166 -26.3207 -27.568 -28.8498 -30.1551 -31.4657 -32.7579 -33.9964 -35.1349 -36.1073 -36.827 -37.1736 -36.9885 -36.0556 -34.0897 -30.7073 -25.4043 -17.5132 -6.16837 9.74698 31.6324 61.1921 100.378 151.221 215.431 293.722 384.904 485.144 588.058 686.127 772.877 844.529 900.246 941.325 970.096 989.098 1000.6 1006.45 1007.99 1006.13
-8.73765 -9.19135 -9.65121 -10.1211 -10.605 -11.1048 -11.6239 -12.1639 -12.7281 -13.3182 -13.9374 -14.5879 -15.2726 -15.9941 -16.7553 -17.5593 -18.4087 -19.3067 -20.256 -21.2594 -22.3192 -23.4377 -24.6158 -25.8543 -27.1517 -28.5057 -29.9099 -31.3559 -32.8286 -34.3079 -35.7627 -37.1517 -38.4147 -39.4717 -40.2103 -40.4811 -40.0783 -38.7285 -36.0615 -31.5874 -24.6544 -14.4127 0.238787 20.6852 48.6191 85.9856 134.815 196.826 272.75 361.43 459.072 559.341 654.775 738.956 808.159 861.593 900.592 927.513 944.91 955.069 959.825 960.528 958.089
-8.80765 -9.26473 -9.72962 -10.2059 -10.6974 -11.2061 -11.7352 -12.2867 -12.8637 -13.4683 -14.1037 -14.7724 -15.4774 -16.2217 -17.0087 -17.8414 -18.7234 -19.658 -20.6488 -21.6993 -22.8124 -23.9917 -25.2391 -26.557 -27.9453 -29.4038 -30.9284 -32.5134 -34.1469 -35.8127 -37.4841 -39.1251 -40.682 -42.0822 -43.2218 -43.9616 -44.1073 -43.3988 -41.4805 -37.8791 -31.9599 -22.891 -9.58894 9.31581 35.5038 70.9136 117.577 177.225 250.612 336.616 431.492 528.958 621.614 703.101 769.749 820.815 857.67 882.696 898.464 907.265 910.937 910.826 907.839
-8.87552 -9.33492 -9.80382 -10.2854 -10.7835 -11.3 -11.8382 -12.4 -12.9887 -13.6065 -14.2568 -14.9421 -15.666 -16.4315 -17.2423 -18.102 -19.0144 -19.9835 -21.0133 -22.1082 -23.272 -24.509 -25.8226 -27.2164 -28.6921 -30.2514 -31.8925 -33.6126 -35.4031 -37.2518 -39.1367 -41.0277 -42.8776 -44.6219 -46.1662 -47.3822 -48.0888 -48.0406 -46.8991 -44.2096 -39.3579 -31.5334 -19.6737 -2.4285 21.8674 55.1441 99.435 156.483 227.073 310.123 401.947 496.329 585.939 664.49 728.375 776.901 811.477 834.509 848.581 855.987 858.561 857.644 854.134
-8.9405 -9.40115 -9.87303 -10.3589 -10.8626 -11.3857 -11.9317 -12.5027 -13.1018 -13.7315 -14.3952 -15.0957 -15.8368 -16.6217 -17.4543 -18.3388 -19.2792 -20.2802 -21.3462 -22.4824 -23.6934 -24.9846 -26.3603 -27.8257 -29.384 -31.039 -32.7912 -34.6406 -36.5822 -38.6077 -40.7002 -42.8355 -44.9736 -47.0585 -49.0062 -50.7007 -51.9754 -52.6018 -52.2612 -50.5214 -46.793 -40.2921 -29.984 -14.5445 7.66926 38.5727 80.1961 134.296 201.689 281.349 369.659 460.492 546.611 621.815 682.578 728.265 760.327 781.191 793.446 799.381 800.818 799.086 795.07
