MFC+VTK/函数库及接口制作/重磁三维基本处理/石达三分量转换及求梯度/立方体磁异常→ΔHy分量.grd
DSAA
127 128
0.000000 992.125977
0.000000 1200.000000
-675.968140 661.508179
[rows 26 to 51 of 128, columns 0 to 58 of 127]
10.607342 11.135290 11.683353 12.260199 12.863796 13.498740 14.164638 14.865247 15.600915 16.375130 17.188654 18.044809 18.944717 19.891653 20.886887 21.933645 23.033287 24.188932 25.401903 26.675064 28.009483 29.407661 30.870115 32.398640 33.992901 35.653587 37.379002 39.168121 41.017265 42.923004 44.878769 46.877811 48.909653 50.963120 53.022778 55.071861 57.088795 59.050255 60.927746 62.690941 64.304306 65.731041 66.929955 67.859764 68.476585 68.738640 68.604263 68.036911 67.003059 65.477661 63.441612 60.886494 57.811489 54.227325 50.152336 45.615631 40.652004 35.304962 29.621500
10.777329 11.305840 11.866154 12.456265 13.078111 13.732912 14.422764 15.149530 15.915456 16.722813 17.573944 18.471380 19.417637 20.415512 21.467602 22.576880 23.746004 24.978062 26.275694 27.641926 29.079172 30.590302 32.177204 33.842213 35.586418 37.411167 39.316189 41.301178 43.363789 45.501244 47.708103 49.977993 52.301071 54.665989 57.057152 59.456593 61.841270 64.185188 66.456528 68.620216 70.635094 72.457123 74.036987 75.323822 76.263435 76.802940 76.889503 76.475609 75.517807 73.982483 71.844086 69.090233 65.718765 61.741924 57.182049 52.074608 46.462452 40.398453 33.939751
10.936358 11.463475 12.034920 12.637139 13.276342 13.950090 14.663167 15.415369 16.211014 17.051025 17.939470 18.878006 19.870686 20.919764 22.029301 23.201996 24.441954 25.752241 27.136963 28.599379 30.143410 31.772400 33.489861 35.298771 37.201969 39.201633 41.299294 43.495636 45.790077 48.180859 50.664154 53.234386 55.882923 58.598656 61.366341 64.167213 66.977127 69.767525 72.503296 75.144241 77.642937 79.947014 81.997414 83.731575 85.082443 85.982903 86.365677 86.168755 85.335442 83.820618 81.590118 78.626038 74.924629 70.500061 65.380333 59.609356 53.240803 46.339748 38.976303
11.083088 11.606674 12.187984 12.800944 13.456421 14.147964 14.883292 15.659968 16.484482 17.356356 18.281473 19.260557 20.299326 21.399435 22.566538 23.803062 25.114653 26.504414 27.978056 29.539125 31.193264 32.944374 34.797817 36.757435 38.828041 41.012985 43.315907 45.738869 48.283527 50.949589 53.735439 56.636868 59.647102 62.755962 65.949234 69.207985 72.507553 75.817230 79.098808 82.306839 85.387047 88.277611 90.907997 93.201431 95.074715 96.442665 97.219078 97.322815 96.679291 95.227783 92.922356 89.737587 85.667580 80.729500 74.959137 68.412140 61.156784 53.274368 44.851742
11.216175 11.733954 12.323668 12.945830 13.616255 14.324248 15.080591 15.880474 16.732725 17.635324 18.596104 19.614796 20.698854 21.849361 23.073616 24.373793 25.757208 27.227034 28.790697 30.452137 32.218880 34.095528 36.089516 38.205734 40.451317 42.831051 45.351089 48.015297 50.828098 53.791267 56.906010 60.170269 63.579964 67.126694 70.798225 74.576393 78.436928 82.347733 86.268044 90.147346 93.924210 97.526337 100.869843 103.860825 106.396088 108.367310 109.663498 110.177917 109.811836 108.483086 106.129349 102.714989 98.231346 92.699951 86.167809 78.707062 70.406120 61.368080 51.701752
11.334269 11.843796 12.440280 13.069891 13.753749 14.476573 15.252443 16.073975 16.952490 17.884312 18.879349 19.936245 21.064337 22.264044 23.544456 24.907463 26.362185 27.911854 29.565821 31.328430 33.209282 35.213825 37.351791 39.629341 42.056240 44.639019 47.386826 50.305759 53.403606 56.684853 60.154369 63.813103 67.660675 71.691589 75.896873 80.260399 84.759598 89.362228 94.026024 98.696121 103.304047 107.766281 111.983810 115.842430 119.214241 121.961372 123.940407 125.010345 125.039162 123.915031 121.552681 117.902267 112.951447 106.728477 99.296799 90.752075 81.210907 70.806023 59.675217
11.436011 11.934727 12.536160 13.171288 13.866831 14.602626 15.396263 16.237577 17.140549 18.099716 19.127176 20.220415 21.390749 22.637884 23.972811 25.397106 26.921833 28.550268 30.293831 32.157337 34.152668 36.286182 38.570206 41.012325 43.625332 46.417747 49.402252 52.587624 55.985737 59.604431 63.453217 67.537018 71.860451 76.422272 81.218346 86.236259 91.457047 96.850128 102.373573 107.969475 113.563255 119.060043 124.344261 129.278137 133.703629 137.445496 140.317795 142.133224 142.714005 141.906601 139.593048 135.703491 130.220764 123.183525 114.679482 104.838448 93.816917 81.788567 68.929504
11.520098 12.005264 12.609697 13.248199 13.953459 14.700127 15.509464 16.368397 17.293653 18.277889 19.335505 20.462713 21.672953 22.965120 24.352224 25.835487 27.428017 29.133183 30.964560 32.927490 35.036308 37.298405 39.728905 42.337074 45.138954 48.145531 51.373371 54.834526 58.545574 62.518585 66.768646 71.305847 76.141212 81.279350 86.722969 92.465500 98.494049 104.782257 111.291183 117.962395 124.717110 131.450089 138.028549 144.288284 150.035110 155.047195 159.082886 161.892609 163.234848 162.896835 160.713806 156.586807 150.492279 142.485214 132.689636 121.285568 108.486427 94.522598 79.621292
11.585209 12.054063 12.659316 13.298890 14.011683 14.766879 15.589581 16.463636 17.408670 18.415295 19.500334 20.658649 21.905853 23.240009 24.676208 26.215298 27.872519 29.651299 31.567514 33.627060 35.846874 38.235500 40.811016 43.584572 46.575840 49.798458 53.273441 57.016598 61.049915 65.390526 70.060135 75.075272 80.454895 86.211433 92.356590 98.892372 105.814987 113.105812 120.732567 128.640076 136.748856 144.945908 153.082153 160.965042 168.358688 174.983826 180.526901 184.654388 187.035980 187.374329 185.435974 181.079681 174.273102 165.096786 153.729721 140.426193 125.481575 109.204758 91.890717
11.630113 12.079775 12.683541 13.321723 14.039624 14.800763 15.634245 16.520613 17.482513 18.508467 19.617735 20.803753 22.084396 23.456818 24.938269 26.529161 28.246954 30.095114 32.091911 34.243839 36.570515 39.081676 41.798664 44.734570 47.912956 51.350494 55.072987 59.100533 63.461220 68.177994 73.280296 78.792389 84.742836 91.153854 98.048782 105.441200 113.340134 121.738953 130.617035 139.927811 149.596512 159.507248 169.498001 179.348297 188.776047 197.433334 204.915314 210.776535 214.562897 215.855331 214.319321 209.750549 202.104385 191.501404 178.204422 162.578094 145.035431 125.993904 105.836952
11.653688 12.081180 12.681054 13.315155 14.035585 14.799851 15.641225 16.536808 17.512365 18.554138 19.683996 20.893801 22.203762 23.610029 25.132122 26.769901 28.543129 30.455252 32.527058 34.765568 37.193184 39.820942 42.673512 45.766060 49.126308 52.774120 56.740578 61.050335 65.738350 70.834038 76.375648 82.396347 88.936089 96.028915 103.712448 112.015175 120.963127 130.566772 140.823166 151.701279 163.138840 175.024780 187.190948 199.392822 211.300797 222.488464 232.437973 240.556900 246.220367 248.834290 247.914185 243.160950 234.512039 222.150909 206.468140 187.992142 167.304031 144.968903 121.483330
11.654837 12.057161 12.650574 13.277812 13.998011 14.762361 15.608487 16.509909 17.495548 18.549271 19.695608 20.924789 22.259354 23.694384 25.251677 26.930546 28.753012 30.722536 32.862331 35.180035 37.700874 40.437115 43.416901 46.657532 50.191071 54.040722 58.243080 62.827816 67.837120 73.307610 79.287163 85.819077 92.956108 100.746208 109.243835 118.495827 128.549576 139.438080 151.183075 163.777420 177.181183 191.299026 205.967529 220.927246 235.804749 250.089325 263.129211 274.144165 282.277618 286.686127 286.663727 281.767700 271.909302 257.369507 238.733170 216.768936 192.294266 166.069763 138.731644
11.632603 12.006796 12.591030 13.208559 13.925502 14.686761 15.534287 16.437880 17.429707 18.491159 19.649458 20.893091 22.246964 23.705032 25.291353 27.004612 28.869118 30.888226 33.087708 35.475559 38.079994 40.914455 44.010551 47.387753 51.082485 55.121464 59.546902 64.393692 69.711670 75.545059 81.952095 88.987053 96.716812 105.204849 114.524910 124.745110 135.938477 148.166000 161.481201 175.909973 191.446014 208.023178 225.497894 243.610413 261.954803 279.937469 296.756622 311.402130 322.712494 329.497101 330.727173 325.745209 314.423309 297.191681 274.924744 248.736588 219.766769 189.025482 157.311493
11.586098 11.929250 12.501560 13.106341 13.816959 14.571760 15.417089 16.318947 17.312794 18.377464 19.542763 20.795469 22.162830 23.637609 25.246033 26.986137 28.884478 30.944256 33.193649 35.641109 38.317642 41.237888 44.436771 47.936012 51.776310 55.987827 60.618526 65.708595 71.315529 77.491585 84.305550 91.823410 100.126945 109.296364 119.426498 130.609207 142.946518 156.532196 171.457916 187.791306 205.571228 224.775146 245.296936 266.896210 289.153076 311.402557 332.687195 351.730682 366.989105 376.807190 379.702118 374.703949 361.627319 341.123199 314.483398 283.298828 249.127930 213.282089 176.735962
11.514676 11.823898 12.381420 12.970460 13.671498 14.416357 15.255718 16.151773 17.143175 18.206238 19.373259 20.629297 22.003815 23.488380 25.111341 26.869959 28.793018 30.883451 33.171741 35.666729 38.402100 41.393532 44.679276 48.283031 52.249729 56.612865 61.426006 66.734474 72.603561 79.093262 86.283226 94.251068 103.093964 112.909454 123.814186 135.925400 149.376205 164.296356 180.820557 199.064865 219.122574 241.027939 264.729065 290.025818 316.507507 343.458069 369.772125 393.886078 413.806641 427.294983 432.266998 427.324707 412.203247 387.861267 356.155701 319.294922 279.347382 237.961838 196.286819
11.417797 11.690250 12.230239 12.800310 13.488544 14.219814 15.049377 15.935326 16.919670 17.975983 19.139236 20.392403 21.767405 23.254309 24.883646 26.651739 28.589609 30.699633 33.014694 35.543697 38.323013 41.369091 44.723392 48.411373 52.481972 56.971764 61.939667 67.435959 73.533264 80.299110 87.823631 96.195923 105.528130 115.934891 127.554779 140.530518 155.026779 171.210571 189.261520 209.347519 231.621826 256.183472 283.046783 312.068329 342.867188 374.699341 406.329132 435.905670 460.948700 478.548157 485.896118 481.062805 463.685150 435.110626 397.891785 354.965393 308.968048 261.896088 215.055283
11.295055 11.528146 12.047650 12.595777 13.267782 13.981868 14.797562 15.669080 16.641550 17.685886 18.839489 20.083447 21.451813 22.933254 24.560280 26.328299 28.270227 30.388052 32.716652 35.265034 38.071880 41.154373 44.556828 48.306160 52.455151 57.043022 62.133633 67.781715 74.066826 81.063385 88.871330 97.590385 107.346947 118.271736 130.524185 144.271133 159.707825 177.037033 196.482162 218.262146 242.590012 269.630554 299.467590 332.020447 366.948914 403.496307 440.316254 475.288086 505.449982 527.202393 536.971497 532.255371 512.588257 479.746185 437.030396 388.138062 336.275146 283.766937 232.052643
11.146297 11.337481 11.833759 12.356814 13.009287 13.702445 14.500271 15.352884 16.308661 17.335533 18.473549 19.701662 21.056074 22.523907 24.139589 25.897432 27.832218 29.945297 32.273422 34.825462 37.642265 40.741421 44.169830 47.955593 52.154808 56.809017 61.986408 67.745628 74.172409 81.347244 89.378929 98.376541 108.479340 119.832573 132.614334 147.013290 163.252213 181.566162 202.218079 225.472900 251.597534 280.816193 313.275360 348.951233 387.540894 428.277344 469.716309 509.495758 544.221619 569.672791 581.583801 576.937988 555.184998 518.499390 470.866913 416.671265 359.625580 302.343323 246.375305
10.971470 11.118513 11.588814 12.083816 12.713404 13.382006 14.157907 14.987192 15.921251 16.925266 18.041618 19.247162 20.580149 22.026012 23.621052 25.358330 27.274336 29.369602 31.682648 34.221897 37.030140 40.125088 43.555866 47.351425 51.570667 56.256866 61.482143 67.308060 73.825775 81.120781 89.309525 98.508949 108.869423 120.548286 133.739807 148.650970 165.528000 184.632843 206.261703 230.717178 258.310242 289.312378 323.918793 362.147522 403.718719 447.847198 492.997681 536.603333 574.919678 603.238708 616.769165 612.114990 588.673950 548.931091 497.397888 438.989288 377.817780 316.729065 257.368744
10.770810 10.871667 11.313318 11.777438 12.380839 13.021329 13.771258 14.572822 15.480277 16.455950 17.544605 18.720816 20.024817 21.440298 23.005289 24.711405 26.596790 28.660892 30.943846 33.453392 36.233955 39.303017 42.711693 46.489166 50.696762 55.378914 60.610802 66.456360 73.010887 80.363968 88.638039 97.956490 108.478447 120.371109 133.841522 149.111389 166.445282 186.126236 208.475983 233.825485 262.517944 294.858215 331.073578 371.206116 414.982727 461.591003 509.413818 555.723389 596.521606 626.770508 641.341858 636.609741 611.953064 570.062988 515.794067 454.415466 390.315979 326.511139 264.722992
10.544684 10.597599 11.008149 11.438622 12.012701 12.621544 13.341675 14.111188 14.987205 15.929186 16.984108 18.124355 19.391886 20.768612 22.294123 23.958555 25.801388 27.820978 30.058674 32.521397 35.254906 38.276108 41.637627 45.368587 49.532082 54.173027 59.369091 65.185486 71.720886 79.067398 87.352310 96.703384 107.286522 119.276115 132.888824 148.357101 165.959091 185.992966 208.798553 234.726181 264.140564 297.366882 334.650482 376.043152 421.267273 469.480621 519.000610 566.986511 609.279480 640.648132 655.781433 650.939697 625.504517 582.288025 526.340332 463.135590 397.229950 331.748260 268.466614
10.293764 10.297265 10.674306 11.068634 11.610332 12.184319 12.870823 13.604149 14.444036 15.347187 16.362518 17.460293 18.684015 20.013826 21.490576 23.102957 24.891516 26.853342 29.030790 31.429708 34.096840 37.048264 40.337593 43.993515 48.080292 52.642761 57.760132 63.498158 69.957787 77.232437 85.452713 94.749023 105.292015 117.260612 130.878296 146.384460 164.066635 184.232803 207.234756 233.434967 263.211121 296.899658 334.754669 376.829773 422.839417 471.917358 522.337158 571.190918 614.232727 646.135864 661.508179 656.566589 630.705261 586.801880 530.005188 465.892822 399.108093 332.834259 268.878052
10.018843 9.971745 10.313174 10.669021 11.175535 11.711530 12.360903 13.054089 13.853421 14.712727 15.682932 16.732000 17.904865 19.179865 20.598970 22.149221 23.872171 25.763350 27.865953 30.184534 32.766418 35.626564 38.819248 42.372089 46.350063 50.797241 55.793686 61.404797 67.732658 74.870964 82.952065 92.107460 102.510544 114.342598 127.831154 143.219589 160.801208 180.889709 203.844330 230.034531 259.845795 293.620667 331.618042 373.891724 420.151428 469.517853 520.243225 569.389099 612.674622 644.738525 660.164307 655.162292 629.142029 585.014160 527.971680 463.634979 396.682465 330.319672 266.362671
9.720901 9.622424 9.926334 10.241599 10.710367 11.205533 11.814430 12.463849 13.218431 14.029291 14.949098 15.943564 17.058958 18.271669 19.624666 21.103277 22.749775 24.558064 26.571915 28.794270 31.272873 34.021145 37.093575 40.516399 44.354626 48.651020 53.485714 58.922943 65.064911 72.004509 79.874405 88.805786 98.973022 110.557762 123.789352 138.912674 156.224075 176.040115 198.724365 224.650467 254.209152 287.747589 325.529388 367.611481 413.705658 462.932129 513.541199 562.591125 605.798523 637.802185 653.190247 648.183289 622.205261 578.182983 521.323853 457.258606 390.670135 324.762360 261.344788
9.401125 9.250875 9.515601 9.788510 10.217181 10.668991 11.234367 11.836713 12.542718 13.300895 14.165425 15.099889 16.151659 17.295174 18.574205 19.972313 21.532257 23.246260 25.158291 27.269621 29.627968 32.245037 35.175014 38.442390 42.111683 46.223759 50.858044 56.076939 61.981728 68.663483 76.253967 84.882721 94.723442 105.956535 118.811241 133.532074 150.416229 169.781311 191.993378 217.429031 246.483673 279.509888 316.778534 358.354797 403.960602 452.727722 502.920074 551.611206 594.535583 626.350586 641.663757 636.712463 610.933533 567.260681 510.900574 447.476410 381.658234 316.633270 254.192734
9.060908 8.858849 9.082981 9.312102 9.698585 10.104855 10.624025 11.176349 11.830327 12.532025 13.336903 14.206513 15.189047 16.257132 17.455065 18.764622 20.228830 21.838123 23.636431 25.623167 27.845718 30.313797 33.080948 36.169472 39.642857 43.539570 47.937763 52.897022 58.517075 64.886002 72.133698 80.386635 89.816574 100.601082 112.967743 127.158951 143.471359 162.222092 183.778717 208.520386 236.847778 269.120789 305.621185 346.428162 391.282104 439.336578 488.882019 537.020752 579.518311 611.062378 626.287231 621.450562 596.000854 552.872437 497.262787 434.776825 370.060730 306.274689 245.182602
