MFC+VTK/函数库及接口制作/重磁三维基本处理/石达三分量转换及求梯度/立方体磁异常_Hax.grd
DSAA
127 128
0 992.126
0 1200
-813.67 625.212
[rows 56 to 83 of 128, columns 0 to 63 of 127]
-9.75241 -10.0938 -10.4735 -10.8921 -11.3514 -11.8536 -12.4012 -12.9973 -13.6456 -14.3498 -15.1146 -15.945 -16.8467 -17.826 -18.8903 -20.0475 -21.3068 -22.6784 -24.1737 -25.8059 -27.5896 -29.5413 -31.6798 -34.0264 -36.6051 -39.4434 -42.5724 -46.0274 -49.8486 -54.082 -58.7796 -64.0006 -69.8121 -76.2903 -83.5209 -91.5999 -100.634 -110.743 -122.052 -134.7 -148.827 -164.575 -182.074 -201.436 -222.732 -245.979 -271.113 -297.972 -326.277 -355.63 -385.525 -415.38 -444.577 -472.521 -498.683 -522.629 -544.044 -562.72 -578.54 -591.462 -601.486 -608.641 -612.958 -614.468
-9.8057 -10.156 -10.5436 -10.9696 -11.4361 -11.9453 -12.5002 -13.1038 -13.7597 -14.4721 -15.2455 -16.0852 -16.9969 -17.9871 -19.0633 -20.2336 -21.5073 -22.8949 -24.4081 -26.0602 -27.8663 -29.8433 -32.0105 -34.3899 -37.0063 -39.888 -43.0673 -46.5812 -50.4717 -54.787 -59.5821 -64.9203 -70.8734 -77.5239 -84.9654 -93.3044 -102.661 -113.17 -124.981 -138.257 -153.171 -169.903 -188.631 -209.514 -232.678 -258.184 -286.004 -315.983 -347.814 -381.022 -414.982 -448.951 -482.142 -513.799 -543.267 -570.04 -593.774 -614.272 -631.462 -645.35 -655.992 -663.465 -667.839 -669.169
-9.82559 -10.1828 -10.5761 -11.0071 -11.478 -11.9913 -12.5499 -13.157 -13.8163 -14.5319 -15.3086 -16.1515 -17.0664 -18.06 -19.1396 -20.3134 -21.5909 -22.9825 -24.5 -26.1568 -27.9681 -29.951 -32.1249 -34.5121 -37.1377 -40.0305 -43.2234 -46.7541 -50.6658 -55.0082 -59.8382 -65.2218 -71.2344 -77.9634 -85.509 -93.9864 -103.528 -114.283 -126.422 -140.134 -155.629 -173.128 -192.862 -215.053 -239.892 -267.512 -297.938 -331.048 -366.517 -403.793 -442.105 -480.51 -517.999 -553.61 -586.538 -616.193 -642.218 -664.455 -682.895 -697.623 -708.767 -716.465 -720.836 -721.963
-9.81283 -10.1751 -10.5719 -11.0054 -11.478 -11.9922 -12.551 -13.1578 -13.8162 -14.5303 -15.3049 -16.145 -17.0566 -18.046 -19.1206 -20.2887 -21.5594 -22.9432 -24.4517 -26.0983 -27.8979 -29.8675 -32.0265 -34.3968 -37.0036 -39.8756 -43.0456 -46.5514 -50.4365 -54.7509 -59.5527 -64.9087 -70.8968 -77.6071 -85.1444 -93.6303 -103.206 -114.034 -126.302 -140.225 -156.042 -174.021 -194.445 -217.605 -243.775 -273.171 -305.903 -341.903 -380.855 -422.136 -464.811 -507.697 -549.51 -589.039 -625.304 -657.641 -685.702 -709.395 -728.809 -744.127 -755.568 -763.34 -767.613 -768.504
-9.76772 -10.1331 -10.5313 -10.9649 -11.4364 -11.9486 -12.5043 -13.1071 -13.7604 -14.4684 -15.2357 -16.0673 -16.969 -17.9472 -19.0089 -20.1622 -21.4161 -22.7808 -24.2676 -25.8896 -27.6613 -29.5993 -31.7225 -34.0524 -36.6135 -39.4339 -42.5459 -45.9865 -49.7985 -54.0315 -58.7429 -63.9995 -69.8791 -76.4728 -83.887 -92.2464 -101.697 -112.411 -124.587 -138.457 -154.29 -172.386 -193.08 -216.729 -243.686 -274.265 -308.676 -346.933 -388.757 -433.473 -479.987 -526.853 -572.477 -615.371 -654.382 -688.789 -718.287 -742.888 -762.797 -778.313 -789.747 -797.378 -801.426 -802.036
-9.69151 -10.0581 -10.4555 -10.8869 -11.3548 -11.862 -12.4115 -13.0066 -13.6509 -14.3483 -15.1034 -15.9211 -16.8068 -17.7669 -18.808 -19.938 -21.1656 -22.5004 -23.9536 -25.5374 -27.2659 -29.1551 -31.2229 -33.4901 -35.9802 -38.7201 -41.7408 -45.0781 -48.773 -52.8736 -57.4353 -62.5232 -68.2132 -74.5944 -81.7719 -89.8696 -99.0339 -109.438 -121.286 -134.819 -150.317 -168.107 -188.556 -212.069 -239.067 -269.947 -305.016 -344.384 -387.829 -434.664 -483.663 -533.144 -581.221 -626.155 -666.652 -701.979 -731.906 -756.565 -776.283 -791.463 -802.497 -809.721 -813.389 -813.67
-9.58497 -9.95088 -10.3456 -10.7725 -11.2343 -11.7338 -12.274 -12.8581 -13.4896 -14.1723 -14.9106 -15.7092 -16.5734 -17.5089 -18.5225 -19.6213 -20.8137 -22.1089 -23.5172 -25.0505 -26.7218 -28.5463 -30.541 -32.7252 -35.1211 -37.7541 -40.6533 -43.8523 -47.3899 -51.3113 -55.6688 -60.524 -65.9487 -72.0278 -78.8615 -86.5684 -95.2895 -105.193 -116.477 -129.38 -144.181 -161.208 -180.838 -203.494 -229.627 -259.682 -294.028 -332.847 -375.979 -422.756 -471.895 -521.575 -569.732 -614.487 -654.492 -689.049 -718.022 -741.644 -760.331 -774.552 -784.744 -791.269 -794.398 -794.302
-9.44977 -9.81328 -10.2034 -10.6237 -11.077 -11.5663 -12.0943 -12.6643 -13.2795 -13.9437 -14.661 -15.4357 -16.273 -17.1783 -18.1578 -19.2183 -20.3675 -21.6141 -22.9677 -24.4391 -26.0407 -27.7863 -29.6918 -31.7749 -34.0561 -36.5587 -39.3096 -42.3396 -45.6843 -49.3852 -53.4903 -58.0561 -63.1487 -68.8458 -75.2397 -82.4396 -90.5755 -99.8025 -110.305 -122.305 -136.061 -151.883 -170.124 -191.188 -215.508 -243.516 -275.583 -311.903 -352.348 -396.29 -442.49 -489.161 -534.277 -576.013 -613.093 -644.903 -671.375 -692.786 -709.577 -722.22 -731.143 -736.698 -739.143 -738.64
-9.2871 -9.64652 -10.0301 -10.4419 -10.8847 -11.3613 -11.8746 -12.4275 -13.0234 -13.6656 -14.3579 -15.1047 -15.9104 -16.7803 -17.72 -18.7358 -19.8349 -21.025 -22.3151 -23.715 -25.236 -26.8906 -28.6931 -30.6596 -32.8086 -35.1611 -37.741 -40.5761 -43.6982 -47.1441 -50.9568 -55.1862 -59.8909 -65.14 -71.0146 -77.6111 -85.0438 -93.4488 -102.988 -113.853 -126.272 -140.51 -156.874 -175.708 -197.38 -222.252 -250.625 -282.643 -318.162 -356.607 -396.878 -437.417 -476.478 -512.499 -544.406 -571.688 -594.305 -612.509 -626.686 -637.248 -644.568 -648.947 -650.607 -649.687
-9.09898 -9.45273 -9.8282 -10.2296 -10.6598 -11.1217 -11.6179 -12.1512 -12.7249 -13.3419 -14.006 -14.721 -15.4911 -16.3211 -17.216 -18.1817 -19.2245 -20.3515 -21.5707 -22.8909 -24.3221 -25.8755 -27.5638 -29.4011 -31.4037 -33.59 -35.9809 -38.6005 -41.4765 -44.6406 -48.1297 -51.9867 -56.2615 -61.0125 -66.3084 -72.23 -78.8727 -86.3491 -94.7921 -104.358 -115.229 -127.617 -141.76 -157.921 -176.371 -197.365 -221.094 -247.611 -276.737 -307.96 -340.392 -372.828 -403.948 -432.588 -457.939 -479.609 -497.554 -511.954 -523.096 -531.29 -536.82 -539.919 -540.758 -539.442
-8.88688 -9.2335 -9.5993 -9.98873 -10.4046 -10.8498 -11.3268 -11.8384 -12.3873 -12.9767 -13.6096 -14.2896 -15.0207 -15.8069 -16.6529 -17.5639 -18.5454 -19.6039 -20.7462 -21.9802 -23.3145 -24.7588 -26.3241 -28.0225 -29.8681 -31.8763 -34.065 -36.4545 -39.0678 -41.9315 -45.076 -48.5365 -52.3537 -56.5749 -61.2551 -66.4585 -72.2599 -78.7466 -86.0201 -94.1977 -103.414 -113.82 -125.581 -138.872 -153.863 -170.696 -189.452 -210.098 -232.432 -256.03 -280.235 -304.211 -327.077 -348.064 -366.631 -382.505 -395.637 -406.131 -414.169 -419.956 -423.684 -425.513 -425.56 -423.898
-8.65308 -8.99122 -9.34598 -9.72197 -10.122 -10.5489 -11.005 -11.4928 -12.015 -12.5743 -13.1736 -13.8161 -14.5051 -15.2445 -16.0383 -16.891 -17.8075 -18.7932 -19.8541 -20.9969 -22.2289 -23.5584 -24.9945 -26.5474 -28.2286 -30.0511 -32.0292 -34.1795 -36.5204 -39.0732 -41.8619 -44.9139 -48.2607 -51.9385 -55.9886 -60.4587 -65.4034 -70.8851 -76.9748 -83.7523 -91.3062 -99.732 -109.129 -119.593 -131.208 -144.024 -158.041 -173.173 -189.227 -205.877 -222.676 -239.1 -254.618 -268.777 -281.256 -291.886 -300.628 -307.535 -312.71 -316.273 -318.34 -319.008 -318.352 -316.416
-8.39924 -8.72771 -9.07021 -9.43151 -9.81441 -10.2215 -10.6552 -11.1177 -11.6115 -12.1389 -12.7027 -13.3056 -13.9505 -14.6408 -15.3799 -16.1716 -17.0202 -17.9302 -18.9066 -19.9549 -21.0813 -22.2924 -23.5957 -24.9994 -26.5126 -28.1455 -29.9095 -31.8172 -33.8828 -36.1222 -38.5534 -41.1965 -44.0742 -47.212 -50.6388 -54.3868 -58.4923 -62.9952 -67.9396 -73.3726 -79.3439 -85.9032 -93.0966 -100.962 -109.518 -118.76 -128.638 -139.053 -149.841 -160.774 -171.571 -181.931 -191.566 -200.237 -207.78 -214.11 -219.208 -223.103 -225.852 -227.52 -228.171 -227.86 -226.629 -224.502
-8.12779 -8.44552 -8.77471 -9.12025 -9.4849 -9.87116 -10.2812 -10.7171 -11.1811 -11.6754 -12.2022 -12.7639 -13.3632 -14.0026 -14.6853 -15.4144 -16.1933 -17.0258 -17.9159 -18.8681 -19.8872 -20.9785 -22.1477 -23.4012 -24.7458 -26.1892 -27.7397 -29.4065 -31.1997 -33.1305 -35.2111 -37.455 -39.8769 -42.4932 -45.3214 -48.3808 -51.6915 -55.2752 -59.1537 -63.3485 -67.8794 -72.7623 -78.0064 -83.6103 -89.5573 -95.8099 -102.305 -108.949 -115.619 -122.168 -128.435 -134.264 -139.516 -144.088 -147.915 -150.972 -153.261 -154.807 -155.644 -155.81 -155.339 -154.262 -152.6 -150.368
-7.84048 -8.14654 -8.46155 -8.79047 -9.13599 -9.5005 -9.88601 -10.2945 -10.7278 -11.1879 -11.6768 -12.1964 -12.749 -13.3367 -13.9621 -14.6277 -15.3362 -16.0906 -16.894 -17.7498 -18.6617 -19.6336 -20.6697 -21.7745 -22.9529 -24.2102 -25.552 -26.9842 -28.5134 -30.1464 -31.8905 -33.7535 -35.7434 -37.8685 -40.1372 -42.5579 -45.1386 -47.8861 -50.806 -53.9011 -57.1705 -60.608 -64.2003 -67.9247 -71.747 -75.6199 -79.4819 -83.259 -86.8676 -90.221 -93.2371 -95.847 -98.0015 -99.6736 -100.858 -101.565 -101.818 -101.644 -101.071 -100.126 -98.829 -97.1989 -95.2489 -92.989
-7.53978 -7.83339 -8.1335 -8.44512 -8.77085 -9.11298 -9.47334 -9.85373 -10.2558 -10.6812 -11.1316 -11.6086 -12.1141 -12.6499 -13.2178 -13.8198 -14.4581 -15.1347 -15.8521 -16.6127 -17.4189 -18.2736 -19.1794 -20.1393 -21.1564 -22.2338 -23.3747 -24.5824 -25.8602 -27.2113 -28.6389 -30.1459 -31.7347 -33.4076 -35.1657 -37.0091 -38.9366 -40.9448 -43.0278 -45.1763 -47.3767 -49.6105 -51.8527 -54.0719 -56.2294 -58.2796 -60.172 -61.8534 -63.2726 -64.3847 -65.1569 -65.5714 -65.6274 -65.3394 -64.7334 -63.8425 -62.7015 -61.3434 -59.7969 -58.0854 -56.2275 -54.237 -52.1251 -49.9012
-7.22741 -7.50793 -7.7926 -8.08643 -8.39193 -8.71128 -9.04615 -9.39815 -9.7687 -10.1592 -10.571 -11.0056 -11.4641 -11.9482 -12.4591 -12.9983 -13.5673 -14.1676 -14.8008 -15.4683 -16.1718 -16.9129 -17.693 -18.5138 -19.3766 -20.2827 -21.2334 -22.2297 -23.2721 -24.3609 -25.496 -26.6765 -27.9007 -29.1659 -30.468 -31.8014 -33.1585 -34.5293 -35.9008 -37.2569 -38.5775 -39.8383 -41.0109 -42.0626 -42.9573 -43.657 -44.1241 -44.3243 -44.23 -43.8242 -43.103 -42.0769 -40.77 -39.2169 -37.4594 -35.5412 -33.5042 -31.3858 -29.2172 -27.0234 -24.8234 -22.632 -20.4613 -18.3218
-6.9058 -7.17274 -7.44156 -7.71727 -8.0023 -8.29869 -8.60797 -8.93155 -9.27065 -9.62645 -10 -10.3924 -10.8047 -11.2378 -11.6928 -12.1706 -12.672 -13.1981 -13.7497 -14.3275 -14.9323 -15.5646 -16.2249 -16.9136 -17.6308 -18.3761 -19.1492 -19.9492 -20.7746 -21.6233 -22.4926 -23.3789 -24.2773 -25.1818 -26.0848 -26.9769 -27.8467 -28.6804 -29.4614 -30.1705 -30.7854 -31.2809 -31.6293 -31.8011 -31.7661 -31.4955 -30.9636 -30.151 -29.0468 -27.6512 -25.9768 -24.0482 -21.9011 -19.5787 -17.1284 -14.5982 -12.0329 -9.47206 -6.94916 -4.4912 -2.11952 0.148937 2.30021 4.32182
-6.57657 -6.82956 -7.08229 -7.33975 -7.60424 -7.87771 -8.16152 -8.45692 -8.76494 -9.08651 -9.42248 -9.77362 -10.1406 -10.5242 -10.9248 -11.3431 -11.7794 -12.2341 -12.7075 -13.1997 -13.7106 -14.24 -14.7876 -15.3525 -15.9339 -16.5303 -17.1398 -17.7601 -18.3883 -19.0205 -19.6521 -20.2775 -20.8899 -21.481 -22.0412 -22.5589 -23.0209 -23.4115 -23.7133 -23.9065 -23.9692 -23.878 -23.6084 -23.1359 -22.4371 -21.4917 -20.2842 -18.8059 -17.0571 -15.0481 -12.8 -10.3438 -7.71917 -4.97139 -2.14856 0.701515 3.534 6.3088 8.99153 11.5536 13.9718 16.227 18.3034 20.187
-6.24203 -6.48082 -6.71736 -6.95655 -7.20062 -7.45138 -7.71006 -7.97774 -8.25527 -8.54339 -8.8427 -9.15372 -9.47687 -9.8125 -10.1608 -10.522 -10.896 -11.2827 -11.682 -12.0932 -12.5159 -12.949 -13.3915 -13.8418 -14.298 -14.758 -15.2187 -15.6768 -16.1281 -16.5677 -16.9898 -17.3874 -17.7526 -18.076 -18.3468 -18.5527 -18.6799 -18.7126 -18.6339 -18.4249 -18.0661 -17.5369 -16.8172 -15.8876 -14.7314 -13.3353 -11.6916 -9.79927 -7.66552 -5.30626 -2.74633 -0.0187022 2.83706 5.77696 8.75501 11.7257 14.6459 17.4767 20.184 22.7386 25.116 27.2961 29.2615 30.9974
-5.90362 -6.12809 -6.34845 -6.56953 -6.79345 -7.02189 -7.25596 -7.4966 -7.74447 -8.00014 -8.26401 -8.53638 -8.8174 -9.10715 -9.40555 -9.71243 -10.0274 -10.35 -10.6796 -11.0151 -11.3556 -11.6995 -12.0451 -12.3904 -12.7327 -13.0692 -13.3961 -13.7095 -14.0044 -14.2751 -14.5151 -14.7169 -14.8718 -14.9702 -15.001 -14.952 -14.8097 -14.5594 -14.1852 -13.6707 -12.9987 -12.1524 -11.1159 -9.87488 -8.41794 -6.73775 -4.83214 -2.70524 -0.368226 2.16027 4.85437 7.68168 10.6046 13.5822 16.5717 19.5312 22.4204 25.2023 27.8441 30.3171 32.5968 34.6623 36.4959 38.0824
-5.56346 -5.77359 -5.97792 -6.18115 -6.38531 -6.59197 -6.80211 -7.01654 -7.23577 -7.46021 -7.69007 -7.92545 -8.1663 -8.41247 -8.66361 -8.91927 -9.17881 -9.44141 -9.70603 -9.97141 -10.236 -10.498 -10.7553 -11.0053 -11.2449 -11.4709 -11.679 -11.8649 -12.023 -12.1475 -12.2315 -12.2672 -12.2461 -12.1584 -11.9936 -11.7401 -11.3854 -10.9161 -10.3183 -9.57792 -8.68082 -7.61361 -6.36422 -4.92273 -3.28219 -1.43961 0.603221 2.83899 5.25436 7.82984 10.54 13.3544 16.2383 19.1542 22.0636 24.9282 27.711 30.3779 32.8979 35.2435 37.3908 39.3194 41.0115 42.4525
-5.22278 -5.41866 -5.60719 -5.79296 -5.97788 -6.16343 -6.35046 -6.53968 -6.73144 -6.92603 -7.12349 -7.32376 -7.52662 -7.73169 -7.93846 -8.14622 -8.3541 -8.56104 -8.76573 -8.96664 -9.16195 -9.34955 -9.52697 -9.69138 -9.83951 -9.96762 -10.0715 -10.1462 -10.1865 -10.1861 -10.1382 -10.0353 -9.86905 -9.63028 -9.30912 -8.89496 -8.37661 -7.74243 -6.98056 -6.07925 -5.02726 -3.81433 -2.4318 -0.873261 0.864775 2.78214 4.87441 7.13239 9.54185 12.0835 14.7333 17.4631 20.2415 23.0347 25.8082 28.5276 31.1594 33.6726 36.0383 38.2309 40.2278 42.0092 43.5584 44.8612
-4.88347 -5.06528 -5.23834 -5.40712 -5.57343 -5.73863 -5.9035 -6.0686 -6.2342 -6.40044 -6.56724 -6.73441 -6.90156 -7.06818 -7.23356 -7.39685 -7.55698 -7.71269 -7.8625 -8.00467 -8.13719 -8.25775 -8.36371 -8.45206 -8.51937 -8.56182 -8.57506 -8.55425 -8.494 -8.38834 -8.2307 -8.01387 -7.73005 -7.37082 -6.92724 -6.38989 -5.74901 -4.9947 -4.11712 -3.10681 -1.95506 -0.654351 0.801173 2.41515 4.18848 6.11876 8.19991 10.4218 12.77 15.2262 17.7681 20.37 23.0037 25.6392 28.2458 30.7927 33.25 35.5897 37.7854 39.8137 41.6534 43.2861 44.6961 45.8701
-4.5465 -4.7145 -4.8725 -5.02486 -5.17326 -5.31898 -5.4627 -5.60489 -5.74572 -5.88522 -6.02322 -6.15939 -6.29324 -6.42413 -6.55122 -6.67353 -6.78986 -6.89883 -6.9988 -7.08793 -7.16407 -7.22482 -7.26744 -7.28885 -7.28561 -7.25388 -7.18937 -7.08738 -6.94269 -6.74963 -6.50202 -6.1932 -5.81601 -5.36291 -4.82597 -4.19701 -3.46772 -2.62988 -1.6755 -0.597185 0.611575 1.95604 3.43981 5.0644 6.82881 8.72917 10.7584 12.9061 15.1582 17.4976 19.9037 22.3535 24.8219 27.2823 29.7074 32.0699 34.3435 36.5027 38.524 40.386 42.0694 43.5573 44.8352 45.8909
-4.21354 -4.36804 -4.51147 -4.64802 -4.77929 -4.90646 -5.03013 -5.15067 -5.26819 -5.38263 -5.49372 -5.60105 -5.70404 -5.80194 -5.89385 -5.97868 -6.05513 -6.12175 -6.17682 -6.21843 -6.24438 -6.25223 -6.23923 -6.20232 -6.13811 -6.04286 -5.91244 -5.74236 -5.52772 -5.26321 -4.94316 -4.56151 -4.11187 -3.58757 -2.98172 -2.28737 -1.49759 -0.605656 0.394722 1.50917 2.74236 4.09772 5.57708 7.18036 8.90526 10.7469 12.6979 14.7477 16.8831 19.0882 21.3444 23.631 25.9258 28.2053 30.4453 32.6219 34.7116 36.6918 38.5417 40.2417 41.7746 43.125 44.2798 45.228
-3.88527 -4.02667 -4.15607 -4.27749 -4.39246 -4.50206 -4.60681 -4.70704 -4.80276 -4.89384 -4.97996 -5.06063 -5.13521 -5.2029 -5.26271 -5.3135 -5.35393 -5.3825 -5.39746 -5.39687 -5.37856 -5.34008 -5.27874 -5.19157 -5.0753 -4.92635 -4.74082 -4.5145 -4.24286 -3.92105 -3.54393 -3.10609 -2.6019 -2.02557 -1.37123 -0.633065 0.194616 1.11716 2.13942 3.26552 4.49863 5.84072 7.29227 8.85205 10.5169 12.2813 14.1378 16.0762 18.0842 20.1471 22.2483 24.3692 26.4901 28.5904 30.6488 32.6442 34.5558 36.3639 38.0496 39.5957 40.9868 42.209 43.2505 44.1016
-3.56313 -3.69186 -3.8078 -3.91482 -4.01434 -4.10739 -4.1944 -4.27564 -4.35108 -4.42053 -4.48361 -4.53981 -4.5884 -4.62857 -4.65929 -4.6794 -4.68753 -4.68217 -4.66159 -4.62386 -4.56684 -4.48818 -4.38526 -4.25525 -4.09504 -3.90127 -3.67033 -3.39833 -3.08112 -2.71435 -2.29343 -1.8136 -1.26997 -0.6576 0.0284422 0.792958 1.64051 2.57527 3.60085 4.72016 5.93515 7.24664 8.65414 10.1556 11.7472 13.4234 15.1766 16.9973 18.874 20.7933 22.7402 24.6985 26.6505 28.5781 30.4626 32.2855 34.0285 35.6741 37.2057 38.6082 39.8676 40.9717 41.9101 42.674
