MFC+VTK/函数库及接口制作/重磁三维基本处理/石达三分量转换及求梯度/立方体磁异常_Za.grd
DSAA
127 128
0 992.126
0 1200
-398.816 1185.03
[rows 56 to 83 of 128, columns 63 to 125 of 127]
722.209 714.915 706.151 695.471 682.114 664.993 642.666 613.361 575.077 525.874 464.416 390.805 307.46 219.463 133.699 56.8892 -6.39466 -54.5302 -88.3537 -110.083 -122.369 -127.701 -128.164 -125.373 -120.529 -114.488 -107.848 -101.01 -94.2384 -87.6983 -81.488 -75.6585 -70.2314 -65.2069 -60.574 -56.3128 -52.4006 -48.8118 -45.5212 -42.5037 -39.7357 -37.195 -34.8608 -32.7143 -30.7379 -28.9161 -27.2343 -25.6797 -24.2402 -22.9056 -21.6656 -20.5123 -19.4368 -18.4329 -17.493 -16.6123 -15.7842 -15.0049 -14.2686 -13.5724 -12.911 -12.2822 -11.6812
644.455 637.364 629.153 619.389 607.339 591.954 571.832 545.243 510.214 464.815 407.683 338.852 260.622 177.912 97.4254 25.6998 -32.85 -76.7122 -106.782 -125.29 -134.86 -137.938 -136.548 -132.246 -126.174 -119.139 -111.693 -104.202 -96.8994 -89.9264 -83.362 -77.2416 -71.5746 -66.3514 -61.5531 -57.1538 -53.1255 -49.4387 -46.0652 -42.9772 -40.149 -37.5567 -35.1781 -32.9932 -30.9837 -29.133 -27.426 -25.8495 -24.3908 -23.0393 -21.7846 -20.6182 -19.5314 -18.5174 -17.5689 -16.6806 -15.846 -15.0612 -14.3204 -13.6207 -12.9567 -12.3266 -11.7255
552.896 546.068 538.496 529.77 519.2 505.79 488.208 464.792 433.634 392.839 341.032 278.167 206.385 130.376 56.5662 -8.77879 -61.4705 -100.146 -125.766 -140.553 -147.075 -147.694 -144.34 -138.481 -131.18 -123.175 -114.963 -106.866 -99.0818 -91.7249 -84.8528 -78.4844 -72.6164 -67.2293 -62.2967 -57.7865 -53.6664 -49.903 -46.4653 -43.3232 -40.4492 -37.8179 -35.406 -33.1926 -31.1584 -29.2865 -27.5611 -25.9686 -24.4959 -23.1323 -21.867 -20.6914 -19.5965 -18.5756 -17.6211 -16.7277 -15.8889 -15.1007 -14.3573 -13.6557 -12.9909 -12.3608 -11.761
444.801 438.295 431.443 423.87 414.94 403.741 389.04 369.288 342.687 307.425 262.146 206.722 143.087 75.5962 10.2684 -47.0401 -92.4681 -124.85 -145.208 -155.72 -158.845 -156.806 -151.397 -143.958 -135.447 -126.516 -117.595 -108.952 -100.747 -93.0632 -85.9362 -79.3677 -73.3415 -67.8285 -62.7949 -58.2033 -54.0169 -50.1994 -46.717 -43.5379 -40.6331 -37.9759 -35.5422 -33.3103 -31.2604 -29.3751 -27.6381 -26.0357 -24.5545 -23.1835 -21.9118 -20.7308 -19.6313 -18.6065 -17.6488 -16.7528 -15.912 -15.1225 -14.3783 -13.6767 -13.0126 -12.3841 -11.787
318.966 312.837 306.773 300.44 293.28 284.485 272.963 257.331 235.963 207.198 169.753 123.436 69.9177 13.0915 -41.6238 -88.9701 -125.548 -150.439 -164.707 -170.42 -169.852 -165.017 -157.515 -148.52 -138.856 -129.073 -119.52 -110.41 -101.857 -93.9132 -86.5912 -79.8755 -73.7377 -68.1396 -63.0406 -58.3984 -54.1727 -50.3244 -46.8178 -43.6194 -40.6991 -38.0295 -35.5858 -33.3457 -31.2891 -29.3983 -27.6568 -26.0506 -24.5663 -23.1929 -21.9192 -20.7366 -19.6359 -18.6104 -17.6522 -16.7562 -15.9157 -15.1269 -14.3839 -13.6841 -13.0223 -12.3968 -11.8037
177.519 171.817 166.585 161.542 156.216 149.936 141.783 130.594 114.988 93.536 65.1097 29.4902 -11.9555 -55.9482 -97.8988 -133.382 -159.612 -175.96 -183.479 -184.037 -179.628 -171.98 -162.442 -151.987 -141.281 -130.756 -120.679 -111.197 -102.383 -94.2551 -86.8043 -79.9989 -73.7992 -68.1587 -63.0313 -58.3705 -54.1329 -50.2776 -46.7673 -43.5674 -40.6472 -37.9787 -35.5367 -33.2987 -31.2444 -29.356 -27.617 -26.0132 -24.5313 -23.1602 -21.8888 -20.7085 -19.6101 -18.5868 -17.631 -16.7374 -15.8995 -15.1135 -14.3736 -13.6771 -13.0192 -12.3983 -11.8105
28.0055 22.7695 18.3832 14.6198 11.1089 7.32474 2.55355 -4.11056 -13.745 -27.4689 -46.1737 -70.0477 -98.0458 -127.633 -155.27 -177.586 -192.54 -199.8 -200.339 -195.725 -187.581 -177.288 -165.903 -154.174 -142.598 -131.486 -121.018 -111.281 -102.304 -94.0764 -86.5685 -79.7345 -73.5247 -67.8861 -62.768 -58.1208 -53.8992 -50.0607 -46.5672 -43.3836 -40.4789 -37.8249 -35.3962 -33.1705 -31.1275 -29.2494 -27.5197 -25.9244 -24.4503 -23.0863 -21.8215 -20.6472 -19.5544 -18.5365 -17.5857 -16.6971 -15.864 -15.0828 -14.3478 -13.6565 -13.004 -12.3889 -11.8077
-116.044 -120.786 -124.35 -126.907 -128.725 -130.182 -131.786 -134.171 -138.091 -144.319 -153.461 -165.633 -180.1 -195.125 -208.327 -217.492 -221.367 -219.889 -213.88 -204.548 -193.101 -180.549 -167.65 -154.926 -142.714 -131.208 -120.508 -110.646 -101.614 -93.3777 -85.8876 -79.0876 -72.9203 -67.328 -62.2568 -57.6551 -53.4766 -49.6782 -46.2216 -43.0717 -40.1974 -37.5707 -35.1667 -32.9632 -30.94 -29.0797 -27.366 -25.7852 -24.324 -22.9718 -21.7176 -20.5531 -19.4692 -18.4596 -17.5165 -16.6352 -15.8091 -15.0347 -14.3064 -13.6217 -12.9761 -12.3683 -11.7949
-238.326 -242.563 -245.364 -246.846 -247.19 -246.638 -245.51 -244.201 -243.168 -242.867 -243.643 -245.536 -248.095 -250.318 -250.889 -248.651 -243.045 -234.216 -222.818 -209.703 -195.697 -181.468 -167.511 -154.149 -141.58 -129.9 -119.144 -109.298 -100.326 -92.1716 -84.7749 -78.0711 -71.9982 -66.4955 -61.5075 -56.9822 -52.873 -49.1371 -45.7365 -42.6367 -39.8071 -37.2203 -34.8518 -32.6798 -30.6847 -28.8495 -27.1582 -25.5974 -24.1543 -22.8182 -21.5786 -20.4274 -19.3557 -18.3571 -17.4244 -16.5526 -15.7356 -14.9699 -14.2499 -13.5736 -12.9362 -12.337 -11.7725
-326.443 -330.179 -332.303 -332.891 -332.048 -329.911 -326.655 -322.487 -317.643 -312.347 -306.761 -300.895 -294.538 -287.257 -278.536 -267.99 -255.561 -241.529 -226.406 -210.768 -195.142 -179.939 -165.447 -151.842 -139.216 -127.593 -116.959 -107.27 -98.4686 -90.4864 -83.2556 -76.7076 -70.778 -65.4056 -60.535 -56.1149 -52.0994 -48.4468 -45.1201 -42.0858 -39.3142 -36.7787 -34.4557 -32.3241 -30.3648 -28.5614 -26.8985 -25.3631 -23.9426 -22.6269 -21.4057 -20.2711 -19.2144 -18.2297 -17.3096 -16.4497 -15.6437 -14.8884 -14.1785 -13.5119 -12.8842 -12.2946 -11.7402
-376.981 -380.235 -381.788 -381.683 -379.973 -376.721 -372.005 -365.913 -358.543 -349.988 -340.321 -329.567 -317.699 -304.653 -290.393 -274.986 -258.653 -241.74 -224.662 -207.817 -191.539 -176.068 -161.563 -148.102 -135.708 -124.361 -114.019 -104.618 -96.0906 -88.3629 -81.3646 -75.0264 -69.2848 -64.0797 -59.3575 -55.0686 -51.169 -47.6187 -44.3821 -41.4272 -38.7257 -36.2522 -33.9839 -31.9007 -29.9844 -28.2192 -26.5902 -25.085 -23.6916 -22.4002 -21.2008 -20.0859 -19.0472 -18.0788 -17.1737 -16.3276 -15.5346 -14.7914 -14.093 -13.4375 -12.8207 -12.242 -11.6985
-394.92 -397.723 -398.816 -398.217 -395.95 -392.033 -386.491 -379.348 -370.64 -360.403 -348.689 -335.56 -321.106 -305.458 -288.811 -271.431 -253.65 -235.826 -218.307 -201.386 -185.29 -170.166 -156.1 -143.116 -131.206 -120.326 -110.421 -101.421 -93.2572 -85.8551 -79.1466 -73.065 -67.5498 -62.544 -57.9971 -53.862 -50.0977 -46.666 -43.5338 -40.6707 -38.0501 -35.6478 -33.4424 -31.4149 -29.5479 -27.8264 -26.2364 -24.7659 -23.4035 -22.1399 -20.9656 -19.8732 -18.855 -17.9053 -17.0173 -16.187 -15.4085 -14.6791 -13.9937 -13.3506 -12.7458 -12.1789 -11.6472
-389.212 -391.603 -392.341 -391.429 -388.874 -384.673 -378.83 -371.346 -362.235 -351.526 -339.277 -325.583 -310.594 -294.519 -277.628 -260.242 -242.704 -225.345 -208.46 -192.284 -176.986 -162.668 -149.382 -137.134 -125.901 -115.636 -106.283 -97.774 -90.044 -83.0245 -76.6519 -70.8647 -65.6073 -60.8271 -56.4776 -52.5154 -48.9024 -45.6034 -42.5877 -39.8269 -37.2963 -34.9734 -32.8381 -30.8725 -29.0604 -27.3877 -25.841 -24.4092 -23.0815 -21.8489 -20.7024 -19.6353 -18.6399 -17.711 -16.842 -16.0292 -15.267 -14.5526 -13.8815 -13.252 -12.6602 -12.1061 -11.5871
-368.777 -370.802 -371.277 -370.199 -367.566 -363.371 -357.614 -350.293 -341.425 -331.045 -319.226 -306.079 -291.774 -276.531 -260.624 -244.352 -228.027 -211.935 -196.327 -181.395 -167.277 -154.057 -141.774 -130.431 -120.006 -110.457 -101.734 -93.7796 -86.5343 -79.9384 -73.9356 -68.471 -63.495 -58.9604 -54.8253 -51.0506 -47.6017 -44.4465 -41.5569 -38.9071 -36.4741 -34.2372 -32.1779 -30.2796 -28.5272 -26.9074 -25.4079 -24.0183 -22.7282 -21.5294 -20.4135 -19.3738 -18.4033 -17.4971 -16.6489 -15.8551 -15.1105 -14.4126 -13.7569 -13.142 -12.5642 -12.0236 -11.518
-340.6 -342.305 -342.592 -341.457 -338.896 -334.905 -329.485 -322.642 -314.403 -304.811 -293.946 -281.925 -268.911 -255.109 -240.759 -226.12 -211.455 -197.002 -182.97 -169.519 -156.77 -144.792 -133.626 -123.276 -113.729 -104.952 -96.9053 -89.5412 -82.8112 -76.6643 -71.0527 -65.929 -61.2502 -56.9749 -53.0664 -49.4898 -46.2143 -43.2112 -40.4552 -37.9228 -35.5933 -33.4479 -31.4694 -29.6427 -27.9538 -26.3906 -24.9416 -23.597 -22.3472 -21.1847 -20.1014 -19.0912 -18.1475 -17.2655 -16.4396 -15.6663 -14.9406 -14.2602 -13.621 -13.0216 -12.4587 -11.9324 -11.4407
-309.444 -310.873 -311.033 -309.915 -307.522 -303.85 -298.909 -292.711 -285.29 -276.696 -267.01 -256.343 -244.843 -232.684 -220.07 -207.213 -194.326 -181.605 -169.22 -157.307 -145.968 -135.268 -125.245 -115.912 -107.262 -99.2736 -91.918 -85.1579 -78.955 -73.268 -68.0575 -63.2838 -58.9105 -54.9022 -51.2273 -47.8552 -44.7591 -41.9135 -39.2961 -36.8859 -34.6642 -32.614 -30.72 -28.9682 -27.3459 -25.842 -24.446 -23.1487 -21.9415 -20.8172 -19.7684 -18.7894 -17.8739 -17.0178 -16.2154 -15.4637 -14.758 -14.0962 -13.4743 -12.8913 -12.3439 -11.8325 -11.3552
-278.244 -279.44 -279.515 -278.463 -276.288 -272.992 -268.587 -263.094 -256.549 -249.005 -240.54 -231.252 -221.268 -210.735 -199.819 -188.69 -177.52 -166.465 -155.664 -145.231 -135.253 -125.79 -116.879 -108.537 -100.766 -93.5531 -86.8791 -80.7169 -75.0377 -69.809 -64.9995 -60.5767 -56.5106 -52.7716 -49.3327 -46.1679 -43.2541 -40.569 -38.0931 -35.8078 -33.6966 -31.7444 -29.9372 -28.2627 -26.7093 -25.2668 -23.9257 -22.6777 -21.5147 -20.4303 -19.4173 -18.4709 -17.585 -16.7558 -15.978 -15.249 -14.5642 -13.9218 -13.318 -12.752 -12.2208 -11.7248 -11.2623
-248.65 -249.649 -249.671 -248.711 -246.774 -243.866 -240.002 -235.207 -229.517 -222.984 -215.677 -207.684 -199.11 -190.077 -180.717 -171.167 -161.564 -152.031 -142.683 -133.613 -124.895 -116.583 -108.715 -101.308 -94.3713 -87.8984 -81.8789 -76.2938 -71.1227 -66.3407 -61.9237 -57.8458 -54.083 -50.6105 -47.4062 -44.4481 -41.7166 -39.1925 -36.8588 -34.6996 -32.7002 -30.8472 -29.1283 -27.5324 -26.0493 -24.6696 -23.3848 -22.1873 -21.0698 -20.0264 -19.0505 -18.1378 -17.2824 -16.4811 -15.7289 -15.0233 -14.3601 -13.7378 -13.1528 -12.6044 -12.0897 -11.6095 -11.1622
-221.469 -222.303 -222.293 -221.435 -219.736 -217.202 -213.851 -209.708 -204.808 -199.199 -192.943 -186.112 -178.797 -171.094 -163.11 -154.954 -146.735 -138.552 -130.497 -122.646 -115.064 -107.798 -100.882 -94.3367 -88.1734 -82.392 -76.988 -71.9491 -67.2617 -62.9073 -58.8682 -55.1238 -51.6555 -48.4431 -45.4688 -42.7139 -40.1623 -37.7976 -35.6054 -33.5717 -31.684 -29.9304 -28.3003 -26.7837 -25.3715 -24.0554 -22.8276 -21.6816 -20.6104 -19.6088 -18.6708 -17.7925 -16.9684 -16.1957 -15.4697 -14.7882 -14.1473 -13.5457 -12.9798 -12.4495 -11.9518 -11.4877 -11.0557
-197 -197.697 -197.67 -196.915 -195.439 -193.25 -190.367 -186.811 -182.618 -177.828 -172.496 -166.683 -160.462 -153.912 -147.12 -140.17 -133.151 -126.141 -119.215 -112.437 -105.86 -99.525 -93.4649 -87.6992 -82.2415 -77.0953 -72.2608 -67.7307 -63.4967 -59.5458 -55.865 -52.4388 -49.2528 -46.291 -43.539 -40.9817 -38.6055 -36.3969 -34.3436 -32.4337 -30.6564 -29.0016 -27.4597 -26.0222 -24.6808 -23.4285 -22.2581 -21.1638 -20.1393 -19.18 -18.2804 -17.4369 -16.6447 -15.9011 -15.2017 -14.5448 -13.9266 -13.346 -12.7998 -12.2877 -11.8073 -11.3595 -10.943
-175.246 -175.829 -175.794 -175.137 -173.864 -171.985 -169.516 -166.478 -162.903 -158.825 -154.292 -149.353 -144.071 -138.507 -132.732 -126.813 -120.822 -114.82 -108.871 -103.024 -97.3253 -91.8109 -86.5098 -81.4409 -76.6186 -72.0489 -67.7348 -63.6729 -59.859 -56.2841 -52.9394 -49.8133 -46.895 -44.1719 -41.6329 -39.2654 -37.0588 -35.0014 -33.0834 -31.2944 -29.6254 -28.0675 -26.6127 -25.2533 -23.9823 -22.7934 -21.6801 -20.6375 -19.6598 -18.7429 -17.8819 -17.0736 -16.3135 -15.5992 -14.9268 -14.2948 -13.6995 -13.1402 -12.6138 -12.1203 -11.6573 -11.2259 -10.825
-156.056 -156.546 -156.508 -155.94 -154.849 -153.241 -151.133 -148.544 -145.501 -142.034 -138.183 -133.989 -129.503 -124.776 -119.863 -114.82 -109.703 -104.562 -99.4491 -94.4049 -89.4689 -84.6709 -80.0372 -75.5855 -71.3302 -67.2784 -63.4352 -59.8001 -56.3715 -53.1437 -50.1111 -47.2653 -44.5984 -42.1008 -39.7637 -37.5772 -35.5328 -33.6209 -31.8333 -30.1614 -28.5976 -27.1343 -25.7646 -24.482 -23.2802 -22.1538 -21.0971 -20.1057 -19.1745 -18.2999 -17.4774 -16.7042 -15.9762 -15.2914 -14.6461 -14.0391 -13.4669 -12.929 -12.4226 -11.9477 -11.5021 -11.0872 -10.7019
-139.205 -139.618 -139.58 -139.092 -138.158 -136.785 -134.989 -132.784 -130.196 -127.248 -123.976 -120.412 -116.599 -112.577 -108.393 -104.09 -99.7132 -95.3049 -90.9059 -86.5508 -82.2727 -78.0968 -74.0467 -70.1382 -66.3854 -62.7958 -59.3759 -56.1267 -53.0489 -50.1391 -47.3942 -44.8082 -42.3756 -40.0891 -37.9421 -35.9269 -34.0366 -32.2635 -30.6009 -29.0416 -27.5793 -26.2077 -24.9207 -23.7129 -22.5787 -21.5136 -20.5125 -19.5715 -18.6863 -17.8535 -17.0692 -16.3309 -15.635 -14.9796 -14.3613 -13.7792 -13.2302 -12.7137 -12.2272 -11.771 -11.343 -10.9444 -10.5745
-124.443 -124.791 -124.757 -124.337 -123.539 -122.369 -120.838 -118.961 -116.758 -114.25 -111.466 -108.434 -105.187 -101.76 -98.1892 -94.51 -90.7603 -86.973 -83.1827 -79.4174 -75.7054 -72.068 -68.5259 -65.0934 -61.7838 -58.6046 -55.5628 -52.6606 -49.9003 -47.28 -44.7985 -42.4517 -40.236 -38.146 -36.1769 -34.3225 -32.5776 -30.936 -29.3923 -27.9407 -26.5758 -25.2923 -24.0851 -22.9497 -21.8813 -20.8758 -19.929 -19.0376 -18.1974 -17.4058 -16.6591 -15.9554 -15.2911 -14.6648 -14.0735 -13.5162 -12.9901 -12.495 -12.0284 -11.5907 -11.18 -10.7978 -10.4431
-111.52 -111.815 -111.784 -111.425 -110.744 -109.745 -108.44 -106.84 -104.963 -102.827 -100.454 -97.869 -95.0993 -92.1718 -89.1177 -85.965 -82.7451 -79.4847 -76.2124 -72.9515 -69.7259 -66.5537 -63.453 -60.4365 -57.5165 -54.7003 -51.995 -49.4036 -46.9291 -44.571 -42.3295 -40.2019 -38.186 -36.2778 -34.4741 -32.7701 -31.1617 -29.6441 -28.213 -26.8636 -25.5915 -24.3923 -23.2619 -22.1962 -21.1913 -20.2437 -19.3497 -18.5064 -17.7103 -16.959 -16.2493 -15.5795 -14.9464 -14.3488 -13.784 -13.2513 -12.748 -12.274 -11.8271 -11.4079 -11.0143 -10.6482 -10.3085
-100.207 -100.458 -100.43 -100.123 -99.5407 -98.6875 -97.5736 -96.2079 -94.6061 -92.7822 -90.7564 -88.5472 -86.1785 -83.6718 -81.053 -78.3447 -75.573 -72.7595 -69.9284 -67.0986 -64.2907 -61.5199 -58.8022 -56.1485 -53.5703 -51.0742 -48.6675 -46.3534 -44.1354 -42.014 -39.9903 -38.0624 -36.2297 -34.4891 -32.8384 -31.2742 -29.7933 -28.392 -27.0669 -25.8141 -24.6301 -23.5113 -22.4541 -21.4553 -20.5114 -19.6196 -18.7766 -17.98 -17.2267 -16.5147 -15.8411 -15.2044 -14.6019 -14.0327 -13.4939 -12.9854 -12.5045 -12.0514 -11.624 -11.2228 -10.8462 -10.4959 -10.171
-90.2912 -90.5049 -90.481 -90.2178 -89.72 -88.9903 -88.0378 -86.8699 -85.5 -83.9393 -82.2052 -80.3126 -78.2816 -76.1294 -73.8778 -71.5451 -69.153 -66.7192 -64.264 -61.8032 -59.3541 -56.9298 -54.5441 -52.2067 -49.9279 -47.7139 -45.5716 -43.5042 -41.5159 -39.6075 -37.7807 -36.0345 -34.3691 -32.7822 -31.2728 -29.838 -28.4758 -27.1831 -25.9574 -24.7955 -23.6947 -22.6521 -21.6646 -20.7296 -19.8442 -19.006 -18.2121 -17.4606 -16.7487 -16.0748 -15.4363 -14.832 -14.2594 -13.7177 -13.2046 -12.7197 -12.2609 -11.8283 -11.4199 -11.0366 -10.6767 -10.3419 -10.0314
-81.5882 -81.771 -81.7506 -81.5249 -81.0984 -80.4731 -79.657 -78.6559 -77.4814 -76.1427 -74.6544 -73.0286 -71.2822 -69.4293 -67.488 -65.4732 -63.4032 -61.2924 -59.1581 -57.0131 -54.8726 -52.7473 -50.6497 -48.5878 -46.5712 -44.6052 -42.6968 -40.8488 -39.0656 -37.3483 -35.6991 -34.1177 -32.6046 -31.1585 -29.7788 -28.4634 -27.2112 -26.0195 -24.8867 -23.8102 -22.7877 -21.817 -20.8955 -20.0212 -19.1915 -18.4045 -17.6578 -16.9496 -16.2776 -15.6406 -15.0361 -14.4631 -13.9195 -13.4048 -12.9166 -12.4549 -12.0176 -11.6051 -11.2154 -10.8495 -10.5059 -10.1863 -9.88994
