MFC+VTK/函数库及接口制作/重磁三维基本处理/石达三分量转换及求梯度/立方体磁异常.grd
DSAA
127	128
0.000000	992.125977
0.000000	1200.000000
-627.2206215798329400	1055.6657910029173000
[rows 36 to 53 of 128, columns 0 to 40 of 127]
-6.3999423606712043 -6.5667479107305411 -6.7348642899979581 -6.9036473973391104 -7.0723222819219798 -7.2399613757168186 -7.4054591399560525 -7.5675025134865042 -7.7245364411207458 -7.8747236296390302 -8.0158975240293948 -8.1455073117109382 -8.2605535422515448 -8.3575126875546992 -8.4322486539677772 -8.4799088839706407 -8.4948022389564137 -8.4702553228796802 -8.3984432738104857 -8.2701902989648914 -8.0747343402418963 -7.7994492115785583 -7.4295163287227410 -6.9475367429147408 -6.3330725885348729 -5.5621052788434655 -4.6063958849035336 -3.4327312241502792 -2.0020374789798669 -0.2683420347807939 1.8224357049473277 4.3338814863162831 7.3406822163431116 10.9304192831017700 15.2055352258984850 20.2854118742965890 26.3084369353034330 33.4338413080975700 41.8429483857823000 51.7392758030785910 63.3466602851672680
-6.7637803919026034 -6.9537607777338017 -7.1467418221523751 -7.3422117601028862 -7.5395380125041580 -7.7379459306113398 -7.9364938974185222 -8.1340441413751687 -8.3292284974589386 -8.5204082070688330 -8.7056266756879985 -8.8825539007018399 -9.0484210327151082 -9.1999432346670282 -9.3332286419330543 -9.4436707913890050 -9.5258213614514400 -9.5732394300245733 -9.5783126892727850 -9.5320451293048674 -9.4238045835263708 -9.2410221820379324 -8.9688341430248215 -8.5896544039545724 -8.0826643108621550 -7.4232029117945642 -6.5820383264608004 -5.5244972189109030 -4.2094256965943275 -2.5879512533199431 -0.6020121683011190 1.8173810224823921 4.7521861835055930 8.2996997882458921 12.5752674894134330 17.7153127243693870 23.8806011172146030 31.2595565911506910 40.0712799814267560 50.5676647326404020 63.0336255200818840
-7.1291699411627851 -7.3429600133887440 -7.5615447976433696 -7.7845604802028934 -8.0115348310193291 -8.2418668299879307 -8.4748026538344572 -8.7094073563813765 -8.9445314463362386 -9.1787714120243322 -9.4104230552222869 -9.6374262705539646 -9.8572996330682052 -10.0670628245165650 -10.2631445253131770 -10.4412729076140280 -10.5963452655054520 -10.7222725864948100 -10.8117939729279090 -10.8562547265003710 -10.8453405671197490 -10.7667588141456940 -10.6058553480539110 -10.3451537159411480 -9.9637997580800253 -9.4368915188540274 -8.7346698700679610 -7.8215401395604385 -6.6548890741536679 -5.1836547482587196 -3.3465998353910393 -1.0702316382091848 1.7336932790768707 5.1711436862785227 9.3693248856840388 14.4807620518171620 20.6879420368117760 28.2084041186605850 37.2999978607957350 48.2657334325103090 61.4571759925806300
-7.4945141359607863 -7.7326189962921692 -7.9774059522647205 -8.2286739229777108 -8.4861281399751629 -8.7493610353943936 -9.0178295589928119 -9.2908282460529890 -9.5674572232133031 -9.8465841758807731 -10.1267991024159370 -10.4063604390268870 -10.6831308451448770 -10.9545005799465400 -11.2172959608469750 -11.4676698555639530 -11.7009704959631160 -11.9115840850691320 -12.0927456600599950 -12.2363114265712360 -12.3324842347320180 -12.3694819508873660 -12.3331361003391040 -12.2064052035377930 -11.9687835657631890 -11.5955817466619790 -11.0570493463826550 -10.3173038964876650 -9.3330213368161630 -8.0518336389172909 -6.4103675737994754 -4.3318456674819092 -1.7231568473799506 1.5287080038875640 5.5609677008431895 10.5402171490153250 16.6685270466749530 24.1904804568739320 33.4009924343521190 44.6534602897577530 58.3672613733612380
-7.8581297151877525 -8.1209112598460891 -8.3923426376770820 -8.6723991152065292 -8.9609792443558707 -9.2578873923398319 -9.5628128358517230 -9.8753047433771428 -10.1947422306369420 -10.5202985051429000 -10.8508979097794370 -11.1851644230810090 -11.5213598650335170 -11.8573096776042670 -12.1903136817616920 -12.5170386358381210 -12.8333887059673340 -13.1343490732182420 -13.4137968004424370 -13.6642717073515780 -13.8766982855817500 -14.0400475346176990 -14.1409249008430930 -14.1630671108869920 -14.0867264255243840 -13.8879154762036130 -13.5374791069685560 -12.9999512008175660 -12.2321439424963040 -11.1814039543950480 -9.7834538625693455 -7.9597188798825051 -5.6140160973836837 -2.6284603630534793 1.1415824135172468 5.8736801000221437 11.7858410196710960 19.1454840870931240 28.2798920815750740 39.5878966264747230 53.5520064661045650
-8.2182607773953436 -8.5059255209633093 -8.8042732402304580 -9.1134676693169396 -9.4336149011332502 -9.7647479281858001 -10.1068079507580640 -10.4596217910203070 -10.8228746116619520 -11.1960769665709710 -11.5785250008883660 -11.9692523600725270 -12.3669720496613210 -12.7700060951779160 -13.1762003660317500 -13.5828213243673230 -13.9864307099058460 -14.3827332356452150 -14.7663911979485700 -15.1307984346603370 -15.4678042149679090 -15.7673753108343410 -16.0171815469762750 -16.2020863830146920 -16.3035193255113490 -16.2987009181935000 -16.1596833590632190 -15.8521599982166530 -15.3339845369615610 -14.5533250350633060 -13.4463581250847460 -11.9343844260386480 -9.9202165353336671 -7.2836562435304621 -3.8758392176249128 0.4878123486095145 6.0363157891051689 13.0538154613432730 21.8924394043306950 32.9873121298897590 46.8732095849088780
-8.5730944787234264 -8.8856829794695926 -9.2110362468525686 -9.5495167965349452 -9.9014504770675380 -10.2671133697271630 -10.6467157244758410 -11.0403822983790260 -11.4481283246878260 -11.8698301703028760 -12.3051895301385060 -12.7536897478904730 -13.2145425328374950 -13.6866229448005720 -14.1683900257381840 -14.6577898402483750 -15.1521369170456560 -15.6479691176466850 -16.1408697435502440 -16.6252491609437240 -17.0940762831868940 -17.5385477910692490 -17.9476798398413030 -18.3078030061040630 -18.6019361155090800 -18.8090080373351540 -18.9028881154206090 -18.8511750885807530 -18.6136804613511440 -18.1405244808345150 -17.3697401623255670 -16.2242520717430450 -14.6080607226078630 -12.4014197319424150 -9.4547416062320639 -5.5809119685565278 -0.5456392019492302 5.9445646431708941 14.2571465771295540 24.8512278838360320 38.2980328944346770
-8.9207784864000423 -9.2581566738326746 -9.6104117213660594 -9.9781131477927474 -10.3618164271315470 -10.7620525641180290 -11.1793150363725820 -11.6140435102043720 -12.0666036025155560 -12.5372617958896520 -13.0261544085990020 -13.5332492669943130 -14.0582984112443900 -14.6007797711997270 -15.1598252566311370 -15.7341320891632610 -16.3218534283000950 -16.9204633681587990 -17.5265901488623190 -18.1358098649094760 -18.7423909685899090 -19.3389773371954520 -19.9161944393443980 -20.4621589894472460 -20.9618671481746470 -21.3964294547424320 -21.7421118002219910 -21.9691302704656690 -22.0401328309788160 -21.9082816235111860 -21.5148248982829670 -20.7860159110752210 -19.6291959511271230 -17.9278086727446360 -15.5350525189582460 -12.2658088410800300 -7.8864118221506958 -2.1017692542438482 5.4606621540673848 15.2704201221841970 27.9170693297453560
-9.2594399394400764 -9.6212926143375022 -10.0001448778668620 -10.3967791303063920 -10.8119876972422980 -11.2465653564742570 -11.7012996183630200 -12.1769582182939380 -12.6742731527907960 -13.1939204324878960 -13.7364945283068030 -14.3024762417066640 -14.8921924231882950 -15.5057655791061500 -16.1430509247066320 -16.8035578349412590 -17.4863518792536750 -18.1899326591095300 -18.9120814396616130 -19.6496710062359550 -20.3984281853248460 -21.1526369228520320 -21.9047665441857260 -22.6450056149428110 -23.3606763941313820 -24.0354978499242660 -24.6486561042927650 -25.1736293497554160 -25.5766989160159390 -25.8150582052210030 -25.8344053495794550 -25.5658720966653660 -24.9220988235024170 -23.7922119952518470 -22.0353947354421040 -19.4726643412640570 -15.8763881223569040 -10.9569965506598700 -4.3463267357381321 4.4228733161752238 15.9413739152868760
-9.5872056183529750 -9.9730323555385869 -10.3779713673951650 -10.8030212634019910 -11.2492155544575320 -11.7176183579321710 -12.2093182912060830 -12.7254200748146220 -13.2670332481112640 -13.8352572523424300 -14.4311619509406310 -15.0557624243606650 -15.7099865849858830 -16.3946337900898770 -17.1103221670319880 -17.8574217787052660 -18.6359700140867020 -19.4455646447399100 -20.2852287858783310 -21.1532404651974770 -22.0469175370553710 -22.9623461555397910 -23.8940377709198760 -24.8344954194576100 -25.7736646477983130 -26.6982373698945920 -27.5907677978363350 -28.4285476650044800 -29.1821724240612280 -29.8137098660893650 -30.2743563059502630 -30.5014314549830630 -30.4145194641188930 -29.9105084658805150 -28.8572129321044320 -27.0851828078968350 -24.3772157484280430 -20.4550089457763920 -14.9623507117507890 -7.4443358704525107 2.6775516060163169
-9.9022229826413550 -10.3113366188310160 -10.7416438330418180 -11.1943600644909560 -11.6707612610159420 -12.1721829330786160 -12.7000178706103470 -13.2557121152854050 -13.8407586732044090 -14.4566883177992110 -15.1050566622033260 -15.7874264647615630 -16.5053438585187640 -17.2603068501186170 -18.0537239947197820 -18.8868605955301550 -19.7607690656089120 -20.6761991812581270 -21.6334827941297620 -22.6323860778572410 -23.6719204676216110 -24.7501009790782970 -25.8636373991964210 -27.0075397044842550 -28.1746136907780200 -29.3548158114536340 -30.5344271133437490 -31.6949942745954090 -32.8119702293609380 -33.8529666111514870 -34.7755038732360190 -35.5241107607127300 -36.0265808694334170 -36.1891383433188520 -35.8901958520437180 -34.9723061400796810 -33.2318183507475170 -30.4056665086613190 -26.1546748586318610 -20.0428386571550550 -11.5123831126321350
-10.2026817005265490 -10.6342095344949000 -11.0889592392925670 -11.5683608968662030 -12.0739309373189010 -12.6072746512766280 -13.1700878691134630 -13.7641574777356650 -14.3913603508108210 -15.0536601478571010 -15.7531012839213390 -16.4917991757577380 -17.2719256204940380 -18.0956878434773930 -18.9652993436333050 -19.8829401411273810 -20.8507033609462770 -21.8705242225237910 -22.9440863941124040 -24.0726992361877310 -25.2571376038374180 -26.4974334754691510 -27.7926055564714640 -29.1403089493073570 -30.5363816936854560 -31.9742580773062390 -33.4442095913056860 -34.9323625924183860 -36.4194262709413510 -37.8790442982498800 -39.2756571350949030 -40.5617277030216240 -41.6741389624559560 -42.5295158338466020 -43.0181542213156550 -42.9961566961030850 -42.2752819586126380 -40.6099273167438280 -37.6806137740624220 -33.0734054382541420 -26.2550194813869560
-10.4868352702095130 -10.9397230427590590 -11.4177864453340160 -11.9226651679714610 -12.4561109077662810 -13.0199933845585200 -13.6163060461322960 -14.2471712169360640 -14.9148443636395350 -15.6217170462645290 -16.3703179892839010 -17.1633115329325960 -18.0034925009322960 -18.8937762311576590 -19.8371821416538980 -20.8368087207231520 -21.8957972033914460 -23.0172803851318260 -24.2043119700601610 -25.4597704817283560 -26.7862299817853400 -28.1857875174854660 -29.6598341827906360 -31.2087527059249650 -32.8315192724580170 -34.5251804659356910 -36.2841672424456760 -38.0993960749099050 -39.9570919246523460 -41.8372473849544240 -43.7116057517562520 -45.5410211387457760 -47.2720039961468000 -48.8322033268916020 -50.1245057164052810 -51.0193457546150670 -51.3447263513865620 -50.8733538729793370 -49.3062344542966000 -46.2521260051522060 -41.2025434536785160
-10.7530223180939380 -11.2260409761196840 -11.7260934712168560 -12.2550212412116510 -12.8148027925533010 -13.4075631981366520 -14.0355838147727350 -14.7013120609339280 -15.4073710295096530 -16.1565686233190360 -16.9519057866341570 -17.7965832562602060 -18.6940060590261050 -19.6477847254440620 -20.6617318525412410 -21.7398522084979260 -22.8863239951492120 -24.1054681289014670 -25.4017014112001820 -26.7794681607280120 -28.2431431740675120 -29.7968966393470400 -31.4445086753451690 -33.1891172789552870 -35.0328783319145960 -36.9765095421761460 -39.0186812436813360 -41.1552051502755920 -43.3779565403548590 -45.6734447525971630 -48.0209197961483340 -50.3898674584323770 -52.7366993411176570 -55.0003854172509530 -57.0967029542728210 -58.9106864350763430 -60.2867618348090420 -61.0159477496553250 -60.8194371741553610 -59.3279080108871430 -56.0561948963389370
-10.9996871562098700 -11.4914423408895380 -12.0119738999856200 -12.5633144172693620 -13.1476575993813110 -13.7673711685139540 -14.4250105012820850 -15.1233329422477580 -15.8653126702732850 -16.6541559266874230 -17.4933163217140400 -18.3865098103961270 -19.3377287623893750 -20.3512543271581020 -21.4316659993867200 -22.5838468954416240 -23.8129827282895410 -25.1245517739023680 -26.5243022007025640 -28.0182119110768110 -29.6124244205273040 -31.3131521446757120 -33.1265355989504470 -35.0584432066439720 -37.1141913418848760 -39.2981574883290180 -41.6132504144340630 -44.0601893180521960 -46.6365280111457490 -49.3353391475940550 -52.1434456440879760 -55.0390498225941800 -57.9885630624706610 -60.9423773383067560 -63.8292426683073020 -66.5488203774580850 -68.9618743050879890 -70.8774528847139460 -72.0363360369566550 -72.0900430950972580 -70.5749696543840060
-11.2253991894160090 -11.7343433251544340 -12.2736718689740880 -12.8455953520174120 -13.4525080818263770 -14.0970042785925110 -14.7818954694334080 -15.5102291566364980 -16.2853087407666880 -17.1107146295144010 -17.9903263920566800 -18.9283457199117960 -19.9293198187959600 -20.9981646691810510 -22.1401873387994210 -23.3611061853862760 -24.6670673214809500 -26.0646550839914720 -27.5608934037987080 -29.1632338309087690 -30.8795244374998180 -32.7179517615056170 -34.6869451842632590 -36.7950294156300830 -39.0506057606337720 -41.4616361255818830 -44.0351947032083050 -46.7768401773675820 -49.6897450814784350 -52.7734972922428080 -56.0224598253864340 -59.4235369841367390 -62.9531449469528890 -66.5731202790810810 -70.2252180796416070 -73.8237514456448030 -77.2458085833685570 -80.3183654801631800 -82.8015226487696050 -84.3671062806470790 -84.5721376068503190
-11.4288707824678220 -11.9533175822085130 -12.5096051285383240 -13.1001063066369350 -13.7273986638437350 -14.3942835774925990 -15.1038071676212840 -15.8592830552416900 -16.6643170477443190 -17.5228338013990740 -18.4391054623063300 -19.4177822147516960 -20.4639245608876910 -21.5830370060828680 -22.7811026141255300 -24.0646176028712380 -25.4406247457556630 -26.9167437854597010 -28.5011963002306670 -30.2028214154530020 -32.0310773231287980 -33.9960216237452500 -36.1082608530637970 -38.3788559509655580 -40.8191655306387280 -43.4406021566193630 -46.2542678230720270 -49.2704226143791000 -52.4977240340727750 -55.9421522681459180 -59.6055068545464480 -63.4833205398099520 -67.5619837341159840 -71.8148048497497340 -76.1966450676229670 -80.6366593229244870 -85.0285512676750560 -89.2176209920827720 -92.9837831030106940 -96.0197332021117520 -97.9036963844077520
-11.6089732265686830 -12.1471143727090870 -12.7183856856213350 -13.3253046709338780 -13.9706122823301320 -14.6572948534254690 -15.3886082263819080 -16.1681042586801310 -16.9996598855616910 -17.8875089026163430 -18.8362766066926890 -19.8510173871397450 -20.9372552866355230 -22.1010274392794770 -23.3489301290814560 -24.6881669731656430 -26.1265983930977300 -27.6727910557812610 -29.3360652890066550 -31.1265375338816600 -33.0551535868547790 -35.1337065717559720 -37.3748310808760780 -39.7919614779776790 -42.3992376176406300 -45.2113347298502500 -48.2431853032541370 -51.5095486070622140 -55.0243668588273070 -58.7998244375587760 -62.8449959623526270 -67.1639279816992460 -71.7529443864661690 -76.5968940321805860 -81.6639671358531700 -86.8985929134968270 -92.2117969406996850 -97.4682549822002070 -102.4691636463338000 -106.9300324721427100 -110.4527437233432500
