MFC+VTK/函数库及接口制作/重磁三维基本处理/石达三分量转换及求梯度/立方体磁异常_Hax.grd
DSAA
127 128
0 992.126
0 1200
-813.67 625.212
[rows 0 to 27 of 128, columns 0 to 63 of 127]
5.36496 5.51166 5.66498 5.82498 5.99174 6.16534 6.34589 6.53345 6.72812 6.92998 7.13908 7.3555 7.57927 7.81044 8.04902 8.29501 8.5484 8.80916 9.0772 9.35245 9.63478 9.92406 10.2201 10.5226 10.8315 11.1463 11.4668 11.7925 12.123 12.4579 12.7966 13.1386 13.4832 13.8297 14.1774 14.5256 14.8734 15.2198 15.5641 15.9052 16.2421 16.5738 16.8992 17.2172 17.5268 17.8267 18.1159 18.3932 18.6575 18.9077 19.1428 19.3617 19.5634 19.747 19.9117 20.0565 20.1808 20.284 20.3654 20.4247 20.4614 20.4754 20.4664 20.4344
5.28871 5.44091 5.6004 5.76716 5.94132 6.12301 6.31236 6.50953 6.71464 6.92782 7.14921 7.37892 7.61704 7.86368 8.11892 8.3828 8.65537 8.93664 9.22661 9.52523 9.83242 10.1481 10.4721 10.8042 11.1443 11.492 11.847 12.2089 12.5774 12.9518 13.3316 13.7162 14.1049 14.497 14.8917 15.288 15.6849 16.0816 16.4768 16.8695 17.2584 17.6424 18.02 18.3901 18.7511 19.1019 19.4408 19.7666 20.0779 20.3732 20.6512 20.9107 21.1504 21.369 21.5655 21.7389 21.8881 22.0125 22.1112 22.1836 22.2294 22.2481 22.2395 22.2037
5.22536 5.38241 5.54726 5.71989 5.90047 6.08915 6.28612 6.49156 6.70567 6.92862 7.16058 7.40172 7.65221 7.91217 8.18175 8.46106 8.75017 9.04917 9.35808 9.67692 10.0057 10.3442 10.6925 11.0504 11.4177 11.794 12.1792 12.5728 12.9743 13.3834 13.7993 14.2214 14.6491 15.0814 15.5175 15.9563 16.3969 16.8381 17.2786 17.7172 18.1526 18.5831 19.0075 19.4241 19.8314 20.2277 20.6114 20.9808 21.3344 21.6704 21.9873 22.2835 22.5576 22.8081 23.0336 23.2329 23.405 23.5487 23.6633 23.748 23.8023 23.8256 23.8179 23.779
5.15532 5.31738 5.48773 5.66638 5.85355 6.04942 6.25425 6.46826 6.6917 6.92479 7.16777 7.42087 7.68429 7.95825 8.24292 8.53848 8.84508 9.16285 9.49187 9.83222 10.1839 10.547 10.9213 11.3067 11.7032 12.1104 12.5282 12.956 13.3935 13.8401 14.2953 14.7584 15.2285 15.7048 16.1863 16.6719 17.1605 17.6507 18.1413 18.6307 19.1173 19.5996 20.0759 20.5443 21.003 21.4501 21.8838 22.3021 22.703 23.0846 23.4451 23.7826 24.0954 24.3817 24.6399 24.8686 25.0664 25.2321 25.3647 25.4632 25.5272 25.5559 25.5492 25.5068
5.08419 5.25111 5.42673 5.61116 5.80463 6.00741 6.21978 6.44202 6.67444 6.91732 7.17096 7.43562 7.7116 7.99915 8.29854 8.60998 8.9337 9.26988 9.61868 9.98024 10.3546 10.7419 11.142 11.5549 11.9806 12.4187 12.869 13.3312 13.8049 14.2895 14.7844 15.2889 15.8022 16.3233 16.8511 17.3846 17.9223 18.463 19.005 19.5467 20.0864 20.6223 21.1523 21.6745 22.1867 22.6869 23.1727 23.6421 24.0926 24.5221 24.9284 25.3094 25.6629 25.987 26.2797 26.5395 26.7646 26.9536 27.1054 27.2189 27.2933 27.3279 27.3225 27.2769
5.00528 5.17714 5.35811 5.54838 5.74826 5.95805 6.1781 6.40876 6.65039 6.90332 7.16793 7.44456 7.73354 8.03523 8.34994 8.67797 9.01962 9.37515 9.74478 10.1287 10.5271 10.9401 11.3677 11.8099 12.2666 12.7378 13.2232 13.7224 14.2351 14.7608 15.2987 15.8483 16.4085 16.9785 17.557 18.1429 18.7346 19.3307 19.9294 20.5289 21.1274 21.7226 22.3123 22.8944 23.4663 24.0256 24.5698 25.0962 25.6024 26.0856 26.5434 26.9732 27.3726 27.7394 28.0712 28.366 28.6221 28.8376 29.0112 29.1416 29.2279 29.2694 29.2656 29.2164
4.92163 5.09831 5.28448 5.48041 5.68649 5.90309 6.13062 6.36948 6.6201 6.8829 7.15829 7.44671 7.74857 8.06427 8.39423 8.73882 9.09841 9.47335 9.86395 10.2705 10.6932 11.1323 11.5878 12.06 12.5486 13.0538 13.5753 14.1127 14.6659 15.2342 15.817 16.4136 17.023 17.6443 18.2762 18.9173 19.5662 20.2211 20.8801 21.5413 22.2024 22.8612 23.515 24.1614 24.7976 25.4208 26.028 26.6164 27.1829 27.7245 28.2383 28.7215 29.1711 29.5844 29.959 30.2924 30.5824 30.8271 31.0248 31.1741 31.2737 31.3229 31.3212 31.2684
4.82909 5.0106 5.20195 5.40354 5.61583 5.83925 6.0743 6.32144 6.58117 6.85398 7.14038 7.44085 7.75591 8.08604 8.43174 8.79348 9.17172 9.56689 9.97941 10.4096 10.8579 11.3245 11.8097 12.3135 12.8361 13.3776 13.9376 14.5161 15.1127 15.727 16.3583 17.0059 17.6688 18.346 19.0362 19.7378 20.4494 21.169 21.8945 22.6238 23.3543 24.0836 24.8087 25.5268 26.2347 26.9293 27.6071 28.2649 28.8993 29.5067 30.0837 30.627 31.1333 31.5994 32.0224 32.3996 32.7282 33.0061 33.2313 33.402 33.517 33.5752 33.576 33.5193
4.72962 4.9158 5.11214 5.31919 5.53745 5.76748 6.00982 6.26501 6.53363 6.81626 7.11346 7.42584 7.75398 8.09846 8.45988 8.8388 9.2358 9.65139 10.0861 10.5404 11.0148 11.5096 12.0251 12.5617 13.1194 13.6984 14.2986 14.92 15.5621 16.2247 16.9071 17.6086 18.3283 19.0649 19.8173 20.5838 21.3626 22.1518 22.949 23.752 24.5578 25.3638 26.1666 26.963 27.7494 28.5223 29.2779 30.0122 30.7214 31.4015 32.0485 32.6586 33.2279 33.7528 34.2299 34.6558 35.0277 35.3428 35.5989 35.7939 35.9262 35.9948 35.9988 35.938
4.62014 4.81089 5.01214 5.22453 5.44868 5.68522 5.93477 6.19797 6.47547 6.76793 7.07602 7.40043 7.74184 8.10094 8.47843 8.87499 9.29129 9.72801 10.1858 10.6652 11.1668 11.6911 12.2386 12.8096 13.4045 14.0234 14.6665 15.3336 16.0246 16.7391 17.4767 18.2365 19.0177 19.8191 20.6393 21.4766 22.3293 23.195 24.0715 24.9558 25.8452 26.7363 27.6257 28.5095 29.3838 30.2446 31.0874 31.9078 32.7014 33.4636 34.1898 34.8755 35.5163 36.108 36.6465 37.1281 37.5493 37.907 38.1984 38.4212 38.5736 38.6542 38.6621 38.597
4.50198 4.6971 4.90299 5.12045 5.35019 5.59294 5.8494 6.1203 6.40637 6.70839 7.0271 7.36331 7.7178 8.09137 8.48485 8.89903 9.33472 9.79272 10.2738 10.7787 11.3081 11.8627 12.443 13.0497 13.6831 14.3436 15.0314 15.7465 16.4889 17.2583 18.0542 18.8761 19.7229 20.5936 21.4867 22.4005 23.333 24.2818 25.2443 26.2176 27.1984 28.183 29.1675 30.1478 31.1193 32.0774 33.0172 33.9336 34.8213 35.6753 36.4901 37.2607 37.9818 38.6487 39.2566 39.801 40.278 40.6839 41.0155 41.27 41.4454 41.5399 41.5527 41.4832
4.37266 4.57196 4.78229 5.0046 5.23972 5.48846 5.75162 6.03003 6.32452 6.63594 6.96519 7.31314 7.68072 8.06886 8.47849 8.91056 9.36602 9.84581 10.3509 10.8821 11.4403 12.0264 12.6411 13.2852 13.9591 14.6635 15.3987 16.1649 16.9622 17.7904 18.6493 19.5381 20.4561 21.4021 22.3746 23.372 24.392 25.4323 26.4899 27.5616 28.6438 29.7325 30.8233 31.9115 32.992 34.0596 35.1086 36.1332 37.1275 38.0855 39.001 39.8681 40.6808 41.4335 42.1205 42.7369 43.2778 43.7391 44.1169 44.408 44.61 44.7209 44.7394 44.6652
4.23315 4.43632 4.65075 4.87754 5.11764 5.37195 5.64139 5.92688 6.22935 6.54977 6.88914 7.24848 7.62881 8.03122 8.45677 8.90658 9.38173 9.88336 10.4125 10.9704 11.5579 12.1762 12.8262 13.5088 14.2248 14.9748 15.7595 16.5793 17.4345 18.3249 19.2505 20.2107 21.2048 22.2317 23.29 24.3778 25.493 26.6329 27.7945 28.9742 30.168 31.3717 32.5801 33.7882 34.9902 36.18 37.3513 38.4974 39.6116 40.6868 41.716 42.6923 43.6088 44.4588 45.2359 45.9342 46.5481 47.0727 47.5034 47.8366 48.0693 48.1992 48.2249 48.1458
4.08134 4.2881 4.5063 4.73723 4.98194 5.24147 5.51682 5.80902 6.11912 6.44822 6.79741 7.16786 7.56074 7.97726 8.41867 8.88623 9.38122 9.90495 10.4587 11.0438 11.6614 12.313 12.9995 13.7222 14.4821 15.2802 16.1172 16.9938 17.9104 18.8673 19.8644 20.9015 21.9779 23.0926 24.2442 25.4309 26.6505 27.9001 29.1765 30.4759 31.7939 33.1257 34.4658 35.8084 37.1469 38.4746 39.7841 41.0679 42.3182 43.5267 44.6856 45.7866 46.8218 47.7834 48.6639 49.4564 50.1543 50.7518 51.2437 51.6257 51.8941 52.0464 52.0808 51.9965
3.91797 4.12791 4.34942 4.58399 4.83279 5.09697 5.37766 5.67598 5.99312 6.33028 6.68871 7.0697 7.47457 7.9047 8.36151 8.84644 9.36097 9.9066 10.4849 11.0973 11.7453 12.4306 13.1544 13.9183 14.7235 15.5713 16.4628 17.3988 18.3801 19.4072 20.4803 21.5994 22.7639 23.973 25.2254 26.5194 27.8525 29.2221 30.6245 32.0557 33.511 34.985 36.4717 37.9644 39.4559 40.9384 42.4037 43.843 45.2472 46.6071 47.9134 49.1565 50.3271 51.4163 52.4152 53.3157 54.1102 54.7917 55.3542 55.7925 56.1025 56.2809 56.3259 56.2364
3.74122 3.95393 4.1783 4.41602 4.6684 4.9367 5.22216 5.52604 5.84965 6.19432 6.56143 6.95243 7.3688 7.8121 8.28393 8.78593 9.3198 9.88728 10.4901 11.1301 11.809 12.5287 13.2909 14.0973 14.9495 15.8492 16.7977 17.7963 18.8461 19.9479 21.1022 22.3091 23.5686 24.8799 26.2419 27.6529 29.1107 30.6122 32.1539 33.7313 35.3394 36.9722 38.6232 40.2847 41.9488 43.6065 45.2484 46.8644 48.4443 49.9772 51.4521 52.8583 54.1846 55.4206 56.5561 57.5814 58.4874 59.2663 59.9107 60.4146 60.7731 60.9824 61.0401 60.9452
3.55168 3.76664 3.99328 4.23352 4.48878 4.76048 5.04996 5.35862 5.68788 6.03922 6.41417 6.81434 7.24139 7.69706 8.18314 8.7015 9.25407 9.84285 10.4699 11.1372 11.8469 12.6012 13.4021 14.2517 15.1521 16.1052 17.1129 18.1767 19.2982 20.4786 21.7187 23.0192 24.3803 25.8014 27.2818 28.8198 30.4133 32.0594 33.7542 35.4931 37.2706 39.0802 40.9147 42.7656 44.6238 46.4793 48.3211 50.138 51.9178 53.648 55.3161 56.909 58.4142 59.8192 61.112 62.2812 63.3164 64.2079 64.9474 65.5276 65.9427 66.1884 66.2616 66.1612
3.34777 3.56445 3.79277 4.03487 4.29233 4.56669 4.85942 5.17206 5.50616 5.86334 6.24529 6.6538 7.09069 7.55791 8.05748 8.5915 9.16216 9.77172 10.4225 11.1169 11.8575 12.6466 13.4868 14.3805 15.3304 16.3386 17.4077 18.5397 19.7365 20.9999 22.3314 23.7318 25.2018 26.7414 28.3501 30.0265 31.7687 33.5736 35.4376 37.3556 39.3219 41.3294 43.3699 45.4342 47.5121 49.592 51.6615 53.7076 55.7163 57.6731 59.5631 61.3714 63.0831 64.6835 66.1586 67.4949 68.68 69.7027 70.553 71.2224 71.7039 71.9925 72.0846 71.9786
3.13003 3.34777 3.57704 3.82021 4.07902 4.35512 4.65014 4.96574 5.3036 5.66552 6.05334 6.46901 6.91458 7.39218 7.90407 8.4526 9.04025 9.66957 10.3432 11.064 11.8347 12.6583 13.5376 14.4757 15.4756 16.5402 17.6723 18.8747 20.1499 21.5003 22.9278 24.4341 26.0203 27.6869 29.4339 31.2602 33.1643 35.1433 37.1933 39.3095 41.4855 43.7137 45.9852 48.2898 50.6157 52.9501 55.2787 57.5864 59.8571 62.0738 64.2193 66.2759 68.2261 70.0527 71.739 73.2692 74.6287 75.8041 76.7837 77.5573 78.1168 78.456 78.5709 78.4596
2.89711 3.11524 3.34471 3.58814 3.8474 4.12431 4.42061 4.73812 5.07866 5.44417 5.83667 6.2583 6.7113 7.19804 7.72101 8.28286 8.88633 9.53433 10.2299 10.9761 11.7763 12.6339 13.5522 14.5349 15.5854 16.7073 17.9042 19.1794 20.5362 21.9777 23.5065 25.1251 26.8352 28.6382 30.5344 32.5236 34.6045 36.7745 39.0299 41.3658 43.7755 46.2509 48.7823 51.3582 53.9656 56.5896 59.2143 61.8219 64.3937 66.9101 69.3507 71.6948 73.9218 76.0113 77.9436 79.6999 81.2629 82.6168 83.7477 84.6435 85.2948 85.6941 85.8366 85.72
2.64954 2.86728 3.09606 3.33878 3.59745 3.87405 4.17045 4.48858 4.83045 5.19813 5.59384 6.01988 6.47872 6.97297 7.50537 8.07884 8.69647 9.3615 10.0773 10.8476 11.676 12.5663 13.5228 14.5493 15.6503 16.8299 18.0923 19.4419 20.8828 22.4187 24.0534 25.7901 27.6316 29.5799 31.6364 33.8015 36.0744 38.4533 40.9346 43.5135 46.1831 48.9348 51.758 54.6402 57.5666 60.5205 63.4833 66.4348 69.3532 72.2153 74.9973 77.6748 80.2233 82.6187 84.8376 86.8577 88.6585 90.2213 91.5294 92.5689 93.3281 93.7986 93.9746 93.8532
2.38622 2.60275 2.82993 3.07095 3.32795 3.60307 3.89831 4.21576 4.55754 4.92592 5.32326 5.75209 6.21509 6.71509 7.25512 7.83841 8.46836 9.14861 9.88298 10.6755 11.5305 12.4523 13.4456 14.5153 15.6662 16.9034 18.2322 19.6576 21.1846 22.8184 24.5635 26.4243 28.4048 30.508 32.7365 35.0915 37.5733 40.1807 42.9107 45.7587 48.7178 51.779 54.9309 58.1596 61.4487 64.7793 68.13 71.4773 74.7957 78.0583 81.2367 84.3022 87.2256 89.9783 92.5324 94.8615 96.9411 98.7489 100.265 101.474 102.361 102.915 103.132 103.006
2.10774 2.32213 2.54669 2.78486 3.03897 3.31127 3.60391 3.91912 4.25916 4.62648 5.0236 5.45325 5.91833 6.42192 6.96735 7.55813 8.19803 8.89109 9.64157 10.454 11.3332 12.2843 13.3125 14.4234 15.6228 16.9168 18.3114 19.8128 21.4273 23.1611 25.0202 27.0102 29.1365 31.4036 33.8154 36.3744 39.0822 41.9385 44.9413 48.0864 51.3672 54.7745 58.296 61.9166 65.6181 69.3788 73.1745 76.9777 80.7587 84.4857 88.1252 91.6429 95.0042 98.1749 101.122 103.813 106.22 108.316 110.077 111.484 112.522 113.177 113.442 113.313
1.81325 2.02455 2.24542 2.47958 2.72951 2.99761 3.28615 3.5975 3.93409 4.29849 4.69342 5.12181 5.58677 6.09165 6.64003 7.23578 7.88303 8.58622 9.35008 10.1797 11.0804 12.0581 13.1187 14.2686 15.5146 16.8637 18.3231 19.9003 21.6029 23.4384 25.4145 27.5385 29.8172 32.2571 34.8637 37.6414 40.5932 43.7204 47.0222 50.4954 54.1338 57.9283 61.866 65.9306 70.1017 74.3551 78.6626 82.9927 87.3102 91.5776 95.7551 99.8018 103.676 107.337 110.746 113.863 116.655 119.089 121.139 122.781 123.997 124.771 125.095 124.964
1.50346 1.71062 1.92662 2.15547 2.39979 2.66214 2.9449 3.25059 3.58175 3.94112 4.3316 4.75631 5.21857 5.72198 6.27043 6.8681 7.5195 8.22948 9.00329 9.84654 10.7653 11.7659 12.8553 14.0409 15.3303 16.7317 18.2536 19.9048 21.6945 23.632 25.7267 27.9877 30.4242 33.0446 35.8566 38.8669 42.0806 45.501 49.1291 52.9631 56.9978 61.2246 65.6303 70.1973 74.9032 79.7208 84.6177 89.5571 94.4977 99.395 104.202 108.868 113.345 117.583 121.534 125.153 128.398 131.232 133.622 135.541 136.967 137.882 138.277 138.145
1.17782 1.37974 1.58967 1.81187 2.04914 2.30413 2.57938 2.8775 3.20119 3.55334 3.93699 4.35545 4.81227 5.31131 5.8567 6.45298 7.10503 7.81815 8.59806 9.45097 10.3836 11.4031 12.5172 13.7342 15.063 16.5129 18.0939 19.8164 21.6913 23.7298 25.9433 28.3436 30.9419 33.7495 36.7769 40.0333 43.5268 47.2634 51.2465 55.4765 59.95 64.659 69.5907 74.7267 80.0423 85.5071 91.0839 96.7298 102.396 108.03 113.574 118.969 124.155 129.073 133.664 137.875 141.656 144.961 147.752 149.997 151.671 152.754 153.233 153.103
0.837209 1.03273 1.23527 1.44939 1.67799 1.9239 2.18972 2.47821 2.79217 3.13462 3.50878 3.91812 4.3664 4.8577 5.39646 5.98751 6.63611 7.348 8.12942 8.98715 9.92856 10.9616 12.095 13.338 14.7007 16.1938 17.8289 19.6179 21.5739 23.7103 26.0409 28.5801 31.3422 34.3415 37.5919 41.1062 44.8961 48.9711 53.3381 58.0004 62.9571 68.2023 73.7239 79.5029 85.5131 91.7201 98.0816 104.547 111.06 117.556 123.967 130.22 136.243 141.964 147.311 152.221 156.633 160.494 163.758 166.388 168.354 169.635 170.215 170.09
0.481379 0.669301 0.86313 1.06769 1.28603 1.52106 1.77551 2.05223 2.35413 2.68435 3.04625 3.44346 3.87993 4.35996 4.88825 5.46995 6.11067 6.81659 7.59444 8.4516 9.39612 10.4368 11.5832 12.8458 14.2358 15.7655 17.4479 19.2973 21.3286 23.5577 26.0014 28.677 31.6024 34.7957 38.2747 42.0568 46.1581 50.5927 55.3721 60.504 65.9912 71.8308 78.0123 84.5174 91.3182 98.3768 105.645 113.064 120.566 128.074 135.505 142.772 149.784 156.454 162.697 168.433 173.591 178.106 181.927 185.01 187.32 188.833 189.534 189.416
