MFC+VTK/函数库及接口制作/重磁三维基本处理/石达三分量转换及求梯度/立方体磁异常_Hay.grd
DSAA
127 128
0 992.126
0 1200
-682.365 655.061
[rows 29 to 57 of 128, columns 0 to 64 of 127]
10.9456 11.4766 12.0807 12.7157 13.4031 14.1238 14.8964 15.7067 16.572 17.4803 18.4484 19.4657 20.5487 21.6878 22.8994 24.1748 25.5302 26.9576 28.4732 30.0694 31.7622 33.5443 35.4314 37.4159 39.5127 41.7137 44.0325 46.4594 49.0059 51.6598 54.4289 57.2968 60.2662 63.3143 66.4361 69.5999 72.7901 75.9632 79.0901 82.1127 84.9864 87.637 90.0047 92.0013 93.5559 94.5735 94.9819 94.6922 93.6462 91.7772 89.057 85.4555 80.9856 75.6597 69.532 62.6524 55.1062 46.9673 38.3378 29.301 19.9625 10.4052 0.731757 -8.97927 -18.6289
11.1462 11.6713 12.2845 12.9297 13.6337 14.3725 15.1684 16.0043 16.9002 17.8423 18.8496 19.9102 21.0427 22.2366 23.5103 24.8544 26.2873 27.8005 29.4126 31.1157 32.9283 34.8432 36.8787 39.0277 41.308 43.7124 46.2573 48.9344 51.7583 54.7181 57.8249 61.0639 64.4405 67.933 71.5385 75.2253 78.978 82.7509 86.512 90.1973 93.7546 97.0983 100.155 102.818 104.998 106.574 107.451 107.515 106.684 104.871 102.033 98.1318 93.1789 87.1928 80.2408 72.39 63.7475 54.4092 44.4997 34.1226 23.4022 12.4368 1.34246 -9.79113 -20.8546
11.3336 11.8503 12.4712 13.1248 13.8438 14.5993 15.4171 16.2771 17.2024 18.1769 19.2222 20.325 21.506 22.7538 24.0889 25.5013 27.0117 28.6112 30.3205 32.1321 34.0667 36.1177 38.306 40.6256 43.097 45.7144 48.4976 51.4401 54.56 57.8489 61.3216 64.9657 68.7905 72.7766 76.9242 81.2028 85.5987 90.065 94.5678 99.0375 103.414 107.601 111.507 115.006 117.981 120.284 121.786 122.34 121.83 120.143 117.215 112.994 107.491 100.734 92.8089 83.8071 73.8655 63.1103 51.6953 39.7498 27.4205 14.8226 2.08652 -10.6876 -23.3813
11.5063 12.0121 12.6387 13.2989 14.0313 14.8016 15.6396 16.522 17.475 18.4802 19.562 20.7052 21.9333 23.2335 24.6288 26.1085 27.6954 29.3806 31.1871 33.1076 35.1654 37.3546 39.6988 42.1933 44.8619 47.7004 50.7325 53.954 57.3873 61.0269 64.8925 68.9752 73.2892 77.8189 82.5691 87.5123 92.6381 97.9001 103.264 108.657 114.011 119.216 124.165 128.706 132.691 135.935 138.265 139.488 139.445 137.982 135.004 130.444 124.311 116.646 107.561 97.1844 85.6947 73.259 60.0698 46.289 32.0892 17.6047 2.97925 -11.6782 -26.2425
11.6627 12.1549 12.7853 13.4499 14.1938 14.9769 15.8332 16.7359 17.7145 18.7483 19.8644 21.046 22.3191 23.6696 25.1231 26.6681 28.3299 30.0993 32.0019 34.0305 36.2114 38.5392 41.0409 43.7129 46.5828 49.6486 52.938 56.4498 60.2114 64.2212 68.5045 73.0571 77.8999 83.0223 88.4359 94.1184 100.065 106.232 112.588 119.058 125.568 131.996 138.218 144.051 149.312 153.767 157.187 159.316 159.935 158.831 155.867 150.949 144.086 135.339 124.859 112.829 99.4836 85.0485 69.7667 53.8407 37.4734 20.8186 4.03167 -12.7737 -29.4703
11.8014 12.2772 12.9093 13.5761 14.3292 15.1228 15.9951 16.9158 17.9176 18.9775 20.1253 21.3426 22.6579 24.0561 25.565 27.1726 28.9066 30.7576 32.7539 34.8885 37.1907 39.6561 42.3148 45.165 48.2381 51.5346 55.0869 58.8973 62.9989 67.3948 72.1171 77.1677 82.5753 88.3368 94.4726 100.968 107.827 115.013 122.499 130.212 138.078 145.963 153.723 161.148 168.01 174.013 178.858 182.205 183.746 183.187 180.327 175.035 167.318 157.267 145.094 131.058 115.48 98.6608 80.9121 62.4863 43.6202 24.4863 5.24675 -13.9863 -33.0917
11.921 12.3774 13.0088 13.6753 14.4353 15.2369 16.1226 17.0585 18.0807 19.1638 20.3403 21.5901 22.9443 24.3866 25.9474 27.6139 29.4164 31.3453 33.4316 35.6687 38.0889 40.6887 43.5019 46.5284 49.8039 53.3315 57.1489 61.2625 65.7116 70.5049 75.6825 81.2537 87.2569 93.6983 100.61 107.987 115.847 124.164 132.922 142.053 151.487 161.085 170.687 180.052 188.901 196.869 203.563 208.529 211.338 211.576 208.949 203.27 194.541 182.902 168.656 152.175 133.9 114.239 93.5912 72.2687 50.5446 28.6062 6.6145 -15.3303 -37.1243
12.0199 12.4541 13.0824 13.7459 14.5102 15.317 16.2132 17.1614 18.2008 19.3036 20.5052 21.7838 23.173 24.6553 26.2635 27.9843 29.8505 31.8524 34.0236 36.358 38.891 41.6202 44.5829 47.7812 51.2551 55.0108 59.0916 63.5083 68.3072 73.5036 79.1464 85.2537 91.8752 99.0288 106.76 115.08 124.021 133.573 143.738 154.461 165.682 177.263 189.037 200.732 212.019 222.449 231.513 238.607 243.132 244.506 242.289 236.213 226.273 212.683 195.883 176.413 154.882 131.848 107.814 83.1663 58.2108 33.1417 8.10614 -16.8219 -41.5714
12.097 12.5059 13.1284 13.7862 14.552 15.361 16.2646 17.2216 18.2747 19.3934 20.6162 21.9192 23.3387 24.8561 26.5067 28.2762 30.2003 32.2689 34.5184 36.9433 39.5819 42.4331 45.538 48.9006 52.5655 56.5424 60.8802 65.5947 70.7398 76.3379 82.4478 89.0975 96.3498 104.236 112.819 122.127 132.214 143.09 154.782 167.257 180.473 194.307 208.59 223.032 237.252 250.713 262.763 272.609 279.42 282.366 280.8 274.322 262.92 246.921 226.97 203.855 178.42 151.413 123.474 95.0619 66.5112 38.0081 9.66849 -18.4791 -46.4152
12.151 12.5316 13.1456 13.7948 14.559 15.3669 16.2746 17.2367 18.2997 19.4302 20.6695 21.9922 23.4368 24.9837 26.6705 28.4824 30.4573 32.5851 34.905 37.4119 40.147 43.1106 46.3475 49.8638 53.7088 57.8956 62.479 67.4804 72.9613 78.9518 85.5213 92.7089 100.592 109.216 118.665 128.987 140.261 152.526 165.837 180.193 195.584 211.912 229.023 246.619 264.282 281.379 297.104 310.423 320.2 325.261 324.649 317.772 304.602 285.637 261.829 234.315 204.261 172.657 140.297 107.711 75.2472 43.0629 11.22 -20.3203 -51.6121
12.1808 12.5301 13.1328 13.7702 14.5298 15.3332 16.2413 17.2047 18.2732 19.4109 20.662 21.9989 23.4629 25.0329 26.7491 28.5959 30.6137 32.792 35.1728 37.7514 40.572 43.6361 46.992 50.6483 54.6586 59.0397 63.8524 69.1233 74.9222 81.2872 88.2985 96.0071 104.505 113.857 124.164 135.501 147.975 161.656 176.637 192.957 210.649 229.653 249.849 270.951 292.516 313.83 333.916 351.467 364.955 372.747 373.447 366.178 350.889 328.331 299.891 267.191 231.811 195.03 157.803 120.72 84.1193 48.1019 12.651 -22.3629 -57.0878
12.1854 12.5004 13.0889 13.7115 14.4631 15.2585 16.1631 17.1237 18.1932 19.3333 20.5907 21.936 23.4131 24.9994 26.7374 28.6109 30.6623 32.8814 35.3122 37.9505 40.8436 43.994 47.4535 51.2328 55.3899 59.9452 64.9654 70.4824 76.574 83.2863 90.7108 98.9104 107.993 118.04 129.175 141.499 155.149 170.231 186.88 205.182 225.222 246.994 270.424 295.26 321.056 347.035 372.055 394.505 412.397 423.516 425.882 418.227 400.468 373.704 339.911 301.335 260.055 217.671 175.295 133.55 92.7349 52.8679 13.8297 -24.619 -62.7375
12.164 12.4419 13.0133 13.6178 14.358 15.1417 16.0388 16.9922 18.0581 19.1952 20.4533 21.8009 23.2842 24.8793 26.6309 28.5219 30.5971 32.8458 35.3145 37.9993 40.95 44.1703 47.7153 51.5975 55.8794 60.5846 65.7852 71.5186 77.87 84.8936 92.6915 101.339 110.958 121.648 133.557 146.808 161.571 177.991 196.244 216.47 238.808 263.315 289.978 318.591 348.729 379.568 409.818 437.559 460.301 475.153 479.434 471.387 450.89 419.483 379.868 335.02 287.572 239.451 191.901 145.555 100.64 57.0734 14.6165 -27.0915 -68.4302
12.1159 12.354 12.9052 13.4886 14.2138 14.982 15.8676 16.8092 17.8664 18.9954 20.2481 21.5915 23.0737 24.6696 26.426 28.3249 30.413 32.6793 35.1726 37.889 40.8809 44.1529 47.7628 51.7254 56.1066 60.9332 66.2825 72.1966 78.768 86.0582 94.1794 103.218 113.31 124.573 137.174 151.263 167.038 184.681 204.413 226.42 250.902 277.976 307.694 339.905 374.209 409.754 445.118 478.087 505.667 524.275 530.482 522.011 498.705 462.593 417.157 366.134 312.709 259.109 206.688 156.062 107.378 60.438 14.8834 -29.7689 -74.0186
12.0406 12.2364 12.7645 13.3235 14.0302 14.7792 15.6489 16.5742 17.6177 18.7328 19.9741 21.3063 22.7799 24.3683 26.1202 28.0166 30.1061 32.3774 34.8809 37.613 40.6282 43.9318 47.5843 51.602 56.0541 60.9702 66.4321 72.4863 79.2315 86.7359 95.1208 104.482 114.971 126.717 139.908 154.716 171.368 190.075 211.099 234.672 261.045 290.39 322.816 358.221 396.229 435.961 475.873 513.485 545.35 567.255 575.102 566.151 540.231 499.831 449.152 392.618 333.9 275.487 218.817 164.485 112.557 62.7312 14.536 -32.6224 -79.3517
11.938 12.0889 12.591 13.1225 13.8073 14.5332 15.3828 16.2871 17.3117 18.4073 19.6307 20.9449 22.402 23.9743 25.712 27.5952 29.6741 31.9368 34.4355 37.1665 40.186 43.4999 47.1709 51.2165 55.7087 60.6795 66.2144 72.3636 79.2312 86.8911 95.4723 105.08 115.874 128.001 141.662 157.048 174.411 193.988 216.074 240.937 268.87 300.089 334.747 372.773 413.803 456.923 500.474 541.751 576.936 601.324 610.31 600.826 572.713 528.831 473.935 412.983 350.026 287.764 227.702 170.419 115.916 63.8079 13.5296 -35.6041 -84.2905
11.8078 11.9118 12.3851 12.8861 13.5454 14.2444 15.0696 15.9483 16.9488 18.0192 19.2184 20.5074 21.9402 23.4876 25.2011 27.0601 29.1161 31.3564 33.8347 36.547 39.551 42.8528 46.517 50.5618 55.0616 60.05 65.6156 71.8115 78.7461 86.498 95.2022 104.971 115.974 128.367 142.364 158.173 176.061 196.29 219.177 245.018 274.136 306.778 343.119 383.109 426.375 471.962 518.11 561.934 599.345 625.309 634.902 624.869 595.087 548.669 490.742 426.622 360.623 295.592 233.093 173.695 117.355 63.6265 11.8762 -38.6504 -88.7184
11.6502 11.7054 12.1472 12.6147 13.2452 13.9136 14.7103 15.5589 16.5301 17.5696 18.7381 19.9949 21.3955 22.9091 24.5886 26.4123 28.4328 30.6367 33.0787 35.7544 38.7226 41.9895 45.6208 49.6352 54.1088 59.0763 64.6286 70.8208 77.7645 85.5417 94.292 104.133 115.241 127.779 141.973 158.039 176.259 196.91 220.326 246.821 276.737 310.337 347.81 389.105 433.837 481.006 528.772 574.12 612.794 639.565 649.346 638.801 607.851 559.769 499.899 433.767 365.847 299.08 235.066 174.372 116.927 62.2428 9.63856 -41.6879 -92.5492
11.4657 11.4704 11.8782 12.3095 12.9079 13.5422 14.3063 15.1202 16.0571 17.0601 18.1917 19.4095 20.7699 22.241 23.8767 25.6541 27.6266 29.7801 32.1699 34.7911 37.7031 40.912 44.484 48.4381 52.8513 57.7589 63.253 69.3902 76.2838 84.0182 92.7361 102.558 113.666 126.228 140.474 156.631 174.989 195.834 219.509 246.343 276.684 310.805 348.898 390.908 436.43 484.431 533.016 579.092 618.31 645.352 655.061 644.085 612.388 563.337 502.39 435.184 366.274 298.651 233.931 172.679 114.801 59.7849 6.91566 -44.6402 -95.7267
11.2546 11.2077 11.579 11.9716 12.5348 13.1316 13.8592 14.6343 15.532 16.4932 17.5819 18.7538 20.0664 21.4866 23.0688 24.7892 26.7015 28.7908 31.1128 33.6618 36.4976 39.6256 43.1124 46.9765 51.2953 56.104 61.4954 67.5262 74.3108 81.9346 90.5417 100.255 111.258 123.721 137.881 153.966 172.273 193.092 216.774 243.651 274.078 308.332 346.602 388.829 434.596 482.849 531.661 577.905 617.194 644.179 653.692 642.393 610.282 560.777 499.395 431.821 362.642 294.866 230.11 168.927 111.209 56.4193 3.8227 -47.4359 -98.2214
11.0179 10.9183 11.2511 11.6027 12.1277 12.684 13.3715 14.1036 14.9575 15.8719 16.9118 18.0315 19.2891 20.6502 22.1698 23.8227 25.6631 27.675 29.9141 32.3739 35.114 38.1389 41.5151 45.2603 49.4516 54.1237 59.3687 65.2432 71.8613 79.3083 87.7282 97.2442 108.041 120.29 134.228 150.086 168.163 188.752 212.206 238.862 269.076 303.126 341.205 383.249 428.839 476.913 525.539 571.583 610.653 637.406 646.688 635.181 602.914 553.337 491.987 424.566 355.665 288.285 224.032 163.443 106.389 52.3175 0.473264 -50.0139 -100.023
10.7564 10.6037 10.896 11.2046 11.6889 12.2018 12.8456 13.5312 14.337 15.1999 16.1856 17.247 18.4428 19.7372 21.1854 22.7611 24.5185 26.4405 28.5824 30.9368 33.5627 36.4636 39.705 43.3039 47.3361 51.8352 56.8922 62.5626 68.9592 76.166 84.3258 93.5608 104.054 115.978 129.567 145.053 162.734 182.904 205.919 232.116 261.854 295.416 332.995 374.535 419.622 467.203 515.354 560.956 599.635 626.07 635.132 623.532 591.318 541.958 480.993 414.122 345.921 279.376 216.067 156.511 100.557 47.6323 -3.03403 -52.3257 -101.134
10.4715 10.2653 10.5156 10.7795 11.2206 11.6876 12.2848 12.9205 13.6742 14.4812 15.4079 16.4055 17.5332 18.7539 20.1226 21.6123 23.2763 25.0969 27.1283 29.3623 31.8568 34.614 37.6983 41.1251 44.9686 49.2609 54.091 59.5125 65.6357 72.5429 80.3741 89.2494 99.3494 110.843 123.964 138.943 156.074 175.654 198.036 223.56 252.59 285.413 322.231 363.001 407.322 454.163 501.623 546.612 584.787 610.861 619.736 608.148 576.163 527.256 466.962 400.965 333.816 268.473 206.487 148.348 93.8767 42.4832 -6.62258 -54.3365 -101.561
10.1644 9.90502 10.1119 10.3297 10.7257 11.1445 11.6924 12.2752 12.9735 13.7207 14.5839 15.5129 16.5668 17.7075 18.9896 20.385 21.9465 23.6551 25.5642 27.6642 30.0116 32.6074 35.5141 38.7454 42.3733 46.4278 50.9952 56.1266 61.9291 68.4819 75.9214 84.3642 93.9868 104.955 117.498 131.844 148.283 167.112 188.683 213.339 241.446 273.303 309.123 348.883 392.205 438.089 484.671 528.9 566.477 592.157 600.874 589.395 557.798 509.555 450.19 385.359 319.582 255.779 195.464 139.094 86.4612 36.9528 -10.2393 -56.0234 -101.313
9.83672 9.5247 9.68716 9.85776 10.207 10.5758 11.072 11.5995 12.2393 12.9236 13.7193 14.5754 15.5506 16.6058 17.7951 19.0892 20.5401 22.1275 23.9037 25.8577 28.0444 30.4631 33.174 36.1891 39.5775 43.3667 47.6395 52.4441 57.8832 64.0324 71.023 78.9673 88.0362 98.3909 110.255 123.851 139.467 157.394 177.986 201.586 228.567 259.238 293.829 332.342 374.432 419.139 464.647 507.961 544.833 570.071 578.65 567.365 536.305 488.936 430.757 367.389 303.304 241.378 183.079 128.824 78.3735 31.0905 -13.8518 -57.373 -100.396
9.49019 9.12646 9.24385 9.36657 9.66763 9.98516 10.4278 10.8978 11.4767 12.0953 12.8204 13.6001 14.4925 15.4576 16.5487 17.7356 19.0689 20.5275 22.1619 23.9599 25.9741 28.2024 30.7023 33.4834 36.6118 40.112 44.0627 48.5085 53.5471 59.2495 65.7408 73.128 81.575 91.2365 102.329 115.068 129.737 146.622 166.072 188.434 214.085 243.346 276.467 313.48 354.08 397.359 441.563 483.765 519.788 544.503 552.94 541.925 511.556 465.286 408.574 346.991 284.948 225.261 169.342 117.56 69.6404 24.9206 -17.443 -58.3785 -98.8146
9.12664 8.71253 8.7845 8.85901 9.11097 9.37616 9.76381 10.1749 10.6908 11.2416 11.8936 12.5941 13.4004 14.2719 15.2606 16.3355 17.5459 18.8695 20.3549 21.9887 23.8212 25.8482 28.1245 30.6574 33.5089 36.7006 40.3066 44.3671 48.9741 54.1932 60.1424 66.922 74.6873 83.5855 93.8233 105.609 119.215 134.923 153.075 174.017 198.129 225.744 257.133 292.361 331.17 372.718 415.325 456.156 491.123 515.187 523.445 512.766 483.256 438.34 383.424 324.002 264.404 207.364 154.223 105.297 60.2698 18.4556 -21.003 -59.0371 -96.5748
8.74804 8.28523 8.31178 8.33812 8.54043 8.75272 9.08441 9.43556 9.8872 10.3687 10.9458 11.5651 12.2829 13.0581 13.9413 14.9008 15.9842 17.1682 18.4995 19.9631 21.6067 23.4246 25.4679 27.7416 30.3036 33.172 36.4156 40.0702 44.2211 48.9278 54.3002 60.4307 67.4647 75.5397 84.8508 95.5958 108.035 122.439 139.141 158.483 180.842 206.56 235.928 269.045 305.708 345.148 385.785 424.897 458.521 481.738 489.739 479.452 450.991 407.738 355.015 298.207 241.528 187.603 137.686 92.0291 50.2726 11.7102 -24.5214 -59.3472 -93.6851
8.35644 7.84697 7.82843 7.80701 7.9595 8.11876 8.394 8.6847 9.07127 9.4827 9.98371 10.5206 11.1485 11.8258 12.6016 13.4436 14.3975 15.4391 16.6128 17.9023 19.3527 20.9561 22.7604 24.7677 27.0316 29.5666 32.4359 35.6702 39.3475 43.5207 48.2906 53.7405 60.0043 67.2083 75.5335 85.164 96.344 109.33 124.442 142.007 162.397 185.958 212.992 243.632 277.732 314.61 352.805 389.744 421.633 443.719 451.332 441.485 414.298 373.088 323.047 269.402 216.203 165.933 119.735 77.7861 39.6872 4.71859 -27.9777 -59.3071 -90.1632
