MFC+VTK/函数库及接口制作/重磁三维基本处理/石达三分量转换及求梯度/立方体磁异常→ΔHx分量.grd
DSAA
127 128
0.000000 992.125977
0.000000 1200.000000
-814.783752 624.013123
[rows 0 to 24 of 128, columns 58 to 115 of 127]
18.384052 18.440414 18.475615 18.489361 18.481504 18.452040 18.401018 18.328585 18.234974 18.120609 17.985939 17.831484 17.657883 17.465876 17.256220 17.029785 16.787525 16.530386 16.259378 15.975579 15.680055 15.373919 15.058256 14.734201 14.402866 14.065358 13.722743 13.376080 13.026391 12.674668 12.321854 11.968874 11.616562 11.265749 10.917177 10.571559 10.229536 9.891721 9.558645 9.230803 8.908629 8.592539 8.282841 7.979847 7.683801 7.394920 7.113357 6.839252 6.572697 6.313768 6.062488 5.818865 5.582885 5.354511 5.133678 4.920302 4.714298 4.515558
20.186171 20.255854 20.300098 20.318497 20.310881 20.277254 20.217636 20.132233 20.021400 19.885584 19.725435 19.541607 19.334949 19.106377 18.856920 18.587719 18.299931 17.994793 17.673674 17.337858 16.988758 16.627764 16.256287 15.875721 15.487472 15.092903 14.693358 14.290132 13.884474 13.477593 13.070619 12.664656 12.260690 11.859696 11.462523 11.069991 10.682824 10.301698 9.927191 9.559829 9.200068 8.848322 8.504901 8.170093 7.844118 7.527154 7.219312 6.920683 6.631303 6.351185 6.080294 5.818568 5.565927 5.322268 5.087452 4.861328 4.643743 4.434515
21.785507 21.867548 21.920233 21.943207 21.936237 21.899233 21.832258 21.735590 21.609596 21.454865 21.272142 21.062273 20.826197 20.565121 20.280241 19.972900 19.644548 19.296671 18.930880 18.548733 18.151926 17.742105 17.320963 16.890160 16.451323 16.006104 15.556047 15.102677 14.647451 14.191759 13.736912 13.284160 12.834629 12.389404 11.949456 11.515675 11.088860 10.669732 10.258912 9.856960 9.464332 9.081443 8.708596 8.346064 7.994025 7.652631 7.321949 7.002019 6.692828 6.394334 6.106441 5.829032 5.561957 5.305055 5.058125 4.820955 4.593325 4.374995
23.528889 23.624924 23.687305 23.715576 23.709435 23.668787 23.593742 23.484570 23.341745 23.165964 22.958118 22.719168 22.450338 22.153009 21.828655 21.478851 21.105326 20.709871 20.294373 19.860743 19.410933 18.946936 18.470732 17.984268 17.489491 16.988300 16.482513 15.973897 15.464126 14.954820 14.447453 13.943465 13.444118 12.950637 12.464090 11.985462 11.515621 11.055344 10.605286 10.166024 9.738027 9.321697 8.917331 8.525158 8.145333 7.777953 7.423036 7.080570 6.750473 6.432637 6.126907 5.833086 5.550960 5.280293 5.020815 4.772241 4.534283 4.306629
25.307547 25.418520 25.491375 25.525490 25.520517 25.476360 25.393120 25.271101 25.110874 24.913282 24.679298 24.410173 24.107273 23.772203 23.406702 23.012676 22.592140 22.147182 21.680025 21.192884 20.688059 20.167898 19.634642 19.090609 18.538015 17.979069 17.415854 16.850389 16.284595 15.720307 15.159189 14.602848 14.052709 13.510103 12.976230 12.452145 11.938787 11.436976 10.947404 10.470662 10.007209 9.557442 9.121624 8.699957 8.292541 7.899427 7.520572 7.155900 6.805256 6.468463 6.145292 5.835470 5.538709 5.254695 4.983083 4.723514 4.475627 4.239037
27.248117 27.376106 27.460918 27.501808 27.498367 27.450430 27.358133 27.221836 27.042261 26.820286 26.557146 26.254194 25.913157 25.535864 25.124382 24.680929 24.207840 23.707592 23.182762 22.635971 22.069881 21.487185 20.890541 20.282597 19.665920 19.043036 18.416348 17.788170 17.160666 16.535912 15.915801 15.302115 14.696449 14.100262 13.514865 12.941408 12.380893 11.834185 11.301992 10.784926 10.283427 9.797865 9.328474 8.875405 8.438700 8.018344 7.614223 7.226179 6.853984 6.497368 6.156024 5.829588 5.517684 5.219912 4.935844 4.665039 4.407051 4.161412
29.293867 29.440754 29.538881 29.587471 29.585981 29.534246 29.432390 29.280828 29.080400 28.832138 28.537451 28.197979 27.815668 27.392693 26.931452 26.434498 25.904581 25.344606 24.757540 24.146397 23.514280 22.864319 22.199547 21.523016 20.837677 20.146421 19.451977 18.756956 18.063829 17.374916 16.692333 16.018063 15.353860 14.701336 14.061898 13.436794 12.827075 12.233645 11.657232 11.098437 10.557686 10.035307 9.531487 9.046317 8.579762 8.131734 7.702030 7.290410 6.896541 6.520067 6.160579 5.817620 5.490717 5.179376 4.883069 4.601275 4.333451 4.079050
31.530317 31.698715 31.812201 31.869730 31.870697 31.814894 31.702465 31.533895 31.310099 31.032364 30.702299 30.321768 29.893074 29.418770 28.901636 28.344631 27.750990 27.124023 26.467201 25.784056 25.078146 24.353050 23.612324 22.859438 22.097773 21.330627 20.561110 19.792196 19.026648 18.267076 17.515846 16.775152 16.046926 15.332926 14.634676 13.953495 13.290500 12.646622 12.022594 11.419000 10.836227 10.274552 9.734101 9.214878 8.716773 8.239587 7.783024 7.346733 6.930276 6.533181 6.154932 5.794957 5.452673 5.127481 4.818750 4.525854 4.248153 3.985002
33.925869 34.118595 34.249439 34.317261 34.321308 34.261333 34.137466 33.950333 33.700932 33.390747 33.021637 32.595860 32.116058 31.585112 31.006285 30.383080 29.719208 29.018515 28.284994 27.522726 26.735834 25.928452 25.104610 24.268330 23.423464 22.573755 21.722733 20.873753 20.029924 19.194162 18.369099 17.557152 16.760435 15.980850 15.220039 14.479398 13.760082 13.063040 12.388997 11.738504 11.111894 10.509371 9.930977 9.376619 8.846073 8.339032 7.855076 7.393731 6.954429 6.536573 6.139521 5.762578 5.405035 5.066174 4.745249 4.441523 4.154248 3.882680
36.551788 36.772392 36.923286 37.003109 37.010963 36.946564 36.810055 36.602062 36.323887 35.977116 35.564034 35.087158 34.549587 33.954723 33.306347 32.608475 31.865421 31.081673 30.261854 29.410681 28.532888 27.633255 26.716431 25.786980 24.849323 23.907721 22.966164 22.028448 21.098059 20.178251 19.271938 18.381781 17.510096 16.658928 15.830028 15.024861 14.244618 13.490247 12.762445 12.061711 11.388298 10.742316 10.123704 9.532232 8.967562 8.429234 7.916690 7.429306 6.966372 6.527134 6.110815 5.716568 5.343551 4.990909 4.657768 4.343266 4.046539 3.766723
39.393780 39.646168 39.820019 39.913761 39.926327 39.857361 39.706974 39.475990 39.165749 38.778282 38.316067 37.782154 37.180073 36.513809 35.787716 35.006504 34.175129 33.298843 32.382961 31.432941 30.454247 29.452370 28.432632 27.400303 26.360376 25.317709 24.276836 23.241993 22.217119 21.205816 20.211323 19.236530 18.283962 17.355820 16.453949 15.579868 14.734790 13.919634 13.135048 12.381451 11.658992 10.967655 10.307240 9.677379 9.077552 8.507146 7.965435 7.451619 6.964813 6.504104 6.068540 5.657123 5.268849 4.902713 4.557702 4.232819 3.927063 3.639453
42.518841 42.807858 43.008331 43.118366 43.136700 43.062855 42.897087 42.640171 42.293781 41.860188 41.342319 40.743671 40.068424 39.321159 38.506989 37.631329 36.699993 35.719009 34.694576 33.633003 32.540600 31.423664 30.288343 29.140648 27.986300 26.830809 25.679293 24.536551 23.406963 22.294550 21.202868 20.135084 19.093933 18.081751 17.100475 16.151665 15.236522 14.355923 13.510433 12.700355 11.925699 11.186296 10.481770 9.811561 9.174970 8.571168 7.999238 7.458177 6.946905 6.464307 6.009251 5.580547 5.177024 4.797504 4.440817 4.105814 3.791354 3.496320
45.927700 46.258835 46.490047 46.619057 46.644470 46.565666 46.382805 46.096966 45.709972 45.224483 44.643887 43.972321 43.214569 42.375973 41.462475 40.480431 39.436535 38.337818 37.191479 36.004772 34.785007 33.539463 32.275169 30.999033 29.717579 28.437057 27.163261 25.901587 24.656929 23.433743 22.235941 21.066971 19.929762 18.826780 17.760048 16.731133 15.741193 14.791019 13.881063 13.011471 12.182071 11.392493 10.642147 9.930251 9.255865 8.617932 8.015295 7.446717 6.910888 6.406479 5.932135 5.486467 5.068102 4.675683 4.307862 3.963324 3.640771 3.338946
49.689507 50.069374 50.336315 50.487659 50.521660 50.437618 50.235733 49.917160 49.484108 48.939564 48.287537 47.532806 46.680996 45.738312 44.711704 43.608501 42.436565 41.204052 39.919285 38.590729 37.226826 35.835945 34.426224 33.005547 31.581387 30.160831 28.750454 27.356312 25.983873 24.638054 23.323156 22.042913 20.800453 19.598360 18.438698 17.323015 16.252394 15.227493 14.248596 13.315642 12.428237 11.585751 10.787328 10.031915 9.318295 8.645125 8.010978 7.414340 6.853642 6.327296 5.833709 5.371261 4.938356 4.533428 4.154943 3.801398 3.471330 3.163321
53.820316 54.256592 54.565041 54.742546 54.787045 54.697659 54.474598 54.119209 53.633972 53.022503 52.289330 51.440170 50.481445 49.420494 48.265327 47.024612 45.707417 44.323288 42.881893 41.393047 39.866543 38.312054 36.738937 35.156254 33.572540 31.995869 30.433674 28.892731 27.379164 25.898386 24.455107 23.053329 21.696373 20.386925 19.127035 17.918203 16.761368 15.657007 14.605171 13.605531 12.657399 11.759835 10.911662 10.111493 9.357772 8.648834 7.982926 7.358225 6.772852 6.224941 5.712615 5.234002 4.787260 4.370597 3.982265 3.620565 3.283845 2.970525
58.396416 58.898315 59.255260 59.463596 59.520836 59.425930 59.179092 58.781845 58.237156 57.549145 56.723152 55.765759 54.684582 53.488125 52.185825 50.787743 49.304508 47.747223 46.127159 44.455776 42.744404 41.004257 39.246136 37.480453 35.716988 33.964920 32.232643 30.527815 28.857212 27.226807 25.641718 24.106239 22.623850 21.197277 19.828552 18.519018 17.269432 16.080006 14.950490 13.880204 12.868098 11.912847 11.012870 10.166385 9.371453 8.626006 7.927925 7.275023 6.665075 6.095886 5.565276 5.071073 4.611176 4.183536 3.786174 3.417172 3.074686 2.756950
63.451733 64.029945 64.443565 64.688164 64.760887 64.660431 64.386963 63.942337 63.329884 62.554459 61.622345 60.541206 59.319908 57.968437 56.497822 54.919857 53.246979 51.492157 49.668594 47.789574 45.868340 43.917858 41.950634 39.978668 38.013145 36.064526 34.142323 32.255096 30.410406 28.614786 26.873793 25.191961 23.572908 22.019352 20.533209 19.115618 17.767042 16.487341 15.275870 14.131509 13.052749 12.037788 11.084576 10.190850 9.354201 8.572118 7.842039 7.161369 6.527483 5.937827 5.389861 4.881109 4.409159 3.971693 3.566478 3.191365 2.844293 2.523310
69.075378 69.742760 70.222801 70.510292 70.601784 70.495705 70.192291 69.693558 69.003487 68.127663 67.073471 65.849861 64.467247 62.937359 61.273087 59.488251 57.597477 55.615955 53.559105 51.442467 49.281509 47.091278 44.886314 42.680397 40.486416 38.316269 36.180733 34.089413 32.050674 30.071671 28.158381 26.315559 24.546902 22.855034 21.241667 19.707624 18.252970 16.877096 15.578847 14.356547 13.208124 12.131192 11.123130 10.181107 9.302172 8.483278 7.721373 7.013376 6.356225 5.746944 5.182616 4.660400 4.177565 3.731487 3.319664 2.939690 2.589285 2.266283
75.323235 76.094856 76.652878 76.991035 77.105286 76.993736 76.656563 76.096184 75.317139 74.326042 73.131470 71.743942 70.175621 68.440315 66.553146 64.530403 62.389206 60.147404 57.823120 55.434593 52.999832 50.536446 48.061260 45.590256 43.138214 40.718723 38.344002 36.024757 33.770283 31.588348 29.485329 27.466145 25.534470 23.692745 21.942347 20.283642 18.716160 17.238676 15.849378 14.545903 13.325470 12.185013 11.121208 10.130564 9.209477 8.354302 7.561403 6.827167 6.148021 5.520538 4.941363 4.407271 3.915171 3.462115 3.045306 2.662076 2.309895 1.986392
82.303932 83.197899 83.847588 84.245811 84.387634 84.270760 83.895470 83.264450 82.382988 81.258873 79.902107 78.324997 76.541908 74.568970 72.424065 70.126297 67.695885 65.153839 62.521469 59.820198 57.071190 54.294987 51.511219 48.738373 45.993504 43.292137 40.648052 38.073277 35.578030 33.170727 30.858070 28.645082 26.535295 24.530800 22.632479 20.840078 19.152395 17.567421 16.082521 14.694460 13.399622 12.194081 11.073703 10.034201 9.071239 8.180454 7.357557 6.598330 5.898634 5.254529 4.662185 4.117956 3.618354 3.160085 2.740044 2.355270 2.002989 1.680601
90.101624 91.139130 91.896904 92.366249 92.541451 92.419716 92.001282 91.289337 90.289993 89.012306 87.468071 85.671684 83.639977 81.391998 78.948746 76.332809 73.568047 70.679245 67.691582 64.630310 61.520313 58.385696 55.249382 52.132843 49.055763 46.035870 43.088787 40.227921 37.464493 34.807518 32.263966 29.838812 27.535263 25.354883 23.297834 21.363008 19.548265 17.850582 16.266275 14.791060 13.420279 12.148998 10.972111 9.884418 8.880705 7.955812 7.104706 6.322481 5.604371 4.945865 4.342623 3.790529 3.285690 2.824433 2.403318 2.019090 1.668709 1.349343
98.853142 100.059654 100.944878 101.498680 101.714233 101.588226 101.120850 100.315842 99.180298 97.724770 95.963051 93.912025 91.591499 89.023880 86.233963 83.248383 80.095482 76.804535 73.405388 69.927887 66.401466 62.854454 59.313732 55.804298 52.348911 48.967888 45.678871 42.496803 39.433907 36.499752 33.701435 31.043692 28.529179 26.158655 23.931288 21.844831 19.895920 18.080238 16.392817 14.828073 13.380100 12.042758 10.809794 9.674937 8.631991 7.674864 6.797688 5.994787 5.260708 4.590321 3.978719 3.421290 2.913694 2.451860 2.032010 1.650568 1.304232 0.989928
108.679626 110.085068 111.120842 111.774879 112.039169 111.909775 111.386917 110.474869 109.181885 107.520302 105.506172 103.159325 100.502953 97.563499 94.370216 90.954727 87.350548 83.592476 79.716019 75.756638 71.749138 67.727058 63.721973 59.763111 55.876842 52.086418 48.411793 44.869518 41.472836 38.231731 35.153233 32.241539 29.498438 26.923536 24.514643 22.268011 20.178694 18.240767 16.447645 14.792180 13.266962 11.864424 10.576981 9.397122 8.317509 7.331023 6.430848 5.610471 4.863672 4.184644 3.567875 3.008231 2.500898 2.041394 1.625573 1.249551 0.909740 0.602833
119.756699 121.396881 122.610512 123.383591 123.706642 123.575081 122.989105 121.953644 120.478325 118.577438 116.269646 113.578178 110.530235 107.156921 103.492867 99.575539 95.444809 91.142197 86.709991 82.190483 77.625175 73.053802 68.513695 64.039078 59.660583 55.404869 51.294449 47.347580 43.578426 39.997204 36.610531 33.421715 30.431227 27.637064 25.035208 22.619946 20.384325 18.320414 16.419651 14.672983 13.071218 11.605108 10.265518 9.043514 7.930480 6.918124 5.998595 5.164443 4.408628 3.724613 3.106251 2.547834 2.044069 1.590040 1.181238 0.813445 0.482810 0.185776
132.253555 134.170517 135.594345 136.508575 136.902328 136.770233 136.112534 134.934891 133.248398 131.069580 128.420166 125.327095 121.822296 117.942329 113.728111 109.224205 104.478073 99.539413 94.458900 89.287186 84.073914 78.866440 73.709076 68.642067 63.701046 58.916607 54.314053 49.913391 45.729553 41.772621 38.048386 34.558681 31.302101 28.274427 25.469202 22.878206 20.491943 18.299969 16.291332 14.454697 12.778748 11.252296 9.864412 8.604559 7.462661 6.429143 5.495010 4.651794 3.891576 3.207044 2.591370 2.038277 1.541951 1.097049 0.698694 0.342338 0.023855 -0.260540
