MFC+VTK/函数库及接口制作/重磁三维基本处理/石达三分量转换及求梯度/立方体磁异常→ΔHy分量.grd
DSAA
127 128
0.000000 992.125977
0.000000 1200.000000
-675.968140 661.508179
[rows 78 to 103 of 128, columns 0 to 58 of 127]
-1.106401 -1.799726 -2.244387 -2.721381 -3.131694 -3.570322 -3.978875 -4.414966 -4.837685 -5.288584 -5.736531 -6.214118 -6.696507 -7.210612 -7.735978 -8.295596 -8.872245 -9.486003 -10.122226 -10.798667 -11.502641 -12.250031 -13.029715 -13.855875 -14.718519 -15.630240 -16.581804 -17.584105 -18.628159 -19.722975 -20.859272 -22.043772 -23.266155 -24.530281 -25.824041 -27.147619 -28.486097 -29.835178 -31.176172 -32.499481 -33.781879 -35.007999 -36.150074 -37.187424 -38.088577 -38.829357 -39.377136 -39.707584 -39.790913 -39.607052 -39.133766 -38.359756 -37.274002 -35.876896 -34.170200 -32.166195 -29.878313 -27.328371 -24.538652
-1.322981 -1.996583 -2.435698 -2.905978 -3.313760 -3.748828 -4.155949 -4.589566 -5.010972 -5.459412 -5.905407 -6.379739 -6.858855 -7.368138 -7.888154 -8.440555 -9.008937 -9.612136 -10.236151 -10.897573 -11.584187 -12.310750 -13.066448 -13.864370 -14.694663 -15.568823 -16.477619 -17.430843 -18.419384 -19.451166 -20.516701 -21.621645 -22.755495 -23.921179 -25.106506 -26.311024 -27.520052 -28.729132 -29.920397 -31.084894 -32.201092 -33.255356 -34.222729 -35.085529 -35.816311 -36.394989 -36.793888 -36.993401 -36.968700 -36.704052 -36.181194 -35.391640 -34.326382 -32.986473 -31.373348 -29.497768 -27.370903 -25.011587 -22.438799
-1.522746 -2.175429 -2.607487 -3.069484 -3.473007 -3.902717 -4.306470 -4.735592 -5.153521 -5.597243 -6.038890 -6.507447 -6.980626 -7.482296 -7.994023 -8.536133 -9.093015 -9.682302 -10.290603 -10.933388 -11.598898 -12.300806 -13.028617 -13.794356 -14.588360 -15.421083 -16.283354 -17.183945 -18.113731 -19.079634 -20.072113 -21.095924 -22.140543 -23.208166 -24.286741 -25.375393 -26.459921 -27.535931 -28.586576 -29.603695 -30.567541 -31.466177 -32.277370 -32.986130 -33.568619 -34.008324 -34.281734 -34.373070 -34.261719 -33.935383 -33.378994 -32.586384 -31.550148 -30.271870 -28.752773 -27.002428 -25.030228 -22.852566 -20.485643
-1.706066 -2.336842 -2.760513 -3.212838 -3.610559 -4.033308 -4.431963 -4.854795 -5.267335 -5.704345 -6.139542 -6.600136 -7.065077 -7.556746 -8.057690 -8.586929 -9.129639 -9.702269 -10.292037 -10.913315 -11.554811 -12.229162 -12.926190 -13.656931 -14.411939 -15.200696 -16.014153 -16.860153 -17.729637 -18.628662 -19.547750 -20.490898 -21.447708 -22.419827 -23.395510 -24.373642 -25.340651 -26.292391 -27.213127 -28.095570 -28.921745 -29.681364 -30.354668 -30.929090 -31.383972 -31.705807 -31.874599 -31.877825 -31.698175 -31.326174 -30.749439 -29.963531 -28.962408 -27.748035 -26.321573 -24.691580 -22.866058 -20.859373 -18.685415
-1.873369 -2.481463 -2.895570 -3.337020 -3.727566 -4.141947 -4.533978 -4.948941 -5.354414 -5.782984 -6.209907 -6.660666 -7.115410 -7.595071 -8.083152 -8.597408 -9.123771 -9.677556 -10.246577 -10.844164 -11.459478 -12.104167 -12.768417 -13.462307 -14.176654 -14.920040 -15.683602 -16.474344 -17.283356 -18.115936 -18.962774 -19.827240 -20.699200 -21.579891 -22.457987 -23.332294 -24.189959 -25.027187 -25.829420 -26.590229 -27.293360 -27.930038 -28.482788 -28.941139 -29.287199 -29.509991 -29.592522 -29.524830 -29.292458 -28.888168 -28.301651 -27.529915 -26.568064 -25.418373 -24.081888 -22.566380 -20.878731 -19.031590 -17.036949
-2.025154 -2.609982 -3.013516 -3.443056 -3.825236 -4.230024 -4.614102 -5.019835 -5.416791 -5.835445 -6.252542 -6.691887 -7.134801 -7.600802 -8.074327 -8.571903 -9.080219 -9.613473 -10.160102 -10.732398 -11.320017 -11.933660 -12.563883 -13.219892 -13.892784 -14.590326 -15.303893 -16.039738 -16.789162 -17.556824 -18.333652 -19.122530 -19.913649 -20.707968 -21.494680 -22.272594 -23.029673 -23.762493 -24.457663 -25.109644 -25.703764 -26.232624 -26.680782 -27.039616 -27.293594 -27.433872 -27.445955 -27.322048 -27.049965 -26.624277 -26.036417 -25.284498 -24.364582 -23.279078 -22.029110 -20.621675 -19.062767 -17.363605 -15.534544
-2.161962 -2.723130 -3.115231 -3.532000 -3.904783 -4.298939 -4.673916 -5.069263 -5.456471 -5.863964 -6.269935 -6.696571 -7.126315 -7.577329 -8.034961 -8.514551 -9.003522 -9.515023 -10.038074 -10.584021 -11.142987 -11.724796 -12.320393 -12.938162 -13.569529 -14.221498 -14.885743 -15.567840 -16.259380 -16.964437 -17.674288 -18.391386 -19.106361 -19.819952 -20.521950 -21.211227 -21.876581 -22.514996 -23.114231 -23.669531 -24.167742 -24.602659 -24.960688 -25.234732 -25.411337 -25.483414 -25.438646 -25.270840 -24.969860 -24.531607 -23.949011 -23.221016 -22.344450 -21.321917 -20.154400 -18.848438 -17.409166 -15.846603 -14.169741
-2.284389 -2.821667 -3.201629 -3.604918 -3.967438 -4.350092 -4.715002 -5.099002 -5.475432 -5.870745 -6.264532 -6.677411 -7.092922 -7.527924 -7.968642 -8.429281 -8.897989 -9.386902 -9.885632 -10.404610 -10.934452 -11.484149 -12.045050 -12.624781 -13.215117 -13.822391 -14.438582 -15.068684 -15.704604 -16.349957 -16.996372 -17.645981 -18.289881 -18.928669 -19.552774 -20.161175 -20.743486 -21.297131 -21.810930 -22.280888 -22.695202 -23.048742 -23.329506 -23.531750 -23.643799 -23.659998 -23.569809 -23.368507 -23.047438 -22.603743 -22.031458 -21.330269 -20.497561 -19.536060 -18.446724 -17.235554 -15.907054 -14.470179 -12.932741
-2.393053 -2.906373 -3.273622 -3.662876 -4.014409 -4.384857 -4.738903 -5.110769 -5.475583 -5.857901 -6.238657 -6.636972 -7.037437 -7.455663 -7.878731 -8.319760 -8.767604 -9.233440 -9.707460 -10.199243 -10.699887 -11.217606 -11.744174 -12.286510 -12.836770 -13.400661 -13.970519 -14.550805 -15.133799 -15.722690 -16.309532 -16.896170 -17.474226 -18.044207 -18.597168 -19.132219 -19.639812 -20.117739 -20.555878 -20.950855 -21.292143 -21.575518 -21.790424 -21.932192 -21.990709 -21.961525 -21.835598 -21.609339 -21.275433 -20.831898 -20.273762 -19.601219 -18.812174 -17.909405 -16.893820 -15.770904 -14.544689 -13.223177 -11.813188
-2.488606 -2.978034 -3.332132 -3.706931 -4.046906 -4.404589 -4.747126 -5.106244 -5.458780 -5.827475 -6.194553 -6.577702 -6.962533 -7.363463 -7.768394 -8.189421 -8.616084 -9.058651 -9.507887 -9.972563 -10.444268 -10.930490 -11.423430 -11.929373 -12.440847 -12.963007 -13.488565 -14.021511 -14.554513 -15.090412 -15.621691 -16.149986 -16.667425 -17.174463 -17.662802 -18.131701 -18.572388 -18.983015 -19.354425 -19.683834 -19.961834 -20.184980 -20.343987 -20.435120 -20.449587 -20.383917 -20.230330 -19.986189 -19.645266 -19.206276 -18.665085 -18.022305 -17.276161 -16.429497 -15.483150 -14.442258 -13.310287 -12.094456 -10.800746
-2.571705 -3.037436 -3.378066 -3.738121 -4.066084 -4.410585 -4.741119 -5.087023 -5.426775 -5.781389 -6.134322 -6.501896 -6.870703 -7.254020 -7.640553 -8.041416 -8.446815 -8.866169 -9.290798 -9.728721 -10.172011 -10.627487 -11.087777 -11.558573 -12.032809 -12.515128 -12.998631 -13.486890 -13.972988 -14.459448 -14.939206 -15.413717 -15.875640 -16.325405 -16.755331 -17.164808 -17.545837 -17.896891 -18.209679 -18.481955 -18.705309 -18.876968 -18.988762 -19.037731 -19.016212 -18.921549 -18.747068 -18.490803 -18.147520 -17.716503 -17.194227 -16.581602 -15.877252 -15.083911 -14.202437 -13.237527 -12.192271 -11.073171 -9.885447
-2.643029 -3.085369 -3.412325 -3.757460 -4.073090 -4.404117 -4.722280 -5.054648 -5.381258 -5.721485 -6.059966 -6.411723 -6.764287 -7.129862 -7.497920 -7.878654 -8.262917 -8.659317 -9.059734 -9.471469 -9.887083 -10.312771 -10.741585 -11.178684 -11.617402 -12.061926 -12.505743 -12.952072 -13.394390 -13.834975 -14.267202 -14.692384 -15.103695 -15.501545 -15.878869 -16.235188 -16.563213 -16.861700 -17.123188 -17.345848 -17.522196 -17.650019 -17.722124 -17.736187 -17.685553 -17.568216 -17.378391 -17.114754 -16.772814 -16.352285 -15.850225 -15.267747 -14.603745 -13.860895 -13.039991 -12.145366 -11.179795 -10.149142 -9.057949
-2.703244 -3.122604 -3.435776 -3.765927 -4.069003 -4.386378 -4.691925 -5.010556 -5.323799 -5.649467 -5.973326 -6.309174 -6.645430 -6.993289 -7.342957 -7.703764 -8.067174 -8.441059 -8.817816 -9.204103 -9.592936 -9.989947 -10.388615 -10.793593 -11.198625 -11.607479 -12.014049 -12.421217 -12.822880 -13.221070 -13.609627 -13.989733 -14.355062 -14.706040 -15.036157 -15.345071 -15.626142 -15.878387 -16.095108 -16.274809 -16.410862 -16.501518 -16.540432 -16.525820 -16.451860 -16.317095 -16.116549 -15.849336 -15.511612 -15.103450 -14.622382 -14.069652 -13.444363 -12.749126 -11.984671 -11.155036 -10.262644 -9.312819 -8.309541
-2.753027 -3.149895 -3.449268 -3.764462 -4.054871 -4.358522 -4.651311 -4.956119 -5.255884 -5.566943 -5.876138 -6.196106 -6.516123 -6.846426 -7.177925 -7.519137 -7.862131 -8.214065 -8.567859 -8.929555 -9.292636 -9.662193 -10.032129 -10.406652 -10.779890 -11.155249 -11.527004 -11.897754 -12.261800 -12.620975 -12.969556 -13.308618 -13.632326 -13.941092 -14.228971 -14.495726 -14.735331 -14.947019 -15.124758 -15.267411 -15.369033 -15.428303 -15.439605 -15.401601 -15.309231 -15.161425 -14.953893 -14.686159 -14.354897 -13.960435 -13.500715 -12.977035 -12.388713 -11.738242 -11.026327 -10.256687 -9.431476 -8.555494 -7.632264
-2.793035 -3.167978 -3.453617 -3.753966 -4.031676 -4.321621 -4.601611 -4.892605 -5.178879 -5.475387 -5.769980 -6.074209 -6.378163 -6.691180 -7.004847 -7.326916 -7.650025 -7.980686 -8.312308 -8.650374 -8.988804 -9.332209 -9.674895 -10.020656 -10.364020 -10.708039 -11.047383 -11.384388 -11.713758 -12.037135 -12.349232 -12.651022 -12.937151 -13.208027 -13.458208 -13.687558 -13.890626 -14.066822 -14.210741 -14.321495 -14.393820 -14.426694 -14.415183 -14.358301 -14.251607 -14.094401 -13.882989 -13.617108 -13.293994 -12.914127 -12.475748 -11.980237 -11.427095 -10.818632 -10.155546 -9.441265 -8.677693 -7.869204 -7.018872
-2.823922 -3.177562 -3.449608 -3.735296 -4.000360 -4.276698 -4.543930 -4.821208 -5.094071 -5.376169 -5.656318 -5.945042 -6.233203 -6.529301 -6.825559 -7.129021 -7.432873 -7.743014 -8.053337 -8.368792 -8.683737 -9.002330 -9.319274 -9.637983 -9.953368 -10.268173 -10.577447 -10.883281 -11.180770 -11.471405 -11.750295 -12.018342 -12.270624 -12.507549 -12.724165 -12.920417 -13.091360 -13.236584 -13.351223 -13.434627 -13.482100 -13.492892 -13.462664 -13.390699 -13.273139 -13.109534 -12.896681 -12.634621 -12.320872 -11.956108 -11.538862 -11.070527 -10.550663 -9.981550 -9.363790 -8.700570 -7.993560 -7.246757 -6.462838
-2.846319 -3.179333 -3.437984 -3.709262 -3.961797 -4.224699 -4.479288 -4.743021 -5.002627 -5.270536 -5.536473 -5.810007 -6.082722 -6.362336 -6.641685 -6.927148 -7.212426 -7.502866 -7.792803 -8.086715 -8.379367 -8.674503 -8.967214 -9.260564 -9.549836 -9.837486 -10.118936 -10.396058 -10.664328 -10.925074 -11.173812 -11.411361 -11.633228 -11.839804 -12.026596 -12.193602 -12.336374 -12.454617 -12.543983 -12.603991 -12.630469 -12.622897 -12.577454 -12.493629 -12.368059 -12.200545 -11.988264 -11.731428 -11.427935 -11.078545 -10.681995 -10.239682 -9.751317 -9.218996 -8.643294 -8.027142 -7.372053 -6.681636 -5.958268
-2.860844 -3.173943 -3.419454 -3.676627 -3.916816 -4.166510 -4.408636 -4.659056 -4.905630 -5.159636 -5.411659 -5.670373 -5.928053 -6.191687 -6.454680 -6.722799 -6.990246 -7.261833 -7.532342 -7.805796 -8.077358 -8.350397 -8.620363 -8.890011 -9.154972 -9.417454 -9.673225 -9.923963 -10.165496 -10.399035 -10.620450 -10.830503 -11.025083 -11.204577 -11.364916 -11.506145 -11.624251 -11.719049 -11.786649 -11.826727 -11.835567 -11.812822 -11.755114 -11.662147 -11.530960 -11.361524 -11.151396 -10.900914 -10.608285 -10.274276 -9.897871 -9.480446 -9.021726 -8.523753 -7.987057 -7.414320 -6.806888 -6.168040 -5.499899
-2.868084 -3.162014 -3.394686 -3.638104 -3.866178 -4.102945 -4.332841 -4.570238 -4.804052 -5.044497 -5.282957 -5.527278 -5.770381 -6.018575 -6.265812 -6.517283 -6.767661 -7.021273 -7.273320 -7.527406 -7.779078 -8.031346 -8.280028 -8.527574 -8.769966 -9.009169 -9.241289 -9.467829 -9.684958 -9.893764 -10.090460 -10.275755 -10.445899 -10.601277 -10.738192 -10.856734 -10.953297 -11.027767 -11.076681 -11.099822 -11.093906 -11.058710 -10.991270 -10.891433 -10.756619 -10.586881 -10.380164 -10.136832 -9.855383 -9.536642 -9.179697 -8.785948 -8.355166 -7.889250 -7.388698 -6.855999 -6.292345 -5.700710 -5.082973
-2.868617 -3.144142 -3.364317 -3.594368 -3.810603 -4.034770 -4.252713 -4.477421 -4.698798 -4.926062 -5.151354 -5.381748 -5.610772 -5.844103 -6.076211 -6.311755 -6.545851 -6.782377 -7.016931 -7.252732 -7.485690 -7.718499 -7.947300 -8.174290 -8.395764 -8.613488 -8.823873 -9.028262 -9.223153 -9.409513 -9.583898 -9.746941 -9.895243 -10.029161 -10.145376 -10.243987 -10.321760 -10.378665 -10.411590 -10.420419 -10.402234 -10.356936 -10.281906 -10.177091 -10.040238 -9.871573 -9.669194 -9.433631 -9.163540 -8.859771 -8.521607 -8.150309 -7.745749 -7.309723 -6.842671 -6.346884 -5.823431 -5.275033 -4.703329
-2.862985 -3.120885 -3.328931 -3.546038 -3.750746 -3.962672 -4.168980 -4.381366 -4.590663 -4.805163 -5.017717 -5.234677 -5.450148 -5.669219 -5.886844 -6.107191 -6.325795 -6.546124 -6.764141 -6.982727 -7.198123 -7.412727 -7.623009 -7.830910 -8.033045 -8.230971 -8.421411 -8.605558 -8.780216 -8.946239 -9.100500 -9.243568 -9.372370 -9.487245 -9.585178 -9.666320 -9.727751 -9.769494 -9.788778 -9.785556 -9.757251 -9.703838 -9.623014 -9.514828 -9.377298 -9.210698 -9.013412 -8.785991 -8.527271 -8.238121 -7.917916 -7.567892 -7.187973 -6.779795 -6.343775 -5.882059 -5.395562 -4.886782 -4.357180
-2.851712 -3.092768 -3.289086 -3.493693 -3.687216 -3.887290 -4.082310 -4.282772 -4.480378 -4.682557 -4.882827 -5.086870 -5.289333 -5.494760 -5.698559 -5.904444 -6.108350 -6.313357 -6.515788 -6.718189 -6.917138 -7.114751 -7.307804 -7.498021 -7.682294 -7.862016 -8.034185 -8.199864 -8.356129 -8.503753 -8.639894 -8.765059 -8.876472 -8.974449 -9.056285 -9.122130 -9.169374 -9.198077 -9.205764 -9.192470 -9.155881 -9.096053 -9.010962 -8.900703 -8.763575 -8.599891 -8.408230 -8.189183 -7.941756 -7.666780 -7.363739 -7.033811 -6.676969 -6.294726 -5.887499 -5.457197 -5.004705 -4.532270 -4.041179
-2.835288 -3.060292 -3.245294 -3.437864 -3.620567 -3.809200 -3.993304 -4.182262 -4.368582 -4.558904 -4.747360 -4.939021 -5.129030 -5.321433 -5.512067 -5.704226 -5.894212 -6.084761 -6.272520 -6.459747 -6.643313 -6.825097 -7.002155 -7.176001 -7.343815 -7.506809 -7.662261 -7.811101 -7.950679 -8.081674 -8.201510 -8.310645 -8.406573 -8.489594 -8.557261 -8.609742 -8.644703 -8.662222 -8.660112 -8.638412 -8.595126 -8.530322 -8.442224 -8.331013 -8.195158 -8.034987 -7.849379 -7.638791 -7.402447 -7.141182 -6.854479 -6.543547 -6.208333 -5.850245 -5.469674 -5.068400 -4.647204 -4.208113 -3.752308
-2.814183 -3.023915 -3.198036 -3.379045 -3.551312 -3.728930 -3.902507 -4.080397 -4.255861 -4.434800 -4.611928 -4.791744 -4.969863 -5.149866 -5.327990 -5.507147 -5.683984 -5.860909 -6.034891 -6.207906 -6.377121 -6.544176 -6.706404 -6.865125 -7.017778 -7.165433 -7.305604 -7.439116 -7.563565 -7.679551 -7.784738 -7.879539 -7.961700 -8.031480 -8.086712 -8.127541 -8.151887 -8.159858 -8.149490 -8.120872 -8.072232 -8.003675 -7.913652 -7.802352 -7.668457 -7.512351 -7.332960 -7.130916 -6.905411 -6.657290 -6.386158 -6.093090 -5.778107 -5.442517 -5.086670 -4.712214 -4.319818 -3.911386 -3.487926
-2.788841 -2.984074 -3.147754 -3.317685 -3.479914 -3.646955 -3.810408 -3.977675 -4.142716 -4.310757 -4.477047 -4.645561 -4.812350 -4.980571 -5.146834 -5.313696 -5.478130 -5.642250 -5.803307 -5.963040 -6.118875 -6.272248 -6.420739 -6.565504 -6.704217 -6.837806 -6.964033 -7.083606 -7.194354 -7.296796 -7.388836 -7.470829 -7.540758 -7.598859 -7.643171 -7.673856 -7.689061 -7.688892 -7.671617 -7.637345 -7.584491 -7.513222 -7.422168 -7.311522 -7.180151 -7.028442 -6.855460 -6.661822 -6.446856 -6.211339 -5.954963 -5.678757 -5.382716 -5.068088 -4.735157 -4.385487 -4.019649 -3.639386 -3.245614
-2.759676 -2.941170 -3.094856 -3.254197 -3.406796 -3.563704 -3.717444 -3.874541 -4.029606 -4.187236 -4.343178 -4.500929 -4.656947 -4.813995 -4.969033 -5.124292 -5.277047 -5.429142 -5.578104 -5.725433 -5.868816 -6.009492 -6.145283 -6.277180 -6.403089 -6.523804 -6.637307 -6.744216 -6.842563 -6.932805 -7.013060 -7.083628 -7.142702 -7.190492 -7.225256 -7.247142 -7.254494 -7.247432 -7.224412 -7.185568 -7.129503 -7.056389 -6.965013 -6.855612 -6.727197 -6.580136 -6.413641 -6.228284 -6.023543 -5.800082 -5.557682 -5.297321 -5.018986 -4.723855 -4.412224 -4.085453 -3.744115 -3.389789 -3.023274
