MFC+VTK/函数库及接口制作/重磁三维基本处理/石达三分量转换及求梯度/立方体磁异常_Za.grd
DSAA
127 128
0 992.126
0 1200
-398.816 1185.03
[rows 0 to 27 of 128, columns 0 to 62 of 127]
-6.30184 -6.32791 -6.35452 -6.38049 -6.40655 -6.4317 -6.45655 -6.48024 -6.50323 -6.52481 -6.54529 -6.56413 -6.58146 -6.59692 -6.61047 -6.62192 -6.63109 -6.63793 -6.64214 -6.64382 -6.64253 -6.63857 -6.63133 -6.6213 -6.60776 -6.59137 -6.57129 -6.54838 -6.52167 -6.49222 -6.45898 -6.42318 -6.38369 -6.34193 -6.2967 -6.24959 -6.19935 -6.14776 -6.09348 -6.03848 -5.98137 -5.92426 -5.86573 -5.80801 -5.74964 -5.69297 -5.63647 -5.58262 -5.52979 -5.48054 -5.43319 -5.39032 -5.35019 -5.31537 -5.28403 -5.25876 -5.2376 -5.2231 -5.21322 -5.21041 -5.21255 -5.22199 -5.23651
-6.28928 -6.31827 -6.34809 -6.37742 -6.40706 -6.43599 -6.46484 -6.49277 -6.52025 -6.54661 -6.57216 -6.59637 -6.61941 -6.6409 -6.66087 -6.67909 -6.69543 -6.70985 -6.72205 -6.73215 -6.73973 -6.74508 -6.74762 -6.74784 -6.74501 -6.73981 -6.73139 -6.7206 -6.70649 -6.69009 -6.67033 -6.64844 -6.62327 -6.5962 -6.566 -6.53425 -6.49964 -6.46391 -6.42568 -6.38686 -6.346 -6.30518 -6.26287 -6.22128 -6.17884 -6.13787 -6.09672 -6.05782 -6.01947 -5.98413 -5.95006 -5.91977 -5.89142 -5.86754 -5.84623 -5.82999 -5.81684 -5.80926 -5.80516 -5.80696 -5.81251 -5.82414 -5.83961
-6.29656 -6.32795 -6.36029 -6.39223 -6.42455 -6.45624 -6.48793 -6.5188 -6.54932 -6.57883 -6.60764 -6.63524 -6.66179 -6.68694 -6.71069 -6.73284 -6.75327 -6.77191 -6.7885 -6.80315 -6.81544 -6.82566 -6.83323 -6.83864 -6.84116 -6.84147 -6.83872 -6.83375 -6.8256 -6.81529 -6.80177 -6.78623 -6.76752 -6.74701 -6.72347 -6.69844 -6.67061 -6.6417 -6.61032 -6.57836 -6.54434 -6.51032 -6.47477 -6.43985 -6.40398 -6.36945 -6.33461 -6.30184 -6.26943 -6.23982 -6.21123 -6.18616 -6.16274 -6.1435 -6.12649 -6.11422 -6.10467 -6.10031 -6.09905 -6.10328 -6.11084 -6.12406 -6.14069
-6.30456 -6.33869 -6.37384 -6.40868 -6.44397 -6.47873 -6.51359 -6.54773 -6.58165 -6.61467 -6.64713 -6.67851 -6.70899 -6.73821 -6.7662 -6.79276 -6.81775 -6.84114 -6.86265 -6.8824 -6.89996 -6.91563 -6.92884 -6.94007 -6.9486 -6.95508 -6.95868 -6.96022 -6.95875 -6.95527 -6.94872 -6.94028 -6.9288 -6.91562 -6.8995 -6.88197 -6.8617 -6.84039 -6.81663 -6.79229 -6.76587 -6.7394 -6.71133 -6.6838 -6.65521 -6.6278 -6.59992 -6.57391 -6.54804 -6.52473 -6.50217 -6.48283 -6.46483 -6.45066 -6.43837 -6.43043 -6.42481 -6.42395 -6.42576 -6.43262 -6.44235 -6.45726 -6.47511
-6.31936 -6.35628 -6.39422 -6.43188 -6.47004 -6.50771 -6.54554 -6.58271 -6.61972 -6.65591 -6.69161 -6.72631 -6.76021 -6.79293 -6.82451 -6.85474 -6.8835 -6.91076 -6.93621 -6.96001 -6.9817 -7.0016 -7.01912 -7.03473 -7.04772 -7.05874 -7.06693 -7.07312 -7.07635 -7.07762 -7.07584 -7.07221 -7.06554 -7.05718 -7.04588 -7.03316 -7.01766 -7.00109 -6.98202 -6.96231 -6.94046 -6.91848 -6.89481 -6.87159 -6.8472 -6.82389 -6.79999 -6.77783 -6.75568 -6.73594 -6.71682 -6.70077 -6.6859 -6.67471 -6.66523 -6.65993 -6.65679 -6.65823 -6.66216 -6.67096 -6.68243 -6.69889 -6.71809
-6.33477 -6.37482 -6.41584 -6.45662 -6.49793 -6.53881 -6.57991 -6.62041 -6.66084 -6.70052 -6.73981 -6.77819 -6.81585 -6.85244 -6.88798 -6.92229 -6.95522 -6.98675 -7.01659 -7.04487 -7.07114 -7.09571 -7.118 -7.13846 -7.15639 -7.17241 -7.18568 -7.19701 -7.20542 -7.21191 -7.21539 -7.21703 -7.21564 -7.21256 -7.20651 -7.19902 -7.18872 -7.17728 -7.16329 -7.14857 -7.13164 -7.11447 -7.09552 -7.07689 -7.05697 -7.038 -7.0183 -7.00019 -6.98195 -6.96597 -6.95044 -6.93782 -6.92622 -6.91813 -6.91158 -6.90903 -6.90847 -6.91231 -6.91846 -6.92928 -6.94258 -6.96069 -6.98132
-6.35438 -6.3977 -6.44193 -6.4859 -6.53041 -6.57451 -6.61887 -6.66269 -6.70646 -6.74955 -6.79229 -6.83418 -6.87542 -6.91565 -6.95489 -6.99295 -7.02969 -7.06509 -7.09884 -7.13109 -7.16136 -7.18998 -7.21633 -7.24089 -7.26292 -7.28305 -7.30041 -7.31583 -7.3283 -7.33881 -7.34626 -7.3518 -7.35425 -7.35493 -7.35255 -7.34862 -7.34177 -7.33368 -7.3229 -7.31128 -7.2973 -7.28296 -7.2667 -7.25063 -7.23315 -7.2165 -7.199 -7.18299 -7.16674 -7.15267 -7.13897 -7.12811 -7.11823 -7.11179 -7.10687 -7.10593 -7.10695 -7.11238 -7.12009 -7.13249 -7.14737 -7.16705 -7.18925
-6.37456 -6.42148 -6.46923 -6.51669 -6.5647 -6.61233 -6.66025 -6.70767 -6.75511 -6.80191 -6.84843 -6.89417 -6.93932 -6.98353 -7.02681 -7.06899 -7.10991 -7.14955 -7.18759 -7.22418 -7.25884 -7.29188 -7.32269 -7.35172 -7.37822 -7.40283 -7.42466 -7.44451 -7.46137 -7.47623 -7.48795 -7.49769 -7.50424 -7.50891 -7.51041 -7.51023 -7.50699 -7.50235 -7.49488 -7.4864 -7.4754 -7.46388 -7.45027 -7.4367 -7.42157 -7.40711 -7.39167 -7.37759 -7.36317 -7.35083 -7.33878 -7.3295 -7.32115 -7.31621 -7.31277 -7.31331 -7.31582 -7.32275 -7.332 -7.34596 -7.36244 -7.38376 -7.40764
-6.39782 -6.44855 -6.49999 -6.55109 -6.60273 -6.65399 -6.70556 -6.75665 -6.80778 -6.85833 -6.90863 -6.95819 -7.0072 -7.05531 -7.10253 -7.14868 -7.1936 -7.23727 -7.27935 -7.31999 -7.3587 -7.39578 -7.4306 -7.4636 -7.49404 -7.52251 -7.54812 -7.57166 -7.59211 -7.61041 -7.62545 -7.63835 -7.64789 -7.65537 -7.65948 -7.6617 -7.66065 -7.65798 -7.65226 -7.64531 -7.63562 -7.6252 -7.61249 -7.59963 -7.58503 -7.57096 -7.55578 -7.54186 -7.52751 -7.5152 -7.50317 -7.49392 -7.48565 -7.48087 -7.47769 -7.47863 -7.48169 -7.48935 -7.49953 -7.51463 -7.53248 -7.55539 -7.58108
-6.42165 -6.47652 -6.53197 -6.58703 -6.6426 -6.69779 -6.75331 -6.80838 -6.86353 -6.91813 -6.97253 -7.02624 -7.07944 -7.13179 -7.1833 -7.23376 -7.28304 -7.33107 -7.37755 -7.42258 -7.46569 -7.50714 -7.54631 -7.58361 -7.61828 -7.6509 -7.68057 -7.70805 -7.73229 -7.75424 -7.77275 -7.78893 -7.80153 -7.81184 -7.81854 -7.8231 -7.82413 -7.82327 -7.81907 -7.81337 -7.80466 -7.79495 -7.78271 -7.77008 -7.7555 -7.74126 -7.72576 -7.7114 -7.69652 -7.68362 -7.671 -7.6612 -7.65244 -7.64729 -7.64389 -7.64479 -7.64803 -7.65613 -7.66702 -7.68312 -7.70227 -7.7268 -7.75443
-6.44796 -6.50723 -6.5669 -6.62611 -6.68579 -6.74507 -6.80468 -6.86385 -6.92313 -6.98188 -7.04046 -7.09837 -7.1558 -7.2124 -7.26817 -7.32292 -7.37648 -7.42879 -7.47953 -7.52879 -7.57608 -7.62165 -7.66485 -7.70609 -7.74458 -7.78088 -7.81406 -7.84487 -7.87223 -7.89706 -7.91819 -7.93672 -7.95136 -7.9634 -7.9715 -7.9771 -7.97881 -7.97828 -7.97404 -7.96794 -7.95848 -7.94769 -7.93405 -7.91975 -7.90324 -7.88686 -7.86905 -7.85226 -7.8349 -7.81951 -7.80444 -7.79231 -7.78139 -7.77432 -7.76928 -7.76888 -7.77122 -7.77883 -7.78971 -7.8063 -7.82646 -7.85253 -7.88223
-6.47483 -6.53884 -6.60308 -6.66676 -6.73086 -6.79455 -6.85857 -6.92217 -6.9859 -7.04912 -7.1122 -7.17465 -7.23665 -7.29784 -7.35823 -7.4176 -7.47578 -7.53271 -7.58805 -7.64187 -7.69366 -7.74366 -7.79119 -7.83665 -7.8792 -7.9194 -7.95628 -7.99056 -8.02114 -8.0489 -8.07266 -8.09346 -8.11002 -8.12359 -8.13279 -8.13908 -8.14103 -8.14029 -8.13539 -8.12818 -8.11719 -8.10444 -8.08845 -8.07144 -8.05191 -8.03224 -8.01094 -7.99051 -7.96943 -7.95031 -7.93159 -7.91595 -7.90175 -7.89168 -7.88402 -7.88144 -7.8821 -7.8886 -7.89897 -7.91569 -7.93665 -7.96421 -7.9961
-6.50382 -6.57285 -6.6419 -6.71028 -6.77903 -6.84733 -6.91594 -6.98414 -7.05247 -7.12032 -7.18804 -7.25514 -7.32181 -7.38767 -7.45273 -7.51676 -7.57959 -7.64112 -7.701 -7.75929 -7.81546 -7.86971 -7.92135 -7.97074 -8.01702 -8.06071 -8.1008 -8.13799 -8.17114 -8.2011 -8.22663 -8.24876 -8.26617 -8.28008 -8.2891 -8.29464 -8.29528 -8.29265 -8.28528 -8.27504 -8.26045 -8.24358 -8.22297 -8.20091 -8.17593 -8.1505 -8.12319 -8.09659 -8.06927 -8.04395 -8.01916 -7.99768 -7.97797 -7.96284 -7.95067 -7.9442 -7.94169 -7.94582 -7.95466 -7.97078 -7.9921 -8.02098 -8.0552
-6.53339 -6.60781 -6.68201 -6.75544 -6.82916 -6.9024 -6.97595 -7.04908 -7.12235 -7.19516 -7.26787 -7.33997 -7.41165 -7.48254 -7.55263 -7.62168 -7.68949 -7.75597 -7.82073 -7.88382 -7.94467 -8.00347 -8.05948 -8.11303 -8.16324 -8.21057 -8.25398 -8.29412 -8.32981 -8.36185 -8.38897 -8.41215 -8.43003 -8.44378 -8.45199 -8.45605 -8.45449 -8.44895 -8.43796 -8.42337 -8.40375 -8.38118 -8.35426 -8.32531 -8.29296 -8.25974 -8.22433 -8.18942 -8.15369 -8.12 -8.08698 -8.05757 -8.03036 -8.00828 -7.98982 -7.97788 -7.97081 -7.97137 -7.97775 -7.99256 -8.01377 -8.04381 -8.08044
-6.56484 -6.64497 -6.7246 -6.80333 -6.88227 -6.9607 -7.0394 -7.11767 -7.1961 -7.27406 -7.35193 -7.4292 -7.50606 -7.58212 -7.65735 -7.73152 -7.80439 -7.87587 -7.94553 -8.01339 -8.07886 -8.14209 -8.20231 -8.2598 -8.31362 -8.36421 -8.41047 -8.45299 -8.49054 -8.52387 -8.55165 -8.57481 -8.59192 -8.60414 -8.60998 -8.61082 -8.60515 -8.59459 -8.57767 -8.55626 -8.52892 -8.4978 -8.46154 -8.42253 -8.3795 -8.33509 -8.28807 -8.24132 -8.19363 -8.14803 -8.10334 -8.06264 -8.02471 -7.99266 -7.96514 -7.9452 -7.93134 -7.92645 -7.92882 -7.94117 -7.96154 -7.99239 -8.03151
-6.59691 -6.68311 -6.76855 -6.85294 -6.93745 -7.0214 -7.10561 -7.18938 -7.27331 -7.35679 -7.44019 -7.52301 -7.60541 -7.68701 -7.76777 -7.84742 -7.92573 -8.00256 -8.07747 -8.15044 -8.22084 -8.28878 -8.35345 -8.41507 -8.47266 -8.52659 -8.57571 -8.62053 -8.65977 -8.6941 -8.72212 -8.7447 -8.76035 -8.77014 -8.77255 -8.76889 -8.75763 -8.74036 -8.71559 -8.68519 -8.64776 -8.60547 -8.55704 -8.50496 -8.44804 -8.38906 -8.32696 -8.26476 -8.20148 -8.14032 -8.08033 -8.02482 -7.97277 -7.92752 -7.88794 -7.85727 -7.83419 -7.82177 -7.81844 -7.82703 -7.84568 -7.87692 -7.91856
-6.63071 -6.72333 -6.81487 -6.90521 -6.99558 -7.08532 -7.17529 -7.26482 -7.35451 -7.44374 -7.5329 -7.62148 -7.70963 -7.79697 -7.88343 -7.96873 -8.05262 -8.13491 -8.21515 -8.29326 -8.36859 -8.44118 -8.51017 -8.57573 -8.63681 -8.6937 -8.74519 -8.7917 -8.83186 -8.86628 -8.89345 -8.91416 -8.92683 -8.93247 -8.92946 -8.91907 -8.8997 -8.8729 -8.83717 -8.79437 -8.74313 -8.68568 -8.6208 -8.55108 -8.47549 -8.39696 -8.31464 -8.23176 -8.14757 -8.06556 -7.98504 -7.9096 -7.83853 -7.77544 -7.71947 -7.67413 -7.63835 -7.6154 -7.60392 -7.60687 -7.62252 -7.65347 -7.69761
-6.66517 -6.7646 -6.86263 -6.95929 -7.05588 -7.15179 -7.2479 -7.34356 -7.43937 -7.53475 -7.63006 -7.7248 -7.81911 -7.91259 -8.00516 -8.09652 -8.18637 -8.27452 -8.36045 -8.44407 -8.52464 -8.60217 -8.67572 -8.7454 -8.81007 -8.86995 -8.92371 -8.97171 -9.01245 -9.04644 -9.07207 -9.09 -9.09856 -9.09864 -9.08854 -9.06942 -9.03962 -9.00062 -8.9509 -8.8923 -8.82347 -8.74669 -8.66083 -8.56861 -8.46916 -8.36562 -8.25736 -8.14792 -8.03684 -7.92794 -7.82089 -7.71964 -7.62386 -7.53752 -7.46012 -7.3955 -7.3429 -7.30587 -7.28328 -7.27831 -7.28937 -7.31917 -7.36566
-6.70129 -6.80788 -6.91273 -7.01603 -7.11914 -7.22152 -7.32405 -7.42613 -7.52837 -7.63017 -7.73191 -7.83308 -7.93382 -8.03369 -8.13262 -8.23026 -8.32629 -8.42047 -8.51225 -8.60147 -8.68735 -8.76981 -8.84785 -8.92148 -8.98947 -9.05194 -9.10746 -9.15624 -9.19669 -9.22915 -9.25189 -9.26545 -9.26798 -9.26026 -9.24045 -9.20959 -9.16592 -9.11085 -9.04277 -8.96352 -8.87176 -8.76982 -8.65668 -8.53519 -8.4047 -8.2686 -8.12656 -7.98247 -7.83628 -7.69222 -7.55043 -7.41533 -7.28706 -7.17007 -7.06433 -6.97411 -6.89905 -6.84306 -6.80533 -6.78928 -6.79353 -6.82093 -6.8695
-6.73812 -6.85229 -6.96435 -7.07468 -7.1847 -7.29393 -7.4033 -7.5122 -7.62126 -7.72991 -7.83851 -7.94654 -8.05414 -8.16086 -8.26659 -8.37096 -8.47361 -8.57426 -8.6723 -8.76752 -8.85905 -8.94675 -9.02953 -9.10728 -9.17868 -9.24371 -9.3008 -9.35003 -9.38963 -9.4198 -9.43863 -9.44645 -9.44128 -9.42368 -9.39165 -9.34607 -9.28503 -9.20982 -9.11874 -9.01359 -8.89302 -8.7594 -8.61182 -8.45333 -8.28348 -8.106 -7.92094 -7.73261 -7.54148 -7.35233 -7.16587 -6.98715 -6.81692 -6.66026 -6.51771 -6.39412 -6.28964 -6.20865 -6.15073 -6.11963 -6.11424 -6.13758 -6.18778
-6.77658 -6.89869 -7.01831 -7.136 -7.25327 -7.36969 -7.48621 -7.60226 -7.71847 -7.83429 -7.95008 -8.06531 -8.1801 -8.29399 -8.40683 -8.51823 -8.62779 -8.73517 -8.8397 -8.94109 -9.03842 -9.13143 -9.21892 -9.30068 -9.37524 -9.44243 -9.50053 -9.54942 -9.58715 -9.61371 -9.62696 -9.62702 -9.61166 -9.58122 -9.53346 -9.46905 -9.38587 -9.28504 -9.16474 -9.02666 -8.86942 -8.69545 -8.50393 -8.29812 -8.07788 -7.84729 -7.60689 -7.36156 -7.11241 -6.86492 -6.62057 -6.3852 -6.16038 -5.95197 -5.76131 -5.59397 -5.45077 -5.3367 -5.25183 -5.20036 -5.18148 -5.19846 -5.24956
-6.81584 -6.94632 -7.0739 -7.19936 -7.32428 -7.44828 -7.57237 -7.696 -7.81982 -7.94326 -8.0667 -8.18961 -8.31208 -8.43363 -8.5541 -8.67304 -8.79001 -8.90461 -9.01612 -9.12415 -9.22769 -9.32637 -9.41887 -9.50484 -9.58263 -9.65192 -9.71076 -9.75884 -9.79395 -9.81584 -9.82207 -9.8125 -9.78458 -9.73834 -9.67124 -9.58366 -9.4732 -9.34072 -9.18421 -9.0052 -8.80226 -8.57779 -8.33113 -8.06572 -7.78178 -7.48386 -7.17308 -6.85506 -6.5317 -6.20942 -5.89068 -5.58236 -5.28708 -5.01175 -4.75872 -4.53452 -4.34082 -4.1834 -4.06298 -3.98429 -3.94695 -3.95453 -4.00543
-6.85672 -6.99595 -7.13186 -7.26543 -7.39836 -7.53031 -7.66233 -7.7939 -7.92569 -8.05714 -8.18862 -8.31959 -8.45013 -8.57975 -8.70823 -8.8351 -8.95987 -9.08206 -9.20087 -9.31584 -9.42582 -9.53034 -9.62792 -9.71805 -9.79889 -9.8699 -9.9289 -9.9753 -10.0066 -10.0222 -10.0194 -9.99765 -9.95397 -9.88804 -9.79689 -9.6805 -9.53611 -9.36421 -9.16249 -8.93227 -8.67194 -8.38389 -8.06754 -7.72658 -7.36162 -6.9778 -6.57696 -6.16563 -5.74679 -5.32805 -4.91315 -4.51034 -4.12363 -3.76131 -3.42706 -3.12865 -2.86889 -2.65453 -2.48715 -2.37218 -2.30974 -2.30376 -2.35287
-6.89852 -7.04691 -7.19154 -7.33365 -7.475 -7.61533 -7.75573 -7.8957 -8.03593 -8.17588 -8.3159 -8.45547 -8.59464 -8.73289 -8.86997 -9.00536 -9.13851 -9.26888 -9.39558 -9.51803 -9.63498 -9.7458 -9.84884 -9.9434 -10.0274 -10.1001 -10.159 -10.2031 -10.2297 -10.2377 -10.224 -10.1875 -10.1249 -10.0352 -9.91497 -9.76363 -9.57789 -9.35777 -9.1005 -8.80703 -8.47551 -8.10822 -7.7046 -7.2686 -6.80129 -6.30848 -5.79296 -5.26241 -4.72116 -4.1784 -3.63958 -3.11475 -2.60973 -2.13467 -1.69497 -1.30004 -0.95417 -0.665383 -0.436342 -0.273324 -0.177118 -0.152102 -0.197163
-6.94197 -7.0999 -7.25364 -7.40465 -7.55479 -7.70388 -7.85304 -8.00181 -8.1509 -8.29978 -8.4488 -8.59742 -8.74569 -8.89304 -9.03922 -9.18363 -9.32566 -9.4647 -9.59974 -9.73012 -9.85441 -9.97185 -10.0806 -10.1796 -10.2668 -10.3408 -10.399 -10.44 -10.4606 -10.4592 -10.4321 -10.3778 -10.2921 -10.1736 -10.018 -9.82412 -9.58782 -9.30848 -8.98269 -8.61085 -8.1907 -7.72425 -7.21092 -6.65488 -6.05769 -5.42599 -4.76374 -4.08007 -3.38114 -2.67816 -1.97884 -1.29563 -0.636839 -0.0150015 0.562129 1.08301 1.54143 1.9277 2.23779 2.46435 2.60579 2.65718 2.61934
-6.98645 -7.15433 -7.31758 -7.4779 -7.63726 -7.79555 -7.95394 -8.112 -8.27046 -8.4288 -8.58738 -8.74564 -8.90363 -9.06074 -9.21668 -9.3708 -9.52242 -9.67084 -9.81495 -9.95395 -10.0863 -10.2109 -10.3259 -10.4299 -10.5204 -10.5959 -10.6531 -10.6904 -10.7039 -10.6915 -10.6488 -10.5735 -10.4607 -10.3081 -10.1104 -9.86538 -9.56813 -9.21696 -8.80754 -8.33946 -7.80976 -7.22002 -6.56946 -5.86237 -5.10087 -4.29257 -3.44283 -2.56271 -1.66067 -0.750666 0.156577 1.04539 1.90417 2.71711 3.47335 4.15851 4.76387 5.2776 5.69395 6.00422 6.20586 6.29332 6.26709
-7.03266 -7.21085 -7.38397 -7.55398 -7.72294 -7.89083 -8.05886 -8.22665 -8.39493 -8.56321 -8.73186 -8.9003 -9.06856 -9.23602 -9.40231 -9.56677 -9.72862 -9.88706 -10.0409 -10.1891 -10.33 -10.4625 -10.5841 -10.6933 -10.7873 -10.8641 -10.9201 -10.9528 -10.9579 -10.9325 -10.8715 -10.7715 -10.6267 -10.4335 -10.1856 -9.87938 -9.50862 -9.07027 -8.55871 -7.9723 -7.30705 -6.56372 -5.7411 -4.84346 -3.87343 -2.83972 -1.74948 -0.616176 0.548654 1.72744 2.90536 4.06239 5.18242 6.24524 7.2358 8.13593 8.93361 9.61427 10.17 10.5905 10.872 11.0083 10.9997
-7.08002 -7.2689 -7.45229 -7.6324 -7.81139 -7.98933 -8.16749 -8.34551 -8.52417 -8.70297 -8.8823 -9.06158 -9.24081 -9.41934 -9.59678 -9.77239 -9.94531 -10.1147 -10.2791 -10.4375 -10.5879 -10.7289 -10.8579 -10.9731 -11.0711 -11.1496 -11.2042 -11.232 -11.2277 -11.1878 -11.1058 -10.9775 -10.7957 -10.5552 -10.2483 -9.86975 -9.41132 -8.8682 -8.2329 -7.50201 -6.66992 -5.73611 -4.69844 -3.5609 -2.3265 -1.00519 0.393761 1.85377 3.35925 4.88776 6.41892 7.9267 9.38886 10.7791 12.0767 13.2585 14.308 15.2072 15.9455 16.5106 16.8976 17.0997 17.1166
