MFC+VTK/函数库及接口制作/重磁三维基本处理/石达三分量转换及求梯度/立方体磁异常_Hay.grd
DSAA
127 128
0 992.126
0 1200
-682.365 655.061
[rows 0 to 28 of 128, columns 0 to 64 of 127]
4.30119 4.57912 4.79408 5.0166 5.22105 5.43079 5.63052 5.83406 6.03049 6.22947 6.42247 6.61681 6.80546 6.99419 7.177 7.35852 7.53354 7.7058 7.87065 8.03115 8.1831 8.32896 8.46493 8.59295 8.70955 8.81621 8.9098 8.99139 9.05814 9.11077 9.14675 9.16651 9.16782 9.15084 9.1137 9.05634 8.97727 8.87626 8.75222 8.60481 8.43338 8.23753 8.0171 7.77163 7.5015 7.20626 6.88684 6.54282 6.17569 5.7851 5.37311 4.93944 4.4867 4.01467 3.52653 3.02206 2.50497 1.97503 1.43642 0.888836 0.336892 -0.219861 -0.77645 -1.33353 -1.88584
4.47613 4.76275 4.98591 5.21692 5.42989 5.64834 5.8569 6.0694 6.27493 6.48311 6.68545 6.88919 7.08738 7.28565 7.47811 7.66925 7.85394 8.03578 8.21022 8.38014 8.54145 8.69643 8.84136 8.978 9.10298 9.21758 9.31874 9.40734 9.48062 9.53909 9.5803 9.60445 9.60941 9.5951 9.55974 9.50305 9.42362 9.32101 9.1942 9.04266 8.86584 8.66311 8.43444 8.1792 7.89787 7.58985 7.25621 6.89638 6.51203 6.10267 5.67057 5.21533 4.7398 4.24365 3.73034 3.19955 2.6553 2.09728 1.52999 0.953065 0.371447 -0.215348 -0.802024 -1.38926 -1.97148
4.65682 4.95303 5.18502 5.42524 5.64745 5.87542 6.09364 6.31603 6.53162 6.75005 6.96283 7.17715 7.38609 7.59521 7.79868 8.00088 8.19673 8.38972 8.57536 8.75638 8.92878 9.09465 9.25037 9.3975 9.53275 9.65719 9.76784 9.86537 9.94708 10.0133 10.0615 10.0919 10.1022 10.0921 10.06 10.0054 9.92682 9.82363 9.69492 9.53989 9.35808 9.14865 8.91166 8.64626 8.35308 8.0313 7.68216 7.30492 6.90143 6.47105 6.01628 5.53658 5.03508 4.51135 3.96912 3.40803 2.83239 2.24187 1.64129 1.03029 0.414151 -0.207617 -0.829344 -1.45171 -2.06877
4.84314 5.14944 5.39088 5.64092 5.87307 6.11127 6.33995 6.57305 6.79963 7.02925 7.25351 7.47948 7.70035 7.92154 8.13732 8.35191 8.56036 8.76597 8.96437 9.1581 9.34325 9.52173 9.69001 9.84942 9.99677 10.1329 10.2549 10.3633 10.4553 10.5311 10.5882 10.6265 10.6438 10.6397 10.6124 10.5612 10.4847 10.3821 10.2524 10.0946 9.90829 9.6924 9.44709 9.17125 8.86566 8.52926 8.16345 7.7673 7.34287 6.88933 6.40944 5.90253 5.37199 4.8173 4.24253 3.64724 3.0361 2.40874 1.77038 1.12064 0.465218 -0.196368 -0.858028 -1.52042 -2.17718
5.03521 5.35205 5.60356 5.86406 6.10685 6.35603 6.596 6.84069 7.0792 7.32103 7.55785 7.79664 8.03067 8.26523 8.49469 8.72314 8.94571 9.16554 9.37837 9.58654 9.78627 9.97921 10.162 10.3356 10.4971 10.647 10.7825 10.9038 11.0082 11.0956 11.1637 11.2119 11.2383 11.2419 11.2212 11.175 11.1022 11.0013 10.8718 10.712 10.5219 10.2999 10.0464 9.75994 9.44141 9.08952 8.70585 8.28922 7.84191 7.36293 6.85526 6.31811 5.75519 5.16586 4.55453 3.92074 3.26954 2.60055 1.91941 1.22576 0.525761 -0.181033 -0.88806 -1.59593 -2.29779
5.23297 5.56072 5.82288 6.09442 6.34856 6.60945 6.86154 7.11868 7.37009 7.62514 7.87564 8.1284 8.37685 8.62609 8.87067 9.11444 9.35273 9.58842 9.81743 10.0418 10.258 10.4674 10.6667 10.8567 11.0345 11.2003 11.3515 11.4879 11.607 11.7083 11.7896 11.8499 11.8874 11.9009 11.8887 11.8494 11.7818 11.6843 11.5562 11.3956 11.2025 10.9749 10.7134 10.4162 10.0843 9.71613 9.31341 8.87473 8.40259 7.89579 7.35759 6.78705 6.1882 5.56032 4.9082 4.23133 3.5352 2.81944 2.09017 1.34706 0.596797 -0.161003 -0.919244 -1.67845 -2.43124
5.43647 5.77548 6.04884 6.33204 6.59824 6.87161 7.13665 7.40717 7.67247 7.94181 8.20715 8.47512 8.73932 9.00467 9.26586 9.52656 9.78225 10.0356 10.2827 10.5253 10.76 10.9879 11.206 11.4146 11.6111 11.7953 11.9646 12.1186 12.255 12.3727 12.4697 12.5447 12.5958 12.6214 12.62 12.5897 12.5294 12.437 12.3118 12.1518 11.9567 11.7243 11.4552 11.1473 10.8016 10.4164 9.99343 9.53107 9.03201 8.49485 7.92312 7.31574 6.67707 6.00633 5.30871 4.58367 3.83719 3.06892 2.28552 1.48675 0.679831 -0.135478 -0.951499 -1.76863 -2.57888
5.64563 5.99617 6.28128 6.57673 6.8557 7.14229 7.42116 7.70596 7.98619 8.27091 8.55227 8.83672 9.11805 9.40096 9.68036 9.95965 10.2345 10.5074 10.7745 11.0374 11.2929 11.5416 11.7808 12.0106 12.2283 12.4334 12.6237 12.7981 12.9545 13.0915 13.207 13.2994 13.3669 13.4073 13.4193 13.4004 13.3496 13.2644 13.1441 12.9862 12.7904 12.5542 12.2781 11.9596 11.6 11.197 10.7527 10.265 9.73684 9.16664 8.55821 7.91028 7.22761 6.50933 5.76107 4.98231 4.17954 3.35247 2.50835 1.64705 0.776451 -0.103549 -0.984606 -1.86694 -2.74188
5.86041 6.22274 6.52014 6.82841 7.12087 7.42146 7.71505 8.01509 8.3113 8.61253 8.91118 9.21345 9.51337 9.8154 10.1147 10.4143 10.7103 11.0047 11.294 11.5795 11.858 12.1302 12.3931 12.6467 12.8885 13.1176 13.3317 13.5296 13.7092 13.8686 14.0059 14.1188 14.2058 14.2641 14.2925 14.2879 14.2494 14.1739 14.0607 13.9067 13.7119 13.4731 13.1909 12.8623 12.4887 12.0673 11.6005 11.0857 10.5262 9.92013 9.27153 8.57901 7.84772 7.07671 6.27211 5.43341 4.56768 3.67473 2.76247 1.83094 0.888707 -0.0640957 -1.01839 -1.97414 -2.92194
6.08066 6.45497 6.76519 7.08684 7.3935 7.70886 8.01807 8.3343 8.64759 8.9665 9.28372 9.60518 9.92521 10.248 10.5689 10.8908 11.2098 11.5279 11.8417 12.1522 12.4564 12.7546 13.0441 13.3245 13.5934 13.8497 14.0911 14.3159 14.5221 14.7074 14.87 15.0072 15.1172 15.197 15.2452 15.2582 15.2351 15.1722 15.0688 14.9212 14.7294 14.4896 14.2024 13.8644 13.4769 13.0367 12.5463 12.0028 11.4096 10.7646 10.0721 9.33063 8.54568 7.71625 6.84901 5.9435 5.00741 4.04071 3.05202 2.04163 1.01888 -0.0158126 -1.05253 -2.09092 -3.12074
6.30625 6.69271 7.01624 7.35184 7.67342 8.00433 8.33007 8.66348 8.99496 9.33276 9.6699 10.012 10.3537 10.6989 11.0433 11.3894 11.7338 12.0778 12.4186 12.7566 13.0893 13.4165 13.7357 14.0462 14.3457 14.6326 14.9049 15.1604 15.3972 15.6125 15.8045 15.9699 16.1072 16.2125 16.2845 16.319 16.315 16.2682 16.1778 16.0395 15.8531 15.6144 15.3238 14.9773 14.5763 14.1171 13.6022 13.0282 12.3989 11.7117 10.9714 10.1761 9.33192 8.43774 7.50082 6.52077 5.50599 4.45665 3.38217 2.28313 1.16977 0.0428808 -1.0867 -2.21822 -3.34047
6.53695 6.93566 7.27299 7.62306 7.96027 8.3075 8.65068 9.00227 9.35308 9.71099 10.0694 10.4337 10.7988 11.1682 11.538 11.9104 12.2823 12.6548 13.0251 13.3935 13.7576 14.1169 14.4693 14.8133 15.1471 15.4686 15.7759 16.0664 16.3381 16.5879 16.8139 17.0122 17.1814 17.3168 17.4172 17.4778 17.4972 17.4706 17.3971 17.2716 17.0938 16.8587 16.5668 16.2132 15.7995 15.3212 14.7809 14.175 13.507 12.7742 11.9817 11.1274 10.2179 9.25194 8.2375 7.17429 6.07148 4.92951 3.75868 2.55997 1.34461 0.113842 -1.12042 -2.35693 -3.58341
6.77252 7.18352 7.53511 7.90017 8.25372 8.61803 8.97958 9.35036 9.72167 10.101 10.4822 10.8701 11.2602 11.6557 12.053 12.454 12.8558 13.2592 13.6619 14.0637 14.4625 14.8574 15.2465 15.6281 16.0003 16.3607 16.7076 17.0376 17.3493 17.6385 17.9037 18.1403 18.3467 18.5177 18.6519 18.7437 18.7917 18.7902 18.7382 18.6296 18.4642 18.236 17.9454 17.5868 17.1615 16.6645 16.0983 15.4587 14.7495 13.9676 13.1182 12.1992 11.2175 10.172 9.07123 7.91513 6.71372 5.46776 4.18859 2.87763 1.54727 0.199307 -1.15315 -2.50821 -3.85239
7.01262 7.43589 7.80218 8.18269 8.55326 8.9354 9.31625 9.70723 10.1002 10.5022 10.9075 11.3207 11.7377 12.1612 12.5882 13.02 13.4543 13.8914 14.3295 14.7678 15.2048 15.639 16.0688 16.492 16.9072 17.3113 17.7027 18.0777 18.4347 18.7691 19.0794 19.3603 19.61 19.8228 19.9969 20.126 20.2087 20.238 20.213 20.1266 19.9781 19.7609 19.4749 19.1138 18.6787 18.1637 17.5713 16.8967 16.1438 15.3089 14.3977 13.4077 12.3464 11.2126 10.0157 8.75581 7.44386 6.08108 4.67993 3.24244 1.78226 0.301923 -1.18412 -2.67321 -4.15046
7.2569 7.69235 8.07372 8.47014 8.85839 9.2591 9.66017 10.0724 10.4882 10.9141 11.3452 11.7853 12.231 12.6844 13.1433 13.6083 14.0778 14.5516 15.0282 15.5065 15.9854 16.4628 16.9377 17.4073 17.8703 18.3232 18.7648 19.1905 19.599 19.9851 20.3471 20.679 20.9792 21.2408 21.4621 21.6357 21.76 21.8271 21.8356 21.7775 21.6517 21.4504 21.1734 20.8132 20.3706 19.839 19.2206 18.5099 17.7107 16.8189 15.8405 14.7726 13.6234 12.3916 11.0875 9.71136 8.27531 6.78106 5.24236 3.66198 2.05501 0.424867 -1.21245 -2.85333 -4.48133
7.50489 7.95233 8.34914 8.76188 9.16844 9.58843 10.0106 10.445 10.8849 11.3361 11.7943 12.263 12.7392 13.2248 13.7178 14.2186 14.7261 15.2395 15.758 16.2799 16.8047 17.3297 17.8543 18.3751 18.8914 19.399 19.8968 20.3797 20.8466 21.2914 21.7127 22.1034 22.462 22.7807 23.0575 23.284 23.4582 23.5712 23.621 23.5986 23.5024 23.3233 23.0606 22.7058 22.2591 21.7129 21.0691 20.3214 19.4736 18.5209 17.4695 16.3163 15.0699 13.7293 12.3055 10.7991 9.22354 7.58113 5.88708 4.14508 2.37186 0.57192 -1.23698 -3.05007 -4.84909
7.75611 8.21528 8.62783 9.05722 9.4827 9.92263 10.3668 10.8244 11.2895 11.7672 12.2542 12.7531 13.2618 13.7815 14.3111 14.8503 15.3987 15.955 16.5189 17.0884 17.6632 18.2404 18.8197 19.3973 19.9728 20.5412 21.102 21.6494 22.1823 22.6939 23.1829 23.6413 24.0675 24.4526 24.7945 25.0836 25.3175 25.4859 25.5865 25.6087 25.5505 25.4013 25.1597 24.8159 24.3695 23.8117 23.144 22.359 21.4603 20.4426 19.312 18.0653 16.7117 15.25 13.6923 12.0398 10.307 8.49732 6.62748 4.70231 2.74042 0.74762 -1.2563 -3.26515 -5.25862
8.00996 8.48049 8.90902 9.35535 9.80029 10.2608 10.7278 11.2094 11.7009 12.2066 12.7237 13.2545 13.7977 14.3538 14.9223 15.5026 16.0949 16.6974 17.3105 17.9315 18.561 19.1952 19.8347 20.4749 21.1158 21.752 22.3833 23.003 23.6104 24.1979 24.7641 25.3002 25.8044 26.2668 26.685 27.0479 27.3529 27.5881 27.7507 27.8283 27.8183 27.7083 27.4964 27.1707 26.7305 26.1653 25.476 24.654 23.7028 22.6158 21.3997 20.0506 18.5782 16.9818 15.2742 13.4574 11.5473 9.54838 7.47924 5.34606 3.16965 0.957382 -1.26862 -3.50044 -5.71541
8.2658 8.74722 9.1919 9.65539 10.1203 10.6019 11.0925 11.5992 12.1182 12.6529 13.2018 13.7662 14.3457 14.9403 15.5503 16.1745 16.8138 17.466 18.1321 18.809 19.4978 20.1944 20.8997 21.6088 22.3221 23.0336 23.7434 24.4443 25.1356 25.809 26.4632 27.0884 27.6826 28.2347 28.7419 29.1919 29.5813 29.8968 30.1346 30.2806 30.3311 30.2721 30.1002 29.802 29.3756 28.8086 28.1014 27.2436 26.2384 25.0782 23.7697 22.3084 20.7048 18.9582 17.0826 15.0806 12.9701 10.7566 8.46104 6.09116 3.67027 1.20771 -1.27174 -3.7581 -6.22594
8.52289 9.01459 9.47552 9.95631 10.4416 10.9448 11.4598 11.9923 12.5398 13.1049 13.6869 14.2866 14.9044 15.5396 16.1936 16.8645 17.554 18.2595 18.9826 19.7198 20.473 21.2374 22.0148 22.7995 23.5926 24.3875 25.1848 25.9764 26.7621 27.5326 28.2868 29.0138 29.7115 30.3676 30.9787 31.5311 32.0206 32.4322 32.761 32.991 33.1172 33.1232 33.0046 32.7454 32.3426 31.7816 31.0615 30.1705 29.1107 27.8736 26.4654 24.8815 23.1326 21.2183 19.154 16.9431 14.6056 12.1484 9.59492 6.95507 4.255 1.50637 -1.26293 -4.04045 -6.79759
8.78041 9.2817 9.75889 10.257 10.763 11.2883 11.8282 12.3873 12.9644 13.5609 14.1775 14.814 15.472 16.1501 16.8506 17.571 18.314 19.0763 19.8606 20.6628 21.4855 22.3236 23.1795 24.047 24.9279 25.815 26.7093 27.6022 28.4939 29.374 30.2416 31.0849 31.9015 32.6777 33.4099 34.0825 34.6905 35.2169 35.6556 35.9883 36.2083 36.2969 36.2477 36.0422 35.6755 35.1306 34.4051 33.4848 32.371 31.0536 29.5385 27.8204 25.9106 23.8089 21.5321 19.085 16.4896 13.7549 10.9071 7.95866 4.93902 1.86268 -1.23885 -4.35017 -7.43902
9.03749 9.5475 10.0409 10.5563 11.0832 11.6308 12.1963 12.7827 13.3902 14.0192 14.6717 15.3466 16.0466 16.7696 17.519 18.2918 19.0915 19.9143 20.764 21.6359 22.5336 23.4514 24.3926 25.3506 26.3278 27.3165 28.3184 29.3241 30.3342 31.3377 32.3338 33.3096 34.2624 35.1774 36.0502 36.8637 37.6117 38.2749 38.8459 39.3037 39.6397 39.8322 39.8725 39.7391 39.4247 38.9092 38.1881 37.2448 36.079 34.6786 33.0492 31.1844 29.0963 26.7848 24.2686 21.5537 18.6648 15.6132 12.4287 9.1266 5.74036 2.2878 -1.19536 -4.69016 -8.16014
9.29315 9.81089 10.3202 10.8527 11.4008 11.971 12.5624 13.1766 13.8153 14.4778 15.1675 15.8821 16.6259 17.3959 18.1966 19.0244 19.8841 20.7712 21.6905 22.637 23.6152 24.619 25.6526 26.709 27.7915 28.8919 30.0125 31.1435 32.2859 33.428 34.5692 35.6955 36.8043 37.8792 38.9152 39.8933 40.8063 41.6324 42.3624 42.9722 43.451 43.7735 43.9283 43.89 43.6483 43.1796 42.4765 41.5191 40.3052 38.8203 37.0692 35.0444 32.7585 30.2118 27.4248 24.4055 21.1816 17.7674 14.1966 10.4883 6.68048 2.79505 -1.12742 -5.06374 -8.97256
9.54634 10.0707 10.5956 11.1449 11.7141 12.3069 12.9247 13.5671 14.2377 14.9345 15.6623 16.418 17.2072 18.026 18.8804 19.7659 20.6886 21.6436 22.6369 23.6628 24.7271 25.8233 26.9567 28.1198 29.3171 30.5398 31.7912 33.0609 34.3506 35.6479 36.9526 38.2496 39.5364 40.7951 42.0201 43.1904 44.2976 45.3171 46.2376 47.0317 47.6857 48.1702 48.4703 48.5559 48.4132 48.0136 47.3466 46.3878 45.1324 43.5631 41.6832 39.484 36.9784 34.1673 31.0736 27.7073 24.1 20.2696 16.2546 12.0786 7.78485 3.40031 -1.02888 -5.47451 -9.88959
9.79594 10.3256 10.8657 11.4314 12.0215 12.6369 13.2811 13.952 14.655 15.3868 16.1537 16.9516 17.7876 18.657 19.5671 20.5129 21.5018 22.5282 23.5995 24.7097 25.8658 27.0609 28.3016 29.58 30.9019 32.2581 33.653 35.0757 36.5289 37.9994 39.4878 40.9779 42.4674 43.9368 45.3802 46.7744 48.1096 49.3582 50.5068 51.5238 52.3922 53.0777 53.5612 53.8069 53.7963 53.495 52.8877 51.9451 50.6586 49.0071 46.992 44.6029 41.8532 38.7444 35.302 31.539 27.4915 23.1819 18.6547 13.9386 9.08366 4.12243 -0.892317 -5.92652 -10.9267
10.0407 10.5742 11.129 11.7104 12.3212 12.9589 13.6296 14.329 15.0648 15.8319 16.6387 17.4797 18.3638 19.2852 20.2531 21.2614 22.3192 23.4204 24.5739 25.773 27.0264 28.3269 29.6824 31.085 32.5416 34.0429 35.5946 37.1855 38.8194 40.4828 42.1768 43.8846 45.6042 47.3147 49.0098 50.6641 52.2664 53.7861 55.2069 56.4929 57.6231 58.5573 59.2712 59.7223 59.8858 59.7203 59.2042 58.3017 56.9992 55.2709 53.1153 50.5199 47.4984 44.0534 40.2134 35.9951 31.4406 26.5777 21.458 16.1171 10.6124 4.9837 -0.708836 -6.42423 -12.1016
10.2795 10.8152 11.3838 11.9802 12.6113 13.2709 13.9679 14.6958 15.4644 16.2671 17.1141 17.999 18.9321 19.9069 20.9341 22.0071 23.1364 24.3155 25.5548 26.8474 28.2035 29.6158 31.0937 32.6291 34.2307 35.889 37.6113 39.3864 41.2193 43.0964 45.0198 46.9722 48.952 50.9374 52.9217 54.8775 56.7921 58.6316 60.3768 61.9868 63.4358 64.6769 65.6793 66.3923 66.7832 66.8016 66.4179 65.5878 64.2912 62.4955 60.1959 57.377 54.0525 50.2262 45.931 41.1885 36.0476 30.5436 24.7368 18.671 12.4129 6.01021 -0.467891 -6.9726 -13.4347
10.5108 11.0469 11.6285 12.2389 12.8897 13.5705 14.2935 15.0495 15.8508 16.6891 17.5767 18.5058 19.4886 20.5178 21.6056 22.7449 23.948 25.2077 26.5363 27.9266 29.3905 30.9206 32.5281 34.2051 35.9619 37.7893 39.6964 41.672 43.7231 45.8359 48.014 50.24 52.5132 54.8108 57.1262 59.4303 61.7089 63.9248 66.0554 68.0546 69.891 71.5099 72.8726 73.9181 74.6039 74.8681 74.6709 73.9566 72.6961 70.8487 68.4042 65.3435 61.6803 57.4205 52.6018 47.2526 41.4309 35.1815 28.5754 21.6669 14.5332 7.23222 -0.15715 -7.57709 -14.9491
10.7333 11.2679 11.8614 12.4848 13.1544 13.8557 14.6039 15.3874 16.2211 17.0947 18.0227 18.9961 20.029 21.1131 22.2625 23.4695 24.7481 26.0908 27.5117 29.0033 30.5797 32.2332 33.9774 35.8042 37.7263 39.7347 41.8407 44.0336 46.3225 48.694 51.1537 53.6844 56.2866 58.9373 61.6305 64.3352 67.0366 69.6939 72.2814 74.7469 77.053 79.1357 80.9467 82.4129 83.4791 84.0689 84.1284 83.5879 82.4057 80.5302 77.9436 74.6223 70.5795 65.8238 60.4 54.3454 47.7297 40.6103 33.0718 25.1812 17.029 8.68433 0.237491 -8.24375 -16.6709
