MFC+VTK/函数库及接口制作/重磁三维基本处理/石达三分量转换及求梯度/立方体磁异常→ΔHy分量.grd
DSAA
127 128
0.000000 992.125977
0.000000 1200.000000
-675.968140 661.508179
[rows 52 to 77 of 128, columns 0 to 58 of 127]
8.701828 8.448263 8.630754 8.814876 9.157509 9.516350 9.987024 10.486792 11.085746 11.727666 12.469074 13.269560 14.177961 15.165115 16.275652 17.489574 18.849907 20.345259 22.019257 23.869362 25.942249 28.245481 30.831516 33.720196 36.973434 40.626900 44.756607 49.418980 54.711029 60.717167 67.564163 75.374435 84.316307 94.563232 106.339500 119.884048 135.491348 153.476944 174.209091 198.069321 225.464417 256.763580 292.263397 332.062592 375.927734 423.044006 471.739166 519.156128 561.102600 592.305420 607.432251 602.763794 577.758972 535.348572 480.713745 419.432556 356.118042 293.893982 234.489105
8.325556 8.021210 8.161262 8.299621 8.597008 8.906940 9.327222 9.772356 10.313783 10.893150 11.567876 12.295629 13.125756 14.027321 15.045110 16.157331 17.406832 18.780359 20.320972 22.024063 23.935350 26.060034 28.449152 31.119715 34.131725 37.517479 41.350407 45.682968 50.608814 56.207745 62.602398 69.909966 78.294052 87.922546 99.014938 111.805084 126.583702 143.663284 163.411682 186.212265 212.478149 242.589554 276.860809 315.415466 358.053467 404.001007 451.634521 498.149689 539.408569 570.187744 585.196228 580.741638 556.293030 514.773010 461.338562 401.530701 339.918274 279.578247 222.194855
7.933927 7.579901 7.677068 7.769213 8.020338 8.280314 8.648707 9.037600 9.519526 10.034179 10.639619 11.291777 12.040294 12.852511 13.773206 14.778812 15.911851 17.157101 18.556902 20.104485 21.844355 23.779152 25.958229 28.395523 31.148655 34.246185 37.758392 41.733215 46.260185 51.413658 57.311142 64.063438 71.828087 80.765923 91.089905 103.026924 116.862007 132.902649 151.514343 173.080856 198.020905 226.726013 259.530243 296.586243 337.734070 382.250946 428.574646 473.968781 514.365662 544.606995 559.454834 555.250305 531.473206 491.031799 439.047668 381.010376 321.429047 263.319885 208.311005
7.528894 7.126633 7.180810 7.226637 7.430884 7.640242 7.955708 8.287263 8.708249 9.156612 9.690862 10.265311 10.929708 11.649793 12.470110 13.365442 14.377698 15.489798 16.743122 18.128681 19.689545 21.425743 23.384550 25.576731 28.057034 30.850109 34.022419 37.616982 41.718410 46.394920 51.757813 57.910419 65.002747 73.186958 82.667511 93.662148 106.447617 121.323631 138.650497 158.809509 182.222580 209.291061 240.369034 275.640717 314.992767 357.763916 402.468597 446.458282 485.757904 515.296875 529.908875 525.979858 503.001495 463.859009 413.621338 357.704590 300.535889 245.050552 192.805542
7.112485 6.663808 6.675200 6.674995 6.832110 6.990608 7.252578 7.526196 7.885365 8.266505 8.728348 9.223757 9.802406 10.428549 11.146361 11.928960 12.817583 13.793269 14.896259 16.115379 17.492044 19.023590 20.754992 22.693670 24.891218 27.368061 30.186441 33.383991 37.039742 41.215065 46.014057 51.531467 57.908291 65.286270 73.859154 83.832932 95.472878 109.067345 124.967163 143.546860 165.226868 190.414612 219.481659 252.644302 289.840454 330.481323 373.176422 415.390839 453.274200 481.876953 496.133514 492.493103 470.461578 432.887543 384.760590 331.390411 277.088898 224.683014 175.639221
6.686779 6.193848 6.162992 6.117399 6.227495 6.335322 6.543676 6.759277 7.056314 7.369912 7.758832 8.174676 8.666841 9.198224 9.812488 10.481231 11.244796 12.082439 13.033131 14.083512 15.273204 16.596807 18.096819 19.777220 21.686220 23.839741 26.295528 29.085386 32.282269 35.939995 40.154602 45.011139 50.640148 57.171154 64.784775 73.672379 84.084091 96.292336 110.633102 127.467850 147.208755 170.262344 197.011765 227.702332 262.324890 300.373047 340.572052 380.533630 416.575958 443.919556 457.644226 454.291077 433.384949 397.716339 352.154755 301.853668 250.962814 202.164001 156.809647
6.253941 5.719205 5.646969 5.556956 5.620548 5.678292 5.833379 5.991373 6.226525 6.472894 6.789095 7.125598 7.531425 7.968251 8.479065 9.034074 9.672591 10.372230 11.170518 12.052011 13.054368 14.169555 15.437387 16.858410 18.477222 20.305191 22.395224 24.773104 27.505156 30.637220 34.256447 38.437252 43.298302 48.955235 55.573151 63.325779 72.444000 83.179344 95.846489 110.786018 128.392624 149.061813 173.178238 201.008011 232.591904 267.512299 304.630829 341.745087 375.399445 401.054138 414.000946 410.917419 391.354980 358.013336 315.580017 268.980133 222.136856 177.540436 136.403625
5.816127 5.242325 5.129849 4.996749 5.014683 5.023371 5.125938 5.227251 5.401293 5.581370 5.825684 6.083888 6.404373 6.747805 7.156343 7.598982 8.113911 8.677158 9.324765 10.039301 10.856380 11.765393 12.803412 13.967572 15.298754 16.803783 18.530474 20.498529 22.767305 25.374321 28.397223 31.899071 35.985504 40.756790 46.360340 52.949429 60.731747 69.932762 80.838943 93.761292 109.066025 127.124718 148.309113 172.892197 200.954742 232.167236 265.544556 299.111877 329.710449 353.133636 364.980438 362.131561 344.176666 313.676056 275.044922 232.880325 190.795898 151.037445 114.654259
5.375480 4.765606 4.614339 4.439771 4.413270 4.374255 4.425534 4.471504 4.585771 4.701044 4.875014 5.056633 5.293621 5.545730 5.854243 6.187065 6.581176 7.011197 7.511610 8.063130 8.699288 9.407008 10.220616 11.133963 12.184144 13.373545 14.744857 16.311670 18.126253 20.217665 22.653698 25.485638 28.805294 32.696461 37.287289 42.708199 49.140442 56.778728 65.874969 76.701981 89.586136 104.860687 122.867157 143.866425 167.961456 194.900986 223.860336 253.129730 279.924530 300.485504 310.845184 308.180481 292.136261 265.065155 230.987488 194.044632 157.444794 123.136971 91.991722
4.934143 4.291365 4.103024 3.888895 3.819490 3.734527 3.736073 3.728558 3.784820 3.837341 3.943070 4.050553 4.206620 4.370353 4.582074 4.808720 5.086069 5.387453 5.745773 6.140075 6.601820 7.115620 7.713075 8.384956 9.164644 10.050217 11.079357 12.259705 13.636525 15.230477 17.099483 19.282953 21.858641 24.893364 28.495031 32.769932 37.870541 43.957645 51.243618 59.956188 70.372101 82.773026 97.452957 114.639709 134.435608 156.648224 180.607666 204.893005 227.163452 244.227509 252.697464 250.160187 236.337311 213.288376 184.492416 153.494080 123.002472 94.630081 69.068008
4.494195 3.821881 3.598388 3.346868 3.236401 3.107532 3.061317 3.002518 3.003030 2.995349 3.035527 3.071911 3.150336 3.229446 3.348494 3.473618 3.639384 3.818052 4.040868 4.285453 4.581228 4.910723 5.302917 5.745687 6.268872 6.866587 7.571630 8.386076 9.348372 10.471259 11.802977 13.371514 15.240705 17.460758 20.119268 23.298229 27.120707 31.712242 37.243359 43.892899 51.881901 61.431572 72.775345 86.090546 101.457100 118.718407 137.342484 156.200882 173.440125 186.531967 192.798706 190.345825 178.991776 160.418396 137.426361 112.843765 88.815277 66.601669 46.729187
4.057596 3.359252 3.102793 2.816274 2.666823 2.496382 2.404708 2.297197 2.244588 2.179696 2.157531 2.126394 2.131098 2.130039 2.161272 2.190470 2.250829 2.313801 2.409023 2.512897 2.652831 2.809626 3.009673 3.238331 3.522129 3.851545 4.254870 4.729033 5.306186 5.991721 6.824848 7.822915 9.036683 10.500665 12.283236 14.443227 17.075350 20.271076 24.159876 28.872017 34.572338 41.419411 49.581661 59.177746 70.252731 82.668495 96.011215 109.430038 121.560860 130.570602 134.550659 132.179733 123.380325 109.407394 92.312851 74.160339 56.517921 40.308590 25.916864
3.626318 2.905493 2.618402 2.299473 2.113371 1.903968 1.769417 1.616018 1.513340 1.394594 1.313710 1.219132 1.154578 1.078375 1.027398 0.966942 0.928975 0.884203 0.860871 0.834246 0.829945 0.827227 0.850169 0.881930 0.945986 1.029681 1.157184 1.320954 1.547397 1.835433 2.216179 2.697480 3.318352 4.099271 5.091400 6.332727 7.892465 9.831399 12.241958 15.210452 18.850697 23.264351 28.560158 34.802605 42.003170 50.038036 58.597893 67.082413 74.574738 79.883308 81.813881 79.577400 73.186249 63.486259 51.824799 39.557007 27.726423 16.955711 7.509664
3.202125 2.462459 2.147216 1.798586 1.578379 1.332824 1.158185 0.962084 0.812610 0.643731 0.508059 0.354552 0.225624 0.079813 -0.047290 -0.190441 -0.319023 -0.462736 -0.594811 -0.740701 -0.876543 -1.024273 -1.161959 -1.308209 -1.442294 -1.579462 -1.699195 -1.812755 -1.898772 -1.963735 -1.983560 -1.958394 -1.859270 -1.677532 -1.376627 -0.936003 -0.307844 0.543160 1.678746 3.149396 5.027662 7.369916 10.238921 13.659470 17.622707 22.026520 26.659163 31.136267 34.911152 37.307632 37.691368 35.679722 31.343250 25.199583 18.038704 10.652347 3.661234 -2.558951 -7.846036
2.786681 2.031842 1.691009 1.315616 1.063922 0.785204 0.573483 0.338061 0.145283 -0.069755 -0.255920 -0.463584 -0.651640 -0.861173 -1.057839 -1.276287 -1.487277 -1.720570 -1.950890 -2.204121 -2.458030 -2.735383 -3.016225 -3.320422 -3.629743 -3.961394 -4.297997 -4.653770 -5.011543 -5.382109 -5.747201 -6.113229 -6.459450 -6.786409 -7.069256 -7.300885 -7.450090 -7.500846 -7.414486 -7.166487 -6.713793 -6.030511 -5.083044 -3.867620 -2.396120 -0.738428 0.983545 2.559764 3.718361 4.142966 3.569590 1.870483 -0.859232 -4.325579 -8.112865 -11.815259 -15.112940 -17.815847 -19.847464
2.381566 1.615129 1.251426 0.852147 0.571840 0.263012 0.017392 -0.253870 -0.486197 -0.743302 -0.975441 -1.232283 -1.473926 -1.741032 -2.000426 -2.286523 -2.571280 -2.884518 -3.202148 -3.550395 -3.908390 -4.299526 -4.705432 -5.146986 -5.607940 -6.107002 -6.629283 -7.191275 -7.779073 -8.406750 -9.060427 -9.751267 -10.464633 -11.207848 -11.964512 -12.737160 -13.506187 -14.268741 -15.001405 -15.696264 -16.327879 -16.887171 -17.353910 -17.729351 -18.014666 -18.242811 -18.459431 -18.747210 -19.196451 -19.905024 -20.928244 -22.261829 -23.809725 -25.412149 -26.872244 -28.015089 -28.709660 -28.891123 -28.547890
1.988140 1.213686 0.829829 0.409648 0.103589 -0.232139 -0.508372 -0.811899 -1.079941 -1.374794 -1.648339 -1.949171 -2.238805 -2.557115 -2.872263 -3.218165 -3.567955 -3.951220 -4.345154 -4.775893 -5.223893 -5.712772 -6.225598 -6.783820 -7.372788 -8.012177 -8.689116 -9.421522 -10.198013 -11.034761 -11.921226 -12.871607 -13.875525 -14.944713 -16.068401 -17.255074 -18.492397 -19.785149 -21.118563 -22.493254 -23.892019 -25.311834 -26.734760 -28.156811 -29.562378 -30.950266 -32.309677 -33.640488 -34.927711 -36.154263 -37.275784 -38.233040 -38.940529 -39.312584 -39.266872 -38.750847 -37.737789 -36.236935 -34.279270
1.607670 0.828631 0.427362 -0.010705 -0.339591 -0.699016 -1.002565 -1.334626 -1.634489 -1.962799 -2.273040 -2.612684 -2.944582 -3.307769 -3.671623 -4.069438 -4.475529 -4.919006 -5.378208 -5.879055 -6.403119 -6.973957 -7.575854 -8.230431 -8.924384 -9.677757 -10.479238 -11.347504 -12.272905 -13.272836 -14.338883 -15.486941 -16.709326 -18.020035 -19.411549 -20.895323 -22.462740 -24.121868 -25.861645 -27.685265 -29.577511 -31.534613 -33.534927 -35.565094 -37.593319 -39.592442 -41.515560 -43.316265 -44.927528 -46.281757 -47.296982 -47.899349 -48.017162 -47.603897 -46.631798 -45.105595 -43.048431 -40.506512 -37.533669
1.241242 0.460921 0.044994 -0.408009 -0.756764 -1.136682 -1.464182 -1.821141 -2.148878 -2.506319 -2.848590 -3.221863 -3.590353 -3.992110 -4.397712 -4.839694 -5.293443 -5.787520 -6.301234 -6.860121 -7.446688 -8.084249 -8.758035 -9.489532 -10.266427 -11.108795 -12.006351 -12.977975 -14.015121 -15.135578 -16.332125 -17.621260 -18.996588 -20.472864 -22.043886 -23.721861 -25.499285 -27.384602 -29.367056 -31.448971 -33.613434 -35.852951 -38.140137 -40.452633 -42.746468 -44.978386 -47.082539 -48.991745 -50.619457 -51.883125 -52.693893 -52.981159 -52.686390 -51.783516 -50.268291 -48.167988 -45.524723 -42.398300 -38.851173
0.889756 0.111334 -0.316576 -0.781579 -1.147291 -1.544526 -1.892645 -2.270880 -2.622625 -3.004937 -3.374624 -3.776418 -4.175947 -4.610121 -5.050679 -5.529308 -6.022391 -6.557772 -7.115685 -7.721051 -8.357244 -9.047059 -9.776496 -10.566686 -11.405966 -12.314108 -13.281486 -14.326686 -15.441776 -16.644245 -17.927397 -19.307425 -20.778267 -22.354263 -24.029207 -25.814585 -27.702372 -29.699572 -31.794010 -33.985374 -36.253761 -38.587257 -40.953350 -43.323177 -45.645710 -47.870186 -49.923969 -51.734886 -53.214668 -54.282848 -54.857063 -54.876286 -54.293289 -53.092705 -51.278999 -48.885296 -45.956963 -42.554802 -38.740860
0.554001 -0.219536 -0.656807 -1.130981 -1.510776 -1.922210 -2.287721 -2.683658 -3.055624 -3.458650 -3.851269 -4.276653 -4.701829 -5.162473 -5.631507 -6.139548 -6.664033 -7.231899 -7.824251 -8.465235 -9.138990 -9.867587 -10.637685 -11.469745 -12.352627 -13.305458 -14.318997 -15.411152 -16.574215 -17.824898 -19.156530 -20.584347 -22.102015 -23.722645 -25.439304 -27.261827 -29.180880 -31.201172 -33.308418 -35.499298 -37.750938 -40.047737 -42.353855 -44.636822 -46.843258 -48.920902 -50.798244 -52.406441 -53.664013 -54.499626 -54.841896 -54.640575 -53.857655 -52.483524 -50.524902 -48.013561 -44.991226 -41.513828 -37.638386
0.234575 -0.531280 -0.975381 -1.455996 -1.847116 -2.269732 -2.649463 -3.059676 -3.448202 -3.867936 -4.279168 -4.723415 -5.169112 -5.650570 -6.141903 -6.672569 -7.220999 -7.813102 -8.430819 -9.097381 -9.797588 -10.552664 -11.349780 -12.208555 -13.118222 -14.097007 -15.135864 -16.251759 -17.436930 -18.706970 -20.054918 -21.494684 -23.019264 -24.640129 -26.349260 -28.154451 -30.044785 -32.022507 -34.071320 -36.185169 -38.339024 -40.514870 -42.675453 -44.787380 -46.798229 -48.658222 -50.301018 -51.665150 -52.679035 -53.282463 -53.415504 -53.037865 -52.118904 -50.652351 -48.644550 -46.123455 -43.124878 -39.697773 -35.892307
-0.068055 -0.823655 -1.272158 -1.756628 -2.156368 -2.587303 -2.978229 -3.399424 -3.800994 -4.233635 -4.659370 -5.118018 -5.579364 -6.076350 -6.584202 -7.131175 -7.696619 -8.305378 -8.940135 -9.623137 -10.339747 -11.110233 -11.922215 -12.794295 -13.715971 -14.704445 -15.750698 -16.870562 -18.056074 -19.321537 -20.659502 -22.082342 -23.582251 -25.168936 -26.833153 -28.580671 -30.399063 -32.288368 -34.230709 -36.217968 -38.223976 -40.229622 -42.197849 -44.096401 -45.875847 -47.491028 -48.882629 -49.997746 -50.775253 -51.165642 -51.119461 -50.604858 -49.596951 -48.091732 -46.094341 -43.628494 -40.723934 -37.422485 -33.767330
-0.353584 -1.096568 -1.547181 -2.033050 -2.438877 -2.875395 -3.274621 -3.703697 -4.114990 -4.556953 -4.993331 -5.462183 -5.934673 -6.442261 -6.961300 -7.518772 -8.094917 -8.713442 -9.357737 -10.048976 -10.773065 -11.549211 -12.365384 -13.239160 -14.160164 -15.144497 -16.183083 -17.290537 -18.458605 -19.700220 -21.007372 -22.390894 -23.842140 -25.369083 -26.961390 -28.622990 -30.340248 -32.111408 -33.917606 -35.749454 -37.580582 -39.391850 -41.147701 -42.818142 -44.357990 -45.727489 -46.874794 -47.755497 -48.318134 -48.522663 -48.328564 -47.710892 -46.649445 -45.141666 -43.191597 -40.819077 -38.048458 -34.915199 -31.455971
-0.621827 -1.350077 -1.800646 -2.285618 -2.695127 -3.134671 -3.539473 -3.973515 -4.391422 -4.839358 -5.282791 -5.757982 -6.237440 -6.751131 -7.276493 -7.839193 -8.420357 -9.042480 -9.689642 -10.381901 -11.105638 -11.878985 -12.690226 -13.555806 -14.465499 -15.434210 -16.452814 -17.534653 -18.671175 -19.873945 -21.134434 -22.461962 -23.847166 -25.296434 -26.798567 -28.355930 -29.954069 -31.589951 -33.244297 -34.907135 -36.552643 -38.162514 -39.703442 -41.148380 -42.456779 -43.594490 -44.516800 -45.186932 -45.561951 -45.609802 -45.297379 -44.605251 -43.516979 -42.031254 -40.151028 -37.893047 -35.277161 -32.333401 -29.092762
-0.872745 -1.584358 -2.032899 -2.514847 -2.925798 -3.365980 -3.773828 -4.210136 -4.631775 -5.082595 -5.529788 -6.007774 -6.490407 -7.006124 -7.533434 -8.096667 -8.677786 -9.298078 -9.942286 -10.629292 -11.345978 -12.109338 -12.907955 -13.757147 -14.646789 -15.590631 -16.579466 -17.625389 -18.719597 -19.872341 -21.074648 -22.334461 -23.641851 -25.001818 -26.402588 -27.845268 -29.314993 -30.807913 -32.304832 -33.795761 -35.255997 -36.668564 -38.002846 -39.234989 -40.329098 -41.256271 -41.978252 -42.464989 -42.680698 -42.599960 -42.195641 -41.452862 -40.358162 -38.911133 -37.114037 -34.981155 -32.528687 -29.782204 -26.767899
