MFC+VTK/函数库及接口制作/重磁三维基本处理/石达三分量转换及求梯度/立方体磁异常→ΔHx分量.grd
DSAA
127 128
0.000000 992.125977
0.000000 1200.000000
-814.783752 624.013123
[rows 0 to 24 of 128, columns 0 to 57 of 127]
4.099110 4.247506 4.401637 4.561559 4.727385 4.899195 5.077114 5.261230 5.451622 5.648393 5.851626 6.061374 6.277708 6.500661 6.730273 6.966558 7.209493 7.459068 7.715235 7.977907 8.246998 8.522363 8.803857 9.091269 9.384372 9.682907 9.986553 10.294974 10.607759 10.924473 11.244641 11.567728 11.893145 12.220277 12.548428 12.876899 13.204899 13.531619 13.856198 14.177735 14.495295 14.807917 15.114590 15.414292 15.706002 15.988645 16.261173 16.522533 16.771687 17.007576 17.229263 17.435705 17.626001 17.799295 17.954752 18.091585 18.209148 18.306808
4.031177 4.184903 4.345158 4.511876 4.685211 4.865265 5.052218 5.246202 5.447349 5.655811 5.871731 6.095214 6.326392 6.565349 6.812189 7.066976 7.329748 7.600546 7.879378 8.166206 8.460990 8.763626 9.074015 9.391970 9.717293 10.049741 10.389006 10.734750 11.086549 11.443951 11.806436 12.173429 12.544277 12.918284 13.294656 13.672583 14.051148 14.429401 14.806312 15.180800 15.551731 15.917930 16.278162 16.631178 16.975674 17.310318 17.633804 17.944803 18.241961 18.523983 18.789568 19.037483 19.266548 19.475571 19.663534 19.829395 19.972328 20.091499
3.976383 4.134666 4.300112 4.472622 4.652358 4.839453 5.034121 5.236536 5.446874 5.665336 5.892112 6.127357 6.371250 6.623935 6.885560 7.156248 7.436081 7.725157 8.023529 8.331208 8.648198 8.974441 9.309867 9.654330 10.007651 10.369615 10.739921 11.118237 11.504139 11.897158 12.296745 12.702291 13.113088 13.528374 13.947272 14.368892 14.792190 15.216095 15.639436 16.060978 16.479406 16.893358 17.301395 17.702036 18.093781 18.475029 18.844259 19.199835 19.540194 19.863771 20.169008 20.454416 20.718521 20.959948 21.177450 21.369768 21.535860 21.674715
3.915282 4.078214 4.248898 4.427258 4.613485 4.807743 5.010290 5.221341 5.441129 5.669899 5.907899 6.155336 6.412453 6.679444 6.956520 7.243862 7.541614 7.849927 8.168917 8.498647 8.839173 9.190488 9.552571 9.925312 10.308572 10.702159 11.105796 11.519162 11.941833 12.373328 12.813075 13.260433 13.714638 14.174871 14.640165 15.109524 15.581801 16.055773 16.530121 17.003429 17.474203 17.940870 18.401749 18.855143 19.299269 19.732273 20.152334 20.557556 20.946081 21.316038 21.665567 21.992884 22.296263 22.574053 22.824699 23.046747 23.238880 23.399940
3.853822 4.021183 4.196812 4.380699 4.573064 4.774115 4.984152 5.203438 5.432254 5.670904 5.919685 6.178869 6.448751 6.729594 7.021664 7.325211 7.640437 7.967561 8.306756 8.658151 9.021860 9.397930 9.786389 10.187187 10.600219 11.025327 11.462267 11.910734 12.370314 12.840524 13.320773 13.810391 14.308578 14.814440 15.326941 15.844987 16.367308 16.892551 17.419243 17.945789 18.470495 18.991573 19.507107 20.015148 20.513643 21.000462 21.473478 21.930492 22.369331 22.787823 23.183771 23.555096 23.899773 24.215818 24.501421 24.754875 24.974611 25.159248
3.785158 3.956975 4.137561 4.326982 4.525510 4.733404 4.951010 5.178648 5.416657 5.665396 5.925226 6.196483 6.479529 6.774696 7.082321 7.402723 7.736177 8.082976 8.443364 8.817541 9.205689 9.607927 10.024345 10.454947 10.899685 11.358450 11.831031 12.317158 12.816423 13.328365 13.852372 14.387753 14.933666 15.489160 16.053118 16.624344 17.201445 17.782934 18.367153 18.952324 19.536531 20.117752 20.693808 21.262474 21.821377 22.368086 22.900120 23.414946 23.910055 24.382872 24.830862 25.251600 25.642660 26.001781 26.326784 26.615648 26.866566 27.077875
3.712621 3.888716 4.074042 4.268760 4.473195 4.687667 4.912577 5.148301 5.395237 5.653814 5.924452 6.207562 6.503575 6.812900 7.135945 7.473113 7.824756 8.191249 8.572914 8.970034 9.382870 9.811620 10.256442 10.717419 11.194563 11.687825 12.197040 12.721984 13.262280 13.817476 14.386970 14.970049 15.565840 16.173338 16.791355 17.418598 18.053547 18.694563 19.339821 19.987339 20.634981 21.280458 21.921314 22.555012 23.178867 23.790087 24.385830 24.963177 25.519213 26.050964 26.555523 27.030031 27.471691 27.877850 28.245926 28.573631 28.858767 29.099413
3.631835 3.812159 4.002165 4.202117 4.412409 4.633425 4.865628 5.109457 5.365386 5.633906 5.915512 6.210691 6.519959 6.843803 7.182720 7.537200 7.907687 8.294645 8.698493 9.119604 9.558335 10.014972 10.489767 10.982881 11.494413 12.024384 12.572696 13.139174 13.723495 14.325230 14.943781 15.578452 16.228329 16.892363 17.569298 18.257732 18.956032 19.662397 20.374809 21.091084 21.808828 22.525469 23.238235 23.944262 24.640478 25.323692 25.990671 26.638031 27.262409 27.860418 28.428610 28.963703 29.462460 29.921741 30.338614 30.710285 31.034277 31.308264
3.545030 3.729374 3.923818 4.128748 4.344620 4.571905 4.811120 5.062784 5.327435 5.605649 5.897992 6.205046 6.527400 6.865644 7.220360 7.592142 7.981532 8.389100 8.815364 9.260812 9.725900 10.211027 10.716542 11.242713 11.789734 12.357716 12.946646 13.556418 14.186773 14.837325 15.507513 16.196638 16.903784 17.627859 18.367552 19.121365 19.887535 20.664112 21.448879 22.239426 23.033081 23.826981 24.618015 25.402931 26.178268 26.940384 27.685556 28.409960 29.109694 29.780825 30.419439 31.021694 31.583809 32.102192 32.573330 32.994102 33.361504 33.672886
3.448892 3.637124 3.835861 4.045615 4.266922 4.500334 4.746442 5.005844 5.279158 5.567043 5.870151 6.189157 6.524747 6.877613 7.248442 7.637937 8.046756 8.475581 8.925056 9.395788 9.888358 10.403289 10.941057 11.502047 12.086574 12.694854 13.326984 13.982952 14.662575 15.365547 16.091333 16.839285 17.608475 18.397787 19.205868 20.031115 20.871655 21.725365 22.589840 23.462408 24.340117 25.219761 26.097858 26.970747 27.834473 28.684935 29.517855 30.328850 31.113436 31.867083 32.585258 33.263508 33.897449 34.482868 35.015778 35.492390 35.909290 36.263344
3.345010 3.536860 3.739586 3.953841 4.180241 4.419436 4.672086 4.938879 5.220513 5.517745 5.831316 6.162004 6.510595 6.877900 7.264716 7.671867 8.100140 8.550354 9.023279 9.519666 10.040235 10.585663 11.156555 11.753449 12.376798 13.026958 13.704151 14.408484 15.139883 15.898129 16.682774 17.493198 18.328514 19.187603 20.069057 20.971216 21.892080 22.829369 23.780457 24.742428 25.712023 26.685665 27.659470 28.629288 29.590683 30.538961 31.469290 32.376610 33.255760 34.101566 34.908772 35.672222 36.386810 37.047707 37.650139 38.189823 38.662670 39.065056
3.230634 3.425876 3.632343 3.850840 4.082073 4.326787 4.585728 4.859675 5.149423 5.455825 5.779722 6.122006 6.483577 6.865366 7.268301 7.693344 8.141419 8.613498 9.110501 9.633343 10.182904 10.760027 11.365492 12.000000 12.664181 13.358547 14.083484 14.839244 15.625898 16.443344 17.291237 18.169039 19.075903 20.010744 20.972126 21.958328 22.967237 23.996416 25.043032 26.103888 27.175396 28.253590 29.334108 30.412317 31.483168 32.541344 33.581310 34.597301 35.583378 36.533573 37.441772 38.302044 39.108486 39.855358 40.537239 41.149017 41.685974 42.143829
3.107001 3.305282 3.515099 3.737417 3.973040 4.222820 4.487583 4.768220 5.065614 5.380727 5.714513 6.067982 6.442153 6.838101 7.256886 7.699625 8.167398 8.661343 9.182552 9.732123 10.311119 10.920584 11.561482 12.234726 12.941133 13.681425 14.456174 15.265823 16.110611 16.990601 17.905586 18.855145 19.838514 20.854652 21.902145 22.979221 24.083683 25.212942 26.363953 27.533237 28.716845 29.910397 31.109041 32.307533 33.500206 34.681023 35.843651 36.981518 38.087749 39.155495 40.177704 41.147446 42.057888 42.902363 43.674515 44.368378 44.978447 45.499683
2.971750 3.172741 3.385546 3.611299 3.850916 4.105350 4.375535 4.662454 4.967107 5.290565 5.633902 5.998255 6.384786 6.794709 7.229243 7.689668 8.177242 8.693288 9.239095 9.815963 10.425170 11.067979 11.745589 12.459138 13.209687 13.998190 14.825457 15.692152 16.598745 17.545498 18.532383 19.559147 20.625143 21.729427 22.870630 24.046968 25.256170 26.495523 27.761765 29.051132 30.359297 31.681421 33.012093 34.345448 35.675060 36.994102 38.295334 39.571190 40.813839 42.015282 43.167393 44.262138 45.291515 46.247784 47.123516 47.911697 48.605892 49.200222
2.825826 3.029077 3.244367 3.473020 3.716059 3.974559 4.249546 4.542125 4.853398 5.184568 5.536826 5.911456 6.309758 6.733115 7.182906 7.660597 8.167639 8.705564 9.275870 9.880097 10.519761 11.196383 11.911416 12.666278 13.462304 14.300731 15.182647 16.109003 17.080532 18.097759 19.160902 20.269907 21.424322 22.623343 23.865685 25.149599 26.472792 27.832426 29.225046 30.646605 32.092392 33.557076 35.034634 36.518490 38.001408 39.475632 40.932896 42.364532 43.761494 45.114555 46.414314 47.651386 48.816460 49.900490 50.894779 51.791164 52.581985 53.260410
2.667181 2.872242 3.089528 3.320552 3.566463 3.828447 4.107647 4.405281 4.722577 5.060855 5.421455 5.805800 6.215355 6.651670 7.116313 7.610944 8.137233 8.696935 9.291798 9.923615 10.594180 11.305299 12.058736 12.856216 13.699404 14.589866 15.529034 16.518187 17.558401 18.650520 19.795067 20.992277 22.241938 23.543455 24.895695 26.296999 27.745077 29.237030 30.769224 32.337334 33.936249 35.560104 37.202232 38.855270 40.511051 42.160755 43.794960 45.403698 46.976540 48.502808 49.971554 51.371864 52.692852 53.923916 55.054901 56.076157 56.978722 57.754539
2.496591 2.702901 2.921555 3.154277 3.402336 3.667051 3.949667 4.251536 4.574007 4.918536 5.286602 5.679794 6.099739 6.548175 7.026869 7.537697 8.082562 8.663475 9.282443 9.941560 10.642921 11.388669 12.180900 13.021714 13.913146 14.857163 15.855588 16.910114 18.022223 19.193153 20.423822 21.714823 23.066277 24.477880 25.948732 27.477329 29.061470 30.698231 32.383839 34.113716 35.882343 37.683327 39.509281 41.351955 43.202175 45.049923 46.884396 48.694176 50.467194 52.191067 53.853069 55.440430 56.940411 58.340626 59.629055 60.794411 61.826160 62.714764
2.312259 2.519245 2.738637 2.972371 3.221855 3.488529 3.773770 4.079044 4.405840 4.755751 5.130413 5.531576 5.961054 6.420779 6.912736 7.439030 8.001823 8.603398 9.246070 9.932241 10.664366 11.444944 12.276480 13.161479 14.102420 15.101726 16.161695 17.284508 18.472130 19.726303 21.048424 22.439545 23.900223 25.430553 27.029963 28.697201 30.430223 32.226173 34.081200 35.990505 37.948177 39.947243 41.979576 44.035969 46.106071 48.178516 50.240955 52.280205 54.282337 56.232941 58.117165 59.920067 61.626728 63.222527 64.693382 66.025917 67.207710 68.227539
2.114907 2.321880 2.541240 2.775159 3.025174 3.292866 3.579726 3.887359 4.217383 4.571543 4.951633 5.359578 5.797381 6.267188 6.771207 7.311797 7.891399 8.512595 9.178018 9.890444 10.652696 11.467702 12.338396 13.267775 14.258814 15.314472 16.437595 17.630949 18.897095 20.238363 21.656755 23.153913 24.730946 26.388470 28.126368 29.943773 31.838936 33.809132 35.850544 37.958191 40.125820 42.345894 44.609478 46.906326 49.224773 51.551929 53.873657 56.174763 58.439064 60.649818 62.789646 64.841011 66.786331 68.608459 70.290688 71.817268 73.173508 74.346107
1.902929 2.109185 2.327736 2.560987 2.810626 3.078361 3.365813 3.674722 4.006847 4.364087 4.748395 5.161886 5.606760 6.085379 6.600204 7.153857 7.749079 8.388775 9.075940 9.813735 10.605416 11.454367 12.364031 13.337934 14.379642 15.492718 16.680670 17.946930 19.294771 20.727259 22.247120 23.856722 25.557890 27.351925 29.239325 31.219761 33.291908 35.453346 37.700390 40.027981 42.429569 44.897079 47.420734 49.989170 52.589272 55.206379 57.824318 60.425507 62.991211 65.501823 67.936974 70.276039 72.498314 74.583412 76.511711 78.264465 79.824326 81.175453
1.677037 1.881758 2.098584 2.330175 2.578361 2.844987 3.131805 3.440689 3.773542 4.132415 4.519434 4.936901 5.387223 5.873000 6.396941 6.961956 7.571102 8.227637 8.934937 9.696590 10.516325 11.398040 12.345728 13.363538 14.455679 15.626427 16.880045 18.220757 19.652683 21.179752 22.805588 24.533459 26.366093 28.305658 30.353472 32.509945 34.774391 37.144871 39.617985 42.188759 44.850445 47.594460 50.410206 53.285072 56.204399 59.151524 62.107868 65.053169 67.965538 70.822060 73.598793 76.271347 78.815247 81.206383 83.421394 85.438057 87.235771 88.795830
1.435895 1.638238 1.852406 2.081314 2.326938 2.591268 2.876179 3.183684 3.515833 3.874829 4.262973 4.682764 5.136819 5.627978 6.159221 6.733756 7.354975 8.026508 8.752151 9.535954 10.382149 11.295205 12.279741 13.340576 14.482667 15.711099 17.030994 18.447515 19.965761 21.590706 23.327045 25.179167 27.150898 29.245539 31.465464 33.812080 36.285576 38.884754 41.606731 44.446808 47.398178 50.451874 53.596462 56.818104 60.100338 63.424305 66.768661 70.109924 73.422600 76.679726 79.853058 82.913727 85.832672 88.581223 91.131561 93.457268 95.533813 97.339005
1.180240 1.379256 1.589707 1.814774 2.056574 2.317245 2.598783 2.903342 3.233104 3.590449 3.977835 4.397958 4.853655 5.348019 5.884296 6.466010 7.096900 7.781004 8.522540 9.326068 10.196370 11.138530 12.157845 13.259898 14.450474 15.735570 17.121300 18.613901 20.219622 21.944668 23.795044 25.776453 27.894131 30.152767 32.556107 35.106865 37.806458 40.654739 43.649639 46.787014 50.060261 53.460152 56.974529 60.588249 64.282974 68.037323 71.826805 75.624161 79.399544 83.121223 86.755760 90.268799 93.625748 96.792336 99.735428 102.423485 104.827332 106.920456
0.908994 1.103707 1.309355 1.529388 1.766068 2.021666 2.298316 2.598292 2.923928 3.277747 3.662390 4.080737 4.535860 5.031084 5.569952 6.156300 6.794239 7.488209 8.242904 9.063404 9.955083 10.923696 11.975286 13.116263 14.353342 15.693536 17.144091 18.712465 20.406256 22.233101 24.200542 26.315928 28.586163 31.017687 33.615986 36.385502 39.329262 42.448574 45.742641 49.208229 52.839260 56.626511 60.557259 64.615097 68.779678 73.026794 77.328339 81.652634 85.964668 90.226898 94.399590 98.441765 102.311951 105.969177 109.373718 112.487885 115.276741 117.708893
0.623011 0.812343 1.011988 1.225668 1.455784 1.704751 1.974803 2.268356 2.587878 2.936040 3.315654 3.729790 4.181732 4.675062 5.213601 5.801513 6.443283 7.143774 7.908163 8.742088 9.651551 10.643018 11.723330 12.899815 14.180190 15.572621 17.085608 18.728008 20.508959 22.437773 24.523809 26.776348 29.204361 31.816429 34.620235 37.622414 40.828148 44.240765 47.861233 51.687771 55.715271 59.934967 64.333794 68.894203 73.593781 78.405212 83.296249 88.230011 93.165298 98.057579 102.859360 107.521538 111.994278 116.228287 120.175789 123.791588 127.033981 129.865555
