MFC+VTK/函数库及接口制作/重磁三维基本处理/张双喜的程序/经验模态分解_2D/三峡gra_ε=0.001_BIMF_D2.grd
DSAA
196 196
305000.000000 695000.000000
3265000.000000 3655000.000000
-18.46806 15.86437
[rows 108 to 134 of 196, columns 61 to 121 of 196]
3.670163 3.679354 3.428532 3.037408 2.583116 2.128312 1.722693 1.395574 1.114865 0.715068 0.250084 -0.219752 -0.682770 -1.157474 -1.651410 -2.146224 -2.598867 -2.963731 -3.193195 -3.225483 -2.973821 -2.338171 -1.318942 -0.337671 0.133025 -0.143449 -1.171961 -2.707155 -4.365124 -5.642932 -6.047364 -5.790751 -5.153527 -4.382020 -3.619781 -2.973448 -2.546170 -2.422494 -2.588453 -2.918720 -3.230396 -3.450175 -3.423903 -3.040331 -2.413546 -1.730387 -0.959458 -0.123711 0.542888 1.342874 2.241700 3.023270 3.544555 3.921375 4.143206 4.073820 3.850941 3.596146 3.368431 3.167142 2.941325
2.862902 2.828601 2.573515 2.227582 1.829720 1.418382 1.040665 0.754290 0.667761 0.284638 -0.112813 -0.468693 -0.800224 -1.172536 -1.659338 -2.170365 -2.610694 -2.903496 -2.969785 -2.713000 -2.026365 -0.854255 0.673527 2.141696 2.855458 2.163747 0.448488 -1.776993 -4.091427 -6.011460 -6.387124 -6.035591 -5.310949 -4.367555 -3.319040 -2.272314 -1.377369 -0.867305 -0.965579 -1.373005 -1.691137 -1.911409 -1.981849 -1.835244 -1.492682 -1.032463 -0.470218 0.175653 0.856369 1.651506 2.529879 3.175778 3.276462 3.324727 3.431489 3.569409 3.636503 3.642690 3.592140 3.485448 3.254809
1.351264 1.553548 1.512605 1.296284 0.964591 0.581223 0.217027 -0.065385 -0.263817 -0.523729 -0.790061 -1.012700 -1.193015 -1.392875 -1.846149 -2.293257 -2.630630 -2.778439 -2.651846 -2.159469 -1.217101 0.215035 2.060688 4.004957 5.279873 4.098521 1.935309 -0.583810 -3.022087 -4.890034 -5.714784 -5.711387 -5.162518 -4.232716 -3.041577 -1.721499 -0.440695 0.535733 0.468478 0.125176 -0.204792 -0.449844 -0.659055 -0.685921 -0.587073 -0.410133 -0.157799 0.198296 0.694166 1.289057 1.871060 2.232619 2.266412 2.207281 2.319402 2.767101 3.210310 3.576885 3.731347 3.653569 3.364250
-0.221789 0.239736 0.426503 0.329445 0.030105 -0.367260 -0.767996 -1.108575 -1.374270 -1.572592 -1.718360 -1.817099 -1.896358 -2.023007 -2.265639 -2.520432 -2.673214 -2.630894 -2.316077 -1.668757 -0.654115 0.739012 2.503792 4.478344 5.753815 4.850822 2.912964 0.602659 -1.630586 -3.419439 -4.549743 -4.967628 -4.757083 -4.011500 -2.806692 -1.383187 -0.004768 1.019763 1.402596 1.362004 1.125134 0.843288 0.562349 0.443520 0.313936 0.178456 0.078606 0.066964 0.232952 0.484076 0.721040 0.857113 0.868252 0.835846 0.951544 1.669288 2.675456 3.507810 3.776273 3.622672 3.205181
-1.476694 -0.783503 -0.496245 -0.590694 -0.938510 -1.402928 -1.873764 -2.272741 -2.558525 -2.719564 -2.782927 -2.786713 -2.773468 -2.781839 -2.815591 -2.833686 -2.757988 -2.509739 -2.031997 -1.300303 -0.329464 0.825641 2.117150 3.807045 4.766526 4.459054 3.195121 1.459943 -0.373784 -2.052548 -3.343765 -4.071940 -4.188434 -3.725107 -2.597867 -1.222674 0.135996 1.255234 2.003908 2.341461 2.315784 2.134247 1.903372 1.579954 1.176075 0.744087 0.332159 -0.018830 -0.279448 -0.439242 -0.564614 -0.629590 -0.593500 -0.422929 -0.023086 0.731161 2.198374 3.429190 3.602449 3.282849 2.711457
-2.112894 -1.339455 -1.157700 -1.404610 -1.896425 -2.470512 -3.010837 -3.433106 -3.704200 -3.831549 -3.846954 -3.787048 -3.685838 -3.560693 -3.404140 -3.193735 -2.888798 -2.446467 -1.843939 -1.089890 -0.217208 0.737932 1.762052 2.806771 3.445091 3.442803 2.808355 1.747748 0.444631 -1.081946 -2.410761 -3.282541 -3.567942 -3.230024 -2.375325 -1.160244 0.166195 1.406506 2.430674 3.143374 3.489726 3.473973 3.141565 2.572535 1.928405 1.286492 0.659177 0.035115 -0.588406 -1.169267 -1.693023 -2.011772 -1.904586 -1.464685 -0.601476 0.556521 1.873338 2.802848 2.956706 2.549941 1.856556
-2.038204 -1.486534 -1.564039 -2.061208 -2.772223 -3.482844 -4.052830 -4.435105 -4.660300 -4.764421 -4.769183 -4.687505 -4.529845 -4.295696 -3.976511 -3.561919 -3.047678 -2.440083 -1.756975 -1.033230 -0.298420 0.429044 1.121885 1.700976 2.069564 2.146932 1.891761 1.344966 0.541898 -0.743125 -1.937788 -2.777152 -3.122927 -2.931217 -2.250773 -1.157743 0.178642 1.547373 2.752701 3.688099 4.314703 4.496939 3.999189 3.230141 2.504180 1.812687 1.127430 0.341979 -0.581018 -1.486749 -2.385999 -3.066462 -2.912118 -2.215412 -1.014036 0.448168 1.666422 2.084880 1.909507 1.408176 0.654783
-1.894738 -1.464700 -1.742175 -2.488268 -3.447888 -4.321011 -4.822189 -5.083630 -5.251450 -5.369228 -5.410985 -5.374126 -5.226708 -4.937944 -4.496172 -3.901761 -3.196597 -2.458114 -1.751958 -1.122752 -0.576869 -0.112953 0.258648 0.520327 0.677342 0.718749 0.606786 0.295084 -0.269935 -1.109625 -1.981979 -2.641082 -2.937236 -2.809085 -2.243294 -1.228554 0.198681 1.716939 2.999347 3.836869 4.417249 4.803034 4.117020 3.445857 2.901585 2.353411 1.796053 0.970112 -0.116710 -1.305897 -2.438380 -3.256544 -3.447127 -2.824622 -1.483733 0.119059 1.385921 1.128008 0.472344 -0.141938 -0.768194
-1.211113 -1.194927 -1.715329 -2.621996 -3.731402 -4.772941 -5.063644 -5.178197 -5.316568 -5.505810 -5.636190 -5.743915 -5.705686 -5.440355 -4.920458 -4.166243 -3.285987 -2.451046 -1.815054 -1.362043 -1.047457 -0.848145 -0.748033 -0.720546 -0.733579 -0.776671 -0.879554 -1.097381 -1.465107 -1.947613 -2.473816 -2.865253 -3.002064 -2.816633 -2.278890 -1.344282 0.236391 1.865086 3.132312 3.547623 3.523944 3.347845 3.230130 3.178975 3.138421 3.017606 2.655099 1.795701 0.584724 -0.764010 -2.048713 -3.062699 -3.595398 -3.235674 -1.972592 -0.666784 0.078318 -0.276955 -1.149318 -1.667358 -2.119775
-0.312960 -0.785046 -1.522919 -2.443526 -3.416176 -4.208899 -4.508021 -4.620862 -4.764129 -5.010622 -5.337975 -5.692725 -5.876914 -5.743816 -5.165190 -4.272804 -3.278061 -2.390394 -1.970675 -1.762419 -1.693384 -1.729352 -1.841405 -1.990803 -2.138385 -2.265649 -2.393033 -2.560138 -2.781213 -3.027166 -3.247567 -3.352239 -3.260587 -2.904834 -2.235802 -1.191509 0.307251 1.823866 2.866093 2.903502 2.301115 1.550155 2.048201 2.631620 3.106971 3.431179 3.427524 2.544119 1.302930 -0.096931 -1.471199 -2.574402 -3.162507 -3.030147 -2.301289 -1.554329 -1.322416 -1.651312 -2.257515 -2.814697 -3.154584
0.097036 -0.483084 -1.237566 -2.021070 -2.707984 -3.177589 -3.392770 -3.486589 -3.639401 -3.959001 -4.465314 -5.074252 -5.596843 -5.741499 -5.058166 -4.075800 -3.152754 -2.507816 -2.271819 -2.313790 -2.490775 -2.719895 -2.970242 -3.237965 -3.472064 -3.649087 -3.779620 -3.890969 -3.991816 -4.067868 -4.078893 -3.952377 -3.618430 -3.039152 -2.196918 -1.081564 0.238191 1.506278 2.323950 2.114003 1.490854 1.031369 1.345052 2.040820 2.770094 3.313802 3.435771 2.872233 1.829590 0.454603 -0.963923 -2.081696 -2.706165 -2.808730 -2.547699 -2.252304 -2.443655 -2.804490 -3.133855 -3.462502 -3.723104
0.221528 -0.355141 -0.979528 -1.524124 -1.894300 -2.052347 -2.045948 -1.994253 -2.082813 -2.457381 -3.111671 -3.913383 -4.666632 -5.066565 -4.347545 -3.431557 -2.738561 -2.458381 -2.587244 -2.968045 -3.410450 -3.792921 -4.083735 -4.388899 -4.630662 -4.808726 -4.910643 -4.930992 -4.891821 -4.829049 -4.733868 -4.503191 -3.962615 -3.197854 -2.262346 -1.193377 -0.088233 0.863511 1.339797 1.262416 0.928902 0.733934 0.924313 1.493231 2.224294 2.836662 3.060163 2.759758 1.971232 0.588640 -0.783527 -1.835953 -2.454753 -2.717682 -2.834941 -2.956830 -3.242033 -3.588741 -3.600700 -3.667117 -3.801412
0.077405 -0.425477 -0.849335 -1.117292 -1.178994 -1.036332 -0.748320 -0.435289 -0.322668 -0.716207 -1.475397 -2.337618 -3.045904 -3.318500 -2.952089 -2.335971 -1.951933 -2.158966 -2.797688 -3.617000 -4.371257 -4.894520 -5.178226 -5.342921 -5.476188 -5.609585 -5.676049 -5.544305 -5.302065 -5.102326 -4.975941 -4.810214 -4.159890 -3.351748 -2.453315 -1.518529 -0.646784 0.025212 0.383799 0.469579 0.418366 0.406277 0.547111 0.946004 1.583177 2.198537 2.501121 2.246058 1.392339 0.161811 -1.034915 -1.924600 -2.449739 -2.732345 -3.094248 -3.381910 -3.557875 -3.624608 -3.578491 -3.460229 -3.531917
-0.342356 -0.709523 -0.914637 -0.908255 -0.680547 -0.261236 0.285748 0.859067 1.260699 0.928060 0.181570 -0.583418 -1.155073 -1.391356 -1.292586 -1.015066 -0.902920 -1.679779 -2.817115 -4.083673 -5.202228 -5.833054 -5.960812 -5.921891 -5.882808 -5.909649 -5.938320 -5.581130 -5.088117 -4.773595 -4.639872 -4.504542 -4.109273 -3.487796 -2.731052 -1.956310 -1.279745 -0.777172 -0.449627 -0.240815 -0.089769 0.050437 0.184158 0.420735 0.949680 1.463073 1.751076 1.427216 0.441614 -0.674084 -1.627555 -2.243423 -2.600145 -2.898164 -3.248475 -3.502041 -3.525950 -3.352911 -3.143613 -3.002625 -3.047164
-1.018064 -1.230712 -1.216554 -0.952451 -0.460316 0.202565 0.946989 1.637904 2.068433 2.016849 1.602944 1.087964 0.663881 0.413435 0.302659 0.182334 -0.219946 -1.182745 -2.554036 -4.111379 -5.575021 -6.287774 -6.171554 -6.003698 -5.823306 -5.631120 -5.340951 -4.826406 -4.237689 -3.872303 -3.892979 -4.024625 -3.969039 -3.606544 -3.011330 -2.368697 -1.852446 -1.466450 -1.161273 -0.885376 -0.608068 -0.322890 -0.068914 0.179334 0.457606 0.647833 0.598590 0.136466 -0.721007 -1.629873 -2.255181 -2.508693 -2.615175 -2.819118 -3.104395 -3.251796 -3.088179 -2.687438 -2.358499 -2.237118 -2.377075
-1.881044 -1.966916 -1.756597 -1.265764 -0.545453 0.322109 1.222823 2.014865 2.557677 2.780672 2.715965 2.485070 2.211338 1.950428 1.693163 1.286915 0.570538 -0.532510 -1.962938 -3.505931 -4.836905 -5.586201 -5.720387 -5.566656 -5.281152 -4.891723 -4.372097 -3.725212 -3.050494 -2.612618 -2.978504 -3.516847 -3.840257 -3.682208 -3.211016 -2.658027 -2.304999 -2.022769 -1.756598 -1.466675 -1.106521 -0.630156 -0.196650 0.086277 0.142680 -0.052994 -0.475992 -1.047910 -1.696265 -2.299436 -2.357693 -2.314698 -2.293475 -2.359226 -2.452652 -2.400126 -2.058500 -1.598101 -1.272926 -1.249371 -1.598528
-2.857674 -2.852800 -2.491229 -1.828698 -0.931198 0.110279 1.172489 2.118452 2.844048 3.308587 3.517154 3.525666 3.404385 3.189428 2.861627 2.335521 1.511491 0.335867 -1.055620 -2.450576 -3.612348 -4.367554 -4.679298 -4.627440 -4.326746 -3.849389 -3.243311 -2.575329 -1.961019 -1.646526 -2.162794 -2.949074 -3.630119 -3.577898 -3.258477 -2.896566 -2.630820 -2.428376 -2.220219 -1.963048 -1.509592 -0.852366 -0.193865 0.159859 0.073980 -0.423226 -1.183268 -1.874054 -2.075892 -2.029944 -1.924225 -1.808882 -1.694309 -1.585589 -1.458489 -1.238381 -0.694727 -0.227980 -0.018654 -0.256223 -0.824733
-3.839236 -3.776627 -3.341549 -2.590572 -1.580917 -0.392310 0.853959 2.007192 2.940467 3.600249 4.001189 4.195212 4.224949 4.100900 3.799267 3.280397 2.510039 1.331801 0.046354 -1.173644 -2.189585 -2.910431 -3.291313 -3.331024 -3.084604 -2.632836 -2.069664 -1.509291 -1.101502 -1.040693 -1.468281 -2.168310 -2.810982 -3.093689 -3.031668 -2.881980 -2.748907 -2.650587 -2.543416 -2.352339 -1.893725 -1.021872 -0.087154 0.367984 0.270278 -0.300330 -1.227919 -2.139248 -1.829729 -1.311221 -1.264551 -1.196514 -1.001437 -0.679636 -0.256671 0.255565 0.828995 1.192247 1.177256 0.725246 -0.072468
-4.573921 -4.596546 -4.218404 -3.475699 -2.425725 -1.131311 0.292347 1.676183 2.814080 3.604481 4.148407 4.513317 4.710236 4.721604 4.511455 4.027833 3.283909 2.288046 1.197158 0.159811 -0.720368 -1.376675 -1.764557 -1.864976 -1.703478 -1.351910 -0.917462 -0.529064 -0.319383 -0.385268 -0.731895 -1.274339 -1.839511 -2.271018 -2.494603 -2.583452 -2.614409 -2.631005 -2.624288 -2.472600 -2.125390 -1.067471 -0.074336 0.515453 0.630133 0.294622 -0.402223 -0.979916 -0.980766 -0.770961 -0.728195 -0.688179 -0.427931 0.126804 0.862128 1.541462 2.118583 2.440861 2.215183 1.580437 0.647266
-5.112527 -5.258268 -5.031994 -4.385890 -3.355174 -2.022966 -0.511011 1.047135 2.363849 3.232834 3.948438 4.531713 4.931756 5.104150 4.998168 4.606263 3.970768 3.165372 2.285018 1.432300 0.689726 0.115534 -0.250909 -0.391117 -0.318956 -0.096195 0.182564 0.407996 0.484925 0.372222 0.095598 -0.339758 -0.854531 -1.354832 -1.764071 -2.056310 -2.244220 -2.342677 -2.350704 -2.123955 -1.574979 -0.725885 0.107401 0.698062 1.016124 1.083243 0.670191 0.325695 0.116977 -0.067818 -0.277150 -0.388471 -0.161620 0.588238 1.623422 2.322347 2.889548 3.186852 2.845417 2.084436 1.126815
-5.466882 -5.703614 -5.671423 -5.217424 -4.206443 -2.929653 -1.517725 -0.062804 1.286157 2.430414 3.447351 4.330718 4.979429 5.317134 5.323038 5.048929 4.559734 3.932895 3.243095 2.563254 1.957273 1.473529 1.142336 0.975036 0.968713 1.066466 1.203426 1.308718 1.319332 1.194152 0.975266 0.579528 0.087274 -0.442637 -0.953205 -1.389192 -1.707718 -1.871362 -1.751186 -1.388114 -0.814509 -0.170773 0.454075 0.914928 1.226893 1.395513 1.388494 1.323223 1.120982 0.597572 0.067894 -0.253252 -0.202181 0.581854 1.562360 2.407672 2.997880 3.129272 2.846490 1.987070 0.951237
-5.612967 -5.853117 -5.942762 -5.818674 -4.778090 -3.701937 -2.535337 -1.282964 0.045335 1.415628 2.763168 3.984160 4.949489 5.385970 5.499823 5.357710 5.018673 4.552083 4.024639 3.496377 3.017715 2.625530 2.340230 2.165872 2.092103 2.082962 2.103978 2.125879 2.124912 2.063416 1.794055 1.413045 0.946513 0.418715 -0.136530 -0.668535 -1.090127 -1.282292 -1.135202 -0.692525 -0.122186 0.335097 0.764861 1.113536 1.311970 1.460834 1.633358 1.737381 1.625331 0.853573 0.168628 -0.183060 -0.126779 0.368746 1.079819 1.849467 2.530239 2.458918 1.993217 1.310291 0.357004
-5.545186 -5.706042 -5.739058 -5.611671 -5.029171 -4.228911 -3.314581 -2.292889 -1.070411 0.490510 2.108750 3.541135 4.628210 5.263490 5.529141 5.521970 5.318213 4.986166 4.591914 4.190902 3.824560 3.518723 3.282080 3.106587 2.991764 2.906178 2.835218 2.790364 2.759535 2.679004 2.451238 2.111798 1.685652 1.184134 0.623793 0.024679 -0.568188 -0.904248 -0.820780 -0.356597 0.172404 0.585050 0.970817 1.250930 1.358724 1.358925 1.481564 1.398364 1.052755 0.428643 -0.062137 -0.275489 -0.219503 0.005185 0.364918 0.783559 1.324935 1.401735 1.058451 0.451864 -0.387737
-5.253019 -5.295070 -5.267519 -5.139581 -4.847041 -4.340108 -3.601022 -2.748037 -1.742060 -0.003853 1.722275 3.194803 4.310937 5.042086 5.419233 5.520742 5.431651 5.205042 4.916797 4.619598 4.347787 4.116649 3.921608 3.734254 3.606752 3.483804 3.342621 3.246962 3.190750 3.119604 2.916174 2.628664 2.257593 1.791661 1.229113 0.577628 -0.309454 -0.912510 -1.001692 -0.626942 -0.062045 0.511518 1.018580 1.370202 1.481966 1.334891 1.065310 0.736671 0.247330 -0.334472 -0.539857 -0.584703 -0.509471 -0.519287 -0.402744 -0.138453 0.197896 0.337200 0.134788 -0.387351 -1.127949
-4.739881 -4.643644 -4.538168 -4.413508 -4.252720 -3.962043 -3.240359 -2.348095 -1.231813 0.235674 1.758204 3.085358 4.104364 4.799503 5.198907 5.357258 5.334497 5.189243 4.985188 4.770832 4.574515 4.399578 4.204976 4.016898 3.859303 3.737441 3.595229 3.492110 3.419908 3.330816 3.168816 2.930158 2.610022 2.175841 1.555812 0.671943 -0.393634 -1.280832 -1.594625 -1.139637 -0.471187 0.215179 0.842682 1.383055 1.631204 1.289879 0.608633 0.142330 -0.374804 -0.825290 -1.027800 -1.072314 -1.092782 -1.172640 -1.183537 -0.979098 -0.666749 -0.467501 -0.558681 -0.994087 -1.704737
-4.019294 -3.784407 -3.594459 -3.430133 -3.235196 -2.885216 -2.235634 -1.332903 -0.224487 1.009434 2.232272 3.278788 4.055609 4.566114 4.890294 5.037343 5.037983 4.942502 4.801320 4.652032 4.511726 4.371618 4.209030 4.030008 3.857480 3.724857 3.631917 3.570542 3.511333 3.408461 3.236803 2.994611 2.681076 2.261787 1.634604 0.581988 -0.610661 -1.703178 -2.292420 -1.623064 -0.806991 -0.189512 0.373126 1.062373 1.600631 1.197918 0.500667 -0.164516 -0.798141 -1.262276 -1.464655 -1.535270 -1.608911 -1.732830 -1.840753 -1.607489 -1.209302 -0.911845 -0.882143 -1.211803 -1.876000
-3.115066 -2.754129 -2.486850 -2.262950 -1.990817 -1.561936 -0.903758 -0.016048 1.018450 2.072028 3.022569 3.744029 4.167942 4.345732 4.510274 4.568141 4.548268 4.483749 4.389585 4.295624 4.210787 4.122784 4.012850 3.867784 3.695798 3.559276 3.559183 3.566625 3.537562 3.396101 3.148835 2.828110 2.448128 1.980797 1.336087 0.304171 -0.785413 -1.673854 -2.037227 -1.641683 -0.940189 -0.636615 -0.283249 0.273192 0.718367 0.727723 0.459602 -0.346972 -1.071031 -1.592583 -1.745145 -1.821031 -1.909119 -1.995834 -1.983887 -1.779152 -1.413754 -1.018838 -0.818565 -0.970157 -1.474145
