MFC+VTK/函数库及接口制作/重磁三维基本处理/张双喜的程序/经验模态分解_2D/三峡gra_ε=0.001_BIMF_A5.grd
DSAA
196 196
305000.000000 695000.000000
3265000.000000 3655000.000000
-139.38863 -18.05582
[rows 48 to 71 of 196, columns 0 to 55 of 196]
-129.202953 -128.745328 -128.287912 -127.830840 -127.374160 -126.917872 -126.461956 -126.006388 -125.551144 -125.096203 -124.641545 -124.187152 -123.733011 -123.279105 -122.825419 -122.371940 -121.918650 -121.465535 -121.012575 -120.559752 -120.107046 -119.654434 -119.201894 -118.749399 -118.296923 -117.844435 -117.391906 -116.939302 -116.486588 -116.033728 -115.580684 -115.127415 -114.673881 -114.220037 -113.765840 -113.311244 -112.856202 -112.400667 -111.944591 -111.487924 -111.030617 -110.572621 -110.113887 -109.654365 -109.194006 -108.732762 -108.270585 -107.807429 -107.343246 -106.877993 -106.411625 -105.944101 -105.475378 -105.005418 -104.534183 -104.061635
-129.547688 -129.090142 -128.632844 -128.175888 -127.719298 -127.263063 -126.807160 -126.351569 -125.896269 -125.441242 -124.986475 -124.531954 -124.077668 -123.623605 -123.169752 -122.716098 -122.262629 -121.809331 -121.356188 -120.903182 -120.450296 -119.997508 -119.544797 -119.092139 -118.639507 -118.186875 -117.734212 -117.281487 -116.828667 -116.375716 -115.922597 -115.469271 -115.015697 -114.561834 -114.107638 -113.653063 -113.198065 -112.742596 -112.286608 -111.830052 -111.372881 -110.915043 -110.456491 -109.997174 -109.537044 -109.076051 -108.614149 -108.151289 -107.687425 -107.222512 -106.756505 -106.289361 -105.821038 -105.351496 -104.880696 -104.408601
-129.885026 -129.427982 -128.971157 -128.514600 -128.058324 -127.602323 -127.146587 -126.691106 -126.235870 -125.780872 -125.326103 -124.871557 -124.417227 -123.963104 -123.509181 -123.055446 -122.601890 -122.148501 -121.695264 -121.242165 -120.789187 -120.336310 -119.883514 -119.430778 -118.978075 -118.525381 -118.072667 -117.619903 -117.167056 -116.714092 -116.260975 -115.807667 -115.354129 -114.900319 -114.446194 -113.991711 -113.536824 -113.081486 -112.625650 -112.169268 -111.712290 -111.254668 -110.796351 -110.337291 -109.877439 -109.416744 -108.955160 -108.492637 -108.029128 -107.564589 -107.098972 -106.632236 -106.164337 -105.695233 -105.224886 -104.753257
-130.215146 -129.759056 -129.303009 -128.847079 -128.391298 -127.935684 -127.480248 -127.024997 -126.569938 -126.115074 -125.660405 -125.205933 -124.751654 -124.297566 -123.843663 -123.389939 -122.936386 -122.482994 -122.029751 -121.576644 -121.123658 -120.670776 -120.217979 -119.765247 -119.312555 -118.859880 -118.407194 -117.954468 -117.501671 -117.048770 -116.595730 -116.142515 -115.689084 -115.235399 -114.781416 -114.327092 -113.872382 -113.417240 -112.961618 -112.505469 -112.048744 -111.591393 -111.133367 -110.674615 -110.215089 -109.754739 -109.293515 -108.831369 -108.368253 -107.904122 -107.438927 -106.972626 -106.505174 -106.036530 -105.566653 -105.095503
-130.538839 -130.083737 -129.628602 -129.173440 -128.718284 -128.263176 -127.808151 -127.353238 -126.898458 -126.443828 -125.989356 -125.535051 -125.080917 -124.626953 -124.173161 -123.719534 -123.266070 -122.812760 -122.359595 -121.906563 -121.453652 -121.000847 -120.548129 -120.095479 -119.642877 -119.190298 -118.737717 -118.285105 -117.832433 -117.379670 -116.926780 -116.473728 -116.020475 -115.566983 -115.113209 -114.659110 -114.204642 -113.749759 -113.294413 -112.838557 -112.382142 -111.925118 -111.467435 -111.009043 -110.549892 -110.089931 -109.629111 -109.167383 -108.704698 -108.241008 -107.776267 -107.310428 -106.843449 -106.375284 -105.905894 -105.435237
-130.856467 -130.402375 -129.948169 -129.493819 -129.039355 -128.584835 -128.130311 -127.675828 -127.221421 -126.767117 -126.312934 -125.858886 -125.404984 -124.951232 -124.497634 -124.044190 -123.590898 -123.137752 -122.684745 -122.231869 -121.779113 -121.326461 -120.873900 -120.421410 -119.968973 -119.516565 -119.064163 -118.611739 -118.159265 -117.706709 -117.254040 -116.801220 -116.348214 -115.894982 -115.441483 -114.987674 -114.533511 -114.078948 -113.623938 -113.168433 -112.712384 -112.255741 -111.798454 -111.340471 -110.881743 -110.422217 -109.961845 -109.500574 -109.038357 -108.575143 -108.110887 -107.645539 -107.179056 -106.711394 -106.242508 -105.772358
-131.168425 -130.715278 -130.261921 -129.808343 -129.354585 -128.900700 -128.446745 -127.992771 -127.538820 -127.084927 -126.631118 -126.177412 -125.723826 -125.270370 -124.817049 -124.363868 -123.910827 -123.457924 -123.005154 -122.552511 -122.099985 -121.647563 -121.195233 -120.742977 -120.290778 -119.838614 -119.386461 -118.934296 -118.482089 -118.029811 -117.577429 -117.124909 -116.672215 -116.219308 -115.766147 -115.312690 -114.858893 -114.404710 -113.950094 -113.494997 -113.039370 -112.583161 -112.126321 -111.668797 -111.210539 -110.751494 -110.291611 -109.830838 -109.369125 -108.906423 -108.442682 -107.977854 -107.511893 -107.044753 -106.576390 -106.106761
-131.475218 -131.022677 -130.569997 -130.117121 -129.664051 -129.210823 -128.757484 -128.304080 -127.850656 -127.397250 -126.943893 -126.490609 -126.037419 -125.584336 -125.131370 -124.678530 -124.225817 -123.773233 -123.320776 -122.868439 -122.416216 -121.964097 -121.512070 -121.060119 -120.608228 -120.156377 -119.704544 -119.252704 -118.800832 -118.348897 -117.896869 -117.444713 -116.992394 -116.539874 -116.087113 -115.634068 -115.180696 -114.726951 -114.272786 -113.818152 -113.363000 -112.907277 -112.450934 -111.993918 -111.536176 -111.077656 -110.618304 -110.158069 -109.696898 -109.234741 -108.771547 -108.307266 -107.841852 -107.375256 -106.907434 -106.438342
-131.776647 -131.324604 -130.872490 -130.420241 -129.967828 -129.515260 -129.062564 -128.609777 -128.156938 -127.704085 -127.251250 -126.798460 -126.345739 -125.893104 -125.440568 -124.988142 -124.535831 -124.083639 -123.631565 -123.179606 -122.727758 -122.276011 -121.824356 -121.372778 -120.921263 -120.469792 -120.018344 -119.566896 -119.115422 -118.663894 -118.212282 -117.760552 -117.308670 -116.856597 -116.404295 -115.951720 -115.498830 -115.045579 -114.591919 -114.137801 -113.683175 -113.227990 -112.772193 -112.315731 -111.858550 -111.400597 -110.941818 -110.482159 -110.021567 -109.559989 -109.097373 -108.633668 -108.168825 -107.702796 -107.235533 -106.766992
-132.072554 -131.621009 -131.169429 -130.717764 -130.265981 -129.814066 -129.362027 -128.909889 -128.457681 -128.005436 -127.553184 -127.100954 -126.648769 -126.196651 -125.744615 -125.292672 -124.840833 -124.389101 -123.937480 -123.485968 -123.034561 -122.583254 -122.132037 -121.680899 -121.229824 -120.778797 -120.327797 -119.876803 -119.425789 -118.974729 -118.523593 -118.072349 -117.620961 -117.169394 -116.717607 -116.265558 -115.813204 -115.360500 -114.907397 -114.453847 -113.999798 -113.545198 -113.089994 -112.634132 -112.177557 -111.720214 -111.262048 -110.803003 -110.343025 -109.882059 -109.420052 -108.956951 -108.492705 -108.027264 -107.560579 -107.092603
-132.362854 -131.911838 -131.460803 -131.009718 -130.558552 -130.107285 -129.655913 -129.204446 -128.752904 -128.301311 -127.849695 -127.398082 -126.946496 -126.494959 -126.043486 -125.592094 -125.140791 -124.689587 -124.238483 -123.787483 -123.336583 -122.885779 -122.435063 -121.984426 -121.533855 -121.083333 -120.632842 -120.182361 -119.731867 -119.281334 -118.830731 -118.380029 -117.929192 -117.478184 -117.026966 -116.575496 -116.123731 -115.671625 -115.219130 -114.766196 -114.312771 -113.858803 -113.404237 -112.949019 -112.493092 -112.036400 -111.578886 -111.120492 -110.661163 -110.200842 -109.739474 -109.277004 -108.813380 -108.348548 -107.882460 -107.415065
-132.647496 -132.197049 -131.746591 -131.296103 -130.845562 -130.394949 -129.944254 -129.493476 -129.042627 -128.591724 -128.140789 -127.689843 -127.238910 -126.788011 -126.337163 -125.886381 -125.435677 -124.985061 -124.534538 -124.084111 -123.633779 -123.183540 -122.733387 -122.283311 -121.833301 -121.383343 -120.933419 -120.483510 -120.033592 -119.583640 -119.133626 -118.683519 -118.233286 -117.782890 -117.332292 -116.881452 -116.430325 -115.978865 -115.527025 -115.074753 -114.621999 -114.168707 -113.714823 -113.260291 -112.805052 -112.349050 -111.892225 -111.434518 -110.975872 -110.516228 -110.055528 -109.593717 -109.130738 -108.666538 -108.201064 -107.734266
-132.926448 -132.476613 -132.026772 -131.576913 -131.127019 -130.677076 -130.227071 -129.777002 -129.326870 -128.876688 -128.426471 -127.976237 -127.526006 -127.075797 -126.625627 -126.175512 -125.725465 -125.275496 -124.825612 -124.375817 -123.926111 -123.476495 -123.026961 -122.577504 -122.128113 -121.678775 -121.229473 -120.780189 -120.330900 -119.881583 -119.432210 -118.982750 -118.533170 -118.083436 -117.633507 -117.183343 -116.732901 -116.282134 -115.830993 -115.379428 -114.927386 -114.474813 -114.021651 -113.567844 -113.113333 -112.658057 -112.201957 -111.744972 -111.287041 -110.828105 -110.368102 -109.906976 -109.444667 -108.981119 -108.516278 -108.050091
-133.199688 -132.750510 -132.301328 -131.852134 -131.402918 -130.953670 -130.504378 -130.055037 -129.605648 -129.156215 -128.706749 -128.257265 -127.807779 -127.358306 -126.908865 -126.459470 -126.010133 -125.560865 -125.111674 -124.662566 -124.213543 -123.764604 -123.315745 -122.866961 -122.418243 -121.969577 -121.520950 -121.072342 -120.623734 -120.175101 -119.726418 -119.277653 -118.828775 -118.379748 -117.930534 -117.481092 -117.031378 -116.581346 -116.130947 -115.680130 -115.228841 -114.777024 -114.324624 -113.871579 -113.417831 -112.963317 -112.507976 -112.051745 -111.594560 -111.136360 -110.677083 -110.216666 -109.755050 -109.292176 -108.827986 -108.362425
-133.467203 -133.018724 -132.570243 -132.121755 -131.673253 -131.224730 -130.776178 -130.327592 -129.878969 -129.430313 -128.981630 -128.532931 -128.084227 -127.635534 -127.186866 -126.738237 -126.289660 -125.841144 -125.392699 -124.944330 -124.496040 -124.047831 -123.599699 -123.151639 -122.703644 -122.255701 -121.807798 -121.359916 -120.912037 -120.464136 -120.016188 -119.568164 -119.120032 -118.671756 -118.223299 -117.774621 -117.325676 -116.876419 -116.426801 -115.976769 -115.526270 -115.075247 -114.623643 -114.171395 -113.718443 -113.264724 -112.810173 -112.354726 -111.898317 -111.440882 -110.982355 -110.522673 -110.061772 -109.599591 -109.136070 -108.671150
-133.728981 -133.281245 -132.833507 -132.385765 -131.938015 -131.490252 -131.042471 -130.594668 -130.146840 -129.698988 -129.251118 -128.803235 -128.355350 -127.907475 -127.459621 -127.011802 -126.564029 -126.116312 -125.668660 -125.221079 -124.773572 -124.326142 -123.878785 -123.431499 -122.984275 -122.537103 -122.089971 -121.642861 -121.195755 -120.748631 -120.301462 -119.854221 -119.406876 -118.959393 -118.511733 -118.063856 -117.615718 -117.167273 -116.718471 -116.269260 -115.819585 -115.369389 -114.918612 -114.467193 -114.015069 -113.562174 -113.108442 -112.653807 -112.198201 -111.741556 -111.283804 -110.824879 -110.364715 -109.903246 -109.440411 -108.976146
-133.985014 -133.538062 -133.091109 -132.644155 -132.197195 -131.750229 -131.303253 -130.856263 -130.409259 -129.962242 -129.515213 -129.068178 -128.621145 -128.174123 -127.727122 -127.280153 -126.833226 -126.386352 -125.939537 -125.492789 -125.046112 -124.599506 -124.152971 -123.706503 -123.260096 -122.813740 -122.367422 -121.921128 -121.474839 -121.028532 -120.582184 -120.135766 -119.689247 -119.242593 -118.795766 -118.348727 -117.901430 -117.453830 -117.005877 -116.557518 -116.108698 -115.659358 -115.209438 -114.758876 -114.307606 -113.855562 -113.402676 -112.948878 -112.494098 -112.038267 -111.581313 -111.123166 -110.663758 -110.203020 -109.740886 -109.277291
-134.235295 -133.789168 -133.343041 -132.896914 -132.450784 -132.004652 -131.558516 -131.112374 -130.666226 -130.220073 -129.773916 -129.327760 -128.881610 -128.435475 -127.989361 -127.543280 -127.097238 -126.651247 -126.205311 -125.759439 -125.313632 -124.867895 -124.422224 -123.976618 -123.531071 -123.085572 -122.640112 -122.194674 -121.749240 -121.303791 -120.858300 -120.412742 -119.967085 -119.521295 -119.075335 -118.629165 -118.182741 -117.736016 -117.288941 -116.841461 -116.393522 -115.945065 -115.496028 -115.046347 -114.595955 -114.144785 -113.692767 -113.239828 -112.785897 -112.330900 -111.874764 -111.417415 -110.958781 -110.498790 -110.037373 -109.574461
-134.479819 -134.034557 -133.589295 -133.144034 -132.698773 -132.253513 -131.808253 -131.362993 -130.917734 -130.472476 -130.027223 -129.581976 -129.136742 -128.691525 -128.246333 -127.801173 -127.356054 -126.910982 -126.465965 -126.021007 -125.576113 -125.131283 -124.686518 -124.241814 -123.797166 -123.352565 -122.907999 -122.463456 -122.018916 -121.574359 -121.129762 -120.685097 -120.240334 -119.795440 -119.350377 -118.905105 -118.459581 -118.013758 -117.567586 -117.121011 -116.673977 -116.226424 -115.778290 -115.329511 -114.880018 -114.429742 -113.978610 -113.526550 -113.073485 -112.619340 -112.164039 -111.707504 -111.249660 -110.790432 -110.329745 -109.867528
-134.718578 -134.274221 -133.829864 -133.385508 -132.941154 -132.496803 -132.052455 -131.608113 -131.163776 -130.719447 -130.275129 -129.830823 -129.386535 -128.942268 -128.498030 -128.053826 -127.609663 -127.165546 -126.721483 -126.277477 -125.833532 -125.389648 -124.945826 -124.502062 -124.058351 -123.614684 -123.171050 -122.727436 -122.283824 -121.840193 -121.396522 -120.952781 -120.508942 -120.064972 -119.620833 -119.176486 -118.731886 -118.286988 -117.841740 -117.396090 -116.949980 -116.503350 -116.056138 -115.608277 -115.159699 -114.710331 -114.260102 -113.808933 -113.356749 -112.903471 -112.449019 -111.993312 -111.536272 -111.077819 -110.617874 -110.156362
-134.951568 -134.508154 -134.064740 -133.621327 -133.177918 -132.734513 -132.291115 -131.847725 -131.404345 -130.960979 -130.517627 -130.074294 -129.630983 -129.187699 -128.744446 -128.301229 -127.858055 -127.414928 -126.971852 -126.528833 -126.085872 -125.642970 -125.200126 -124.757338 -124.314598 -123.871900 -123.429232 -122.986580 -122.543927 -122.101254 -121.658537 -121.215749 -120.772861 -120.329840 -119.886649 -119.443248 -118.999594 -118.555639 -118.111334 -117.666625 -117.221455 -116.775762 -116.329484 -115.882554 -115.434902 -114.986455 -114.537137 -114.086872 -113.635579 -113.183177 -112.729584 -112.274716 -111.818490 -111.360822 -110.901630 -110.440833
-135.178782 -134.736348 -134.293915 -133.851483 -133.409056 -132.966635 -132.524222 -132.081821 -131.639433 -131.197062 -130.754711 -130.312383 -129.870081 -129.427809 -128.985573 -128.543375 -128.101221 -127.659115 -127.217061 -126.775061 -126.333118 -125.891231 -125.449399 -125.007618 -124.565883 -124.124186 -123.682514 -123.240855 -122.799191 -122.357503 -121.915767 -121.473957 -121.032044 -120.589994 -120.147772 -119.705336 -119.262645 -118.819650 -118.376302 -117.932547 -117.488327 -117.043582 -116.598247 -116.152255 -115.705536 -115.258015 -114.809616 -114.360259 -113.909863 -113.458344 -113.005616 -112.551592 -112.096187 -111.639311 -111.180879 -110.720805
-135.400212 -134.958796 -134.517381 -134.075968 -133.634560 -133.193160 -132.751769 -132.310392 -131.869031 -131.427690 -130.986372 -130.545081 -130.103820 -129.662593 -129.221404 -128.780256 -128.339154 -127.898100 -127.457098 -127.016149 -126.575255 -126.134414 -125.693625 -125.252884 -124.812184 -124.371517 -123.930871 -123.490232 -123.049584 -122.608907 -122.168176 -121.727367 -121.286449 -120.845390 -120.404154 -119.962699 -119.520984 -119.078961 -118.636580 -118.193787 -117.750525 -117.306733 -116.862346 -116.417295 -115.971511 -115.524918 -115.077438 -114.628990 -114.179491 -113.728855 -113.276994 -112.823817 -112.369235 -111.913155 -111.455487 -110.996140
-135.615851 -135.175490 -134.735131 -134.294774 -133.854422 -133.414078 -132.973746 -132.533428 -132.093129 -131.652853 -131.212602 -130.772381 -130.332194 -129.892043 -129.451932 -129.011866 -128.571845 -128.131874 -127.691954 -127.252087 -126.812271 -126.372507 -125.932790 -125.493117 -125.053481 -124.613872 -124.174278 -123.734686 -123.295078 -122.855434 -122.415731 -121.975942 -121.536038 -121.095986 -120.655749 -120.215288 -119.774560 -119.333517 -118.892110 -118.450284 -118.007983 -117.565144 -117.121703 -116.677593 -116.232741 -115.787071 -115.340506 -114.892962 -114.444356 -113.994599 -113.543600 -113.091267 -112.637506 -112.182222 -111.725317 -111.266698
