MFC+VTK/函数库及接口制作/重磁三维基本处理/张双喜的程序/经验模态分解_2D/三峡gra.grd
DSAA
196 196
305000 695000
3265000 3655000
-152.0045362646 -14.497774105541
[rows 140 to 159 of 196, columns 138 to 183 of 196]
-63.410231449278 -63.604207353279 -60.795211792887 -58.166807757371 -56.317984444577 -55.430761637437 -54.733400992876 -54.613122578323 -54.553285676555 -54.304100912564 -54.124213274423 -54.303902864247 -53.46655052189 -52.38915789966 -52.094832093086 -53.094654386531 -54.588811757063 -54.868769629984 -54.947850268879 -54.066165024389 -53.76473653341 -55.652273543563 -59.015921207432 -62.027939269266 -63.857495954112 -65.010717119411 -65.426290190628 -65.221195264295 -64.85302155899 -64.085405055633 -63.146882789237 -62.20010660177 -61.426299564792 -61.319050996716 -60.713063657556 -60.675641487059 -60.472236524727 -60.844174229936 -62.067568545714 -63.579614886483 -65.57583954063 -67.072401659141 -67.924578287731 -67.041068157248 -64.428529823401 -59.961222154154
-65.905587550943 -66.117769469676 -64.454493696992 -62.67629878261 -62.120129081708 -62.471991758429 -63.549063567225 -64.419359821472 -63.920941014537 -63.08733867658 -62.688359508053 -62.076283422524 -60.705638140419 -58.65639499432 -57.120887476492 -56.128209329056 -55.230484717002 -53.511758920728 -52.183228336969 -51.488416476578 -51.839229757889 -53.348103622876 -55.951662154226 -58.940831756418 -61.141264710937 -62.726589486645 -63.531302270188 -63.540715921016 -63.33526955107 -62.555025992297 -61.096941282889 -59.994788809694 -59.248539214297 -59.144827003721 -59.105566649032 -59.132389931321 -59.50621726682 -60.728443399061 -62.682952158016 -64.71766072302 -66.489715428162 -67.659481426308 -68.256480792577 -67.596189745381 -64.183580717741 -58.563601900652
-68.918342780968 -69.320013886498 -69.111112683706 -68.003034256746 -67.959680642864 -68.862815670301 -70.608427511166 -71.527699538889 -71.689667867295 -71.449503877358 -70.786332597635 -69.65810265862 -67.673949238441 -64.652176109448 -61.656682663066 -59.220383428641 -57.29629743592 -55.712304099215 -53.886836724404 -52.657371265301 -51.709974837679 -51.771703157903 -53.589919884411 -55.898797418848 -57.997457206343 -60.175993443135 -61.369418072919 -61.661312517392 -61.344945822561 -60.677111133161 -59.334160055684 -58.025314515195 -57.258786686079 -57.358194206167 -57.567925066126 -57.782119281769 -58.801655007012 -60.954420948579 -63.6574088135 -65.602963427504 -66.501405014769 -66.877595958085 -66.61575702788 -64.805378333081 -60.140407921109 -53.542040347302
-71.193434201353 -72.604138089124 -74.465494856799 -73.708332815335 -73.405907825204 -74.788582139094 -76.029051744545 -76.752792062404 -76.715279808442 -76.585323172168 -76.055501387678 -74.792346136045 -72.227291703685 -68.700985089839 -65.21603945586 -62.310619596302 -60.140934483807 -58.130231821179 -55.561188483645 -54.50954735549 -52.996957484986 -51.292139781783 -51.955605482443 -53.163397914267 -55.043879698778 -56.971509892295 -58.151708030304 -58.782850205234 -58.693458982164 -58.113076771158 -57.171677033285 -56.135386393495 -55.814033760303 -56.266908784176 -56.791954160535 -57.475749843697 -59.235011544991 -61.852619857546 -64.591435188404 -66.214637170251 -66.370042258392 -65.796489583862 -64.203440009486 -59.372897372694 -51.754404297022 -44.77591424692
-72.218480252517 -74.315360841779 -76.406349927323 -77.452723778989 -77.902451162181 -79.004369072138 -80.195081218319 -80.24335940416 -79.613294490941 -79.356583646686 -78.900555577372 -77.519582145104 -74.898296718541 -71.711677050001 -68.43682465473 -65.289731839832 -62.547326938835 -59.685900022035 -56.695018919594 -54.972537947086 -53.377356998473 -51.003194301751 -49.986579036963 -50.280155871675 -51.304144255438 -52.485433294939 -53.47881754763 -54.803471291695 -55.585924675239 -55.233329289157 -54.647569655013 -53.949494957546 -54.079531142954 -55.326949423064 -56.532616895866 -57.784316398122 -59.747253475768 -62.31057167996 -64.45263640589 -65.390109434576 -64.962927823799 -63.625396856462 -60.89175634932 -53.809161680989 -43.703843706136 -36.772313965383
-71.685653208479 -74.343299642197 -76.988732577852 -79.047310852086 -80.362137976035 -81.10768235606 -81.777020382156 -81.47010849594 -80.769985515188 -80.357670628058 -79.575861317953 -77.962824105831 -75.591899314301 -72.928566342303 -70.341745744806 -67.568412654183 -64.305454111877 -60.462236557649 -56.631382502311 -53.618632941452 -51.289817857751 -49.239460684521 -47.758181140285 -47.631831498297 -48.306679230178 -49.245471407858 -50.376953953004 -52.292147596596 -53.464184095233 -52.987031258237 -52.266686363317 -52.276310290334 -53.243509186042 -54.850813669106 -56.186009224017 -57.899629112607 -59.632814370466 -61.575148298169 -62.963358802174 -63.046770143823 -62.002574247703 -60.253739175382 -57.259649283574 -51.382962749253 -42.445072848408 -35.203179867022
-71.255049075067 -74.14610603431 -77.041471683851 -79.316747432715 -80.669142235038 -81.435165858127 -81.823720157907 -81.4754257783 -80.859637190164 -80.333622103601 -79.335945068978 -77.730779989216 -75.445259315303 -72.868514057326 -70.783539880755 -68.352953510635 -65.126857723539 -60.959352861955 -56.38515945164 -52.898428304188 -50.464117737595 -49.21952046416 -48.571670461209 -48.766358049978 -49.194523270083 -49.952807208684 -50.783507635191 -52.143235912087 -52.852111642296 -52.264700340645 -51.615919955493 -52.316291089903 -53.794094739644 -55.092818388148 -56.056129931258 -57.955210044251 -59.451992892074 -60.308994308942 -60.842753988058 -60.278022650064 -58.782663478431 -56.831163836732 -54.299143257929 -50.863478760326 -45.601130168626 -38.854349883118
-71.283790946078 -73.875985091694 -76.470593948951 -78.644206516634 -80.059315493103 -80.723555451507 -80.955343380085 -80.676679456129 -80.314344931276 -79.740464209203 -78.492511224284 -76.909383051765 -74.848215959815 -72.34009574206 -70.199553745277 -67.882827450386 -65.163585160448 -61.865723340023 -57.921479572175 -55.422174115727 -54.070854471194 -53.526400333064 -53.4601323487 -53.684231822846 -53.320549182627 -53.13937281572 -52.963918148694 -53.015546820578 -53.07884013291 -52.782564819132 -52.827971894033 -53.402002839505 -54.184355372489 -55.331959917143 -56.632282105188 -58.090338221261 -59.195642758791 -59.397860826208 -58.649294956179 -57.518145163166 -56.072230049598 -54.249665610029 -51.989387983692 -49.709991158449 -46.992827345148 -41.865771946272
-71.015556017347 -73.142585073602 -75.243482745845 -77.129117515408 -78.482502002342 -79.217568798694 -79.396071646098 -79.073400672316 -78.879834366394 -78.322408560501 -76.908703239336 -75.280312323591 -73.769604680231 -71.739735960625 -69.387376860936 -67.235405160703 -65.000450973234 -62.921696094455 -60.707574548586 -59.444153412538 -59.017992929009 -58.622827197344 -58.046783725622 -57.444749816937 -56.545424686578 -55.596281778176 -54.907268829233 -54.275762131085 -53.838274661611 -53.548815873214 -53.580427360231 -53.925087860705 -54.446604929629 -55.283192921581 -56.710367219635 -57.909332587749 -58.481767090562 -58.240701555301 -56.846809890249 -55.481922126221 -54.60190828943 -52.768845214853 -50.882497746062 -48.942317077792 -46.603679755932 -41.908244679069
-70.202177294378 -71.799057482359 -73.482195615752 -74.878592886814 -75.81814759537 -76.643439210374 -76.902030539515 -76.588149353522 -76.263543611426 -75.642036647525 -74.461490075789 -72.922710779134 -71.812547756021 -70.333858560248 -68.261419626242 -66.46708247989 -64.455701705457 -62.772797974241 -61.833110884938 -61.088002934036 -60.371034932035 -59.744903629742 -58.723722250215 -57.75379136794 -57.07341127149 -56.91484926464 -56.41575354911 -55.403382384856 -54.711877412756 -54.343176530744 -54.294470242037 -54.221707480151 -54.367453036889 -55.034064043307 -56.46186701012 -57.354515502649 -56.890325260107 -55.823335074352 -55.227899506722 -54.076150268787 -53.127643683234 -51.608799434459 -50.016116920855 -48.367895469747 -46.38475875701 -42.511240466515
-68.867742556908 -69.691059789993 -70.997853369174 -71.892185283055 -72.604888025971 -73.007764471563 -73.189944200578 -73.144170838312 -72.673582953806 -71.738374728289 -70.719061490013 -69.281582831977 -67.970849351233 -66.753540527179 -65.502915871136 -64.195589433476 -62.413341882674 -61.04362850466 -60.571286024458 -59.868570156134 -59.109173300381 -58.316053781652 -57.283536710137 -56.466578635142 -56.478949893645 -56.989272528131 -56.590431566558 -55.758978798141 -55.243504044562 -54.823803741354 -54.518022193285 -54.304752002968 -54.311017089193 -55.061234047205 -55.827072927004 -55.990962839018 -54.854406840565 -53.806685674153 -53.167562781206 -52.651852421126 -52.047290279797 -51.133357950682 -49.543044825251 -47.764493388217 -47.067702399187 -45.106140163411
-66.396968139132 -66.522705672474 -67.610921359608 -68.186374529919 -68.631248976663 -68.849658923288 -68.870512800793 -68.771579469709 -68.278069341704 -67.1349865393 -65.973930221688 -64.550358880437 -63.123138837874 -62.140791421267 -61.465336513456 -60.727240199698 -59.794659216389 -58.816761481369 -58.266177831101 -57.541862189709 -57.045080847951 -56.463325339872 -55.811893586694 -55.31773789977 -55.581483292215 -56.056809978527 -55.868481291695 -55.596334898797 -55.252775811704 -54.95495233428 -54.427330400501 -54.470024931602 -54.56321563125 -55.352925001758 -55.286705936675 -54.373734797548 -53.737432963818 -53.276789215332 -52.971982624395 -52.797605151951 -53.09861867581 -53.181719140663 -51.808440554947 -49.924031995459 -49.125440806065 -48.442858233476
-62.227526060476 -62.384565061954 -63.901110864877 -64.856044872364 -64.592397154169 -63.917098219982 -63.78514160592 -63.623187712821 -63.037746263311 -62.189489784404 -61.144802402456 -59.97430744384 -58.805700444574 -58.085623385588 -57.735961887828 -57.648451191813 -57.40249234255 -56.735011948181 -56.202761839448 -55.706206377104 -55.350300508122 -55.082476818842 -54.978803644818 -54.819193903087 -54.733527470537 -54.872104742014 -55.052247138465 -55.323884410186 -55.153097569032 -54.588657504175 -54.27244043178 -54.560978443173 -54.818495190256 -55.060383146018 -54.610069486192 -53.883662516524 -54.169900720443 -54.312744951429 -54.331526972451 -54.295083357009 -54.39981340587 -53.922055064246 -52.321250272554 -50.170024183157 -48.982300836014 -49.171904413182
-58.373897058066 -58.406551930624 -60.506730144567 -61.375141072395 -61.062492688763 -60.192390177135 -59.73905918019 -59.497426992576 -59.0001054823 -58.689227588777 -58.099340643026 -57.157380897197 -56.135485371254 -55.447734868034 -55.515406094999 -56.261846160154 -56.322190357334 -55.374600157364 -54.574749379518 -54.664500938101 -54.756978555179 -55.081324882805 -55.077418374106 -54.792700015446 -54.203740729421 -54.206255591583 -54.381578686291 -54.37154121675 -54.114389773091 -53.641172727046 -53.551949905984 -54.094656863636 -54.575565713729 -54.585695665613 -54.186617756343 -54.543662406419 -54.839298355287 -54.807425646067 -54.728674716374 -54.231676480235 -53.292400635676 -51.536498135734 -49.101621850899 -46.613140528354 -45.467917161576 -46.117125343087
-56.900921244654 -56.798819903389 -58.271186092034 -59.597493387933 -59.589421479239 -59.185285621591 -58.914224653787 -59.255978976707 -59.509035570879 -59.606672596701 -59.246859699167 -58.44512669891 -57.256317411487 -56.250662425933 -56.385692022994 -56.759114527525 -56.545698969502 -55.543485231679 -54.428504108061 -54.822651721756 -55.521176890781 -55.875392341842 -55.537621933494 -54.705672500136 -53.527587571586 -53.008194941226 -52.96981514137 -52.885695790032 -52.639701446166 -52.580001045939 -52.708330287491 -53.133179293012 -53.73384198276 -53.994953036515 -54.138155933017 -54.674460153275 -54.288776881035 -53.513810775665 -52.811000874562 -51.416516172244 -49.464887848556 -46.866612551776 -43.533718997889 -41.057898927312 -40.263482421967 -40.793722665021
-58.646823527118 -58.826266954112 -59.982571804392 -61.259476081789 -61.695647224995 -61.587348086459 -61.973361627385 -62.869316187197 -63.51973277275 -63.644831711814 -63.200310943828 -62.372533529827 -60.951491383147 -58.884130251688 -57.211956149342 -56.871108037903 -56.708374047532 -56.062454984034 -55.143690906533 -55.554453497373 -56.303708775681 -56.165643959484 -55.027900811662 -53.517620292188 -52.030621730013 -51.161027739104 -51.102879949016 -51.374372386256 -51.471827761818 -51.733340185378 -51.976141461166 -51.939943441697 -52.305333220763 -52.680812290511 -53.144118360235 -53.083361979792 -52.040563517185 -50.761914291841 -49.316399682316 -46.994869569567 -44.20882251635 -40.994886213368 -37.157007980584 -35.200780786677 -34.852120571277 -35.117045286614
-60.773708894728 -61.215515376265 -61.697276363835 -62.562829701511 -63.050404145258 -63.242628998036 -63.910768637609 -64.898309398422 -65.6224306452 -65.802223095538 -65.271260698692 -64.298385934606 -62.742865797942 -59.986818842115 -57.370642728703 -56.68048605522 -56.526259958613 -56.154619872111 -55.648316361075 -55.703181478018 -55.915357018073 -55.16491212546 -53.326012896196 -51.398077985263 -49.98159821559 -49.215912644219 -49.372024742286 -50.058914873046 -50.623335315218 -50.960551527132 -50.994108950877 -50.470563825743 -50.081848935185 -50.077149436651 -50.606253074133 -50.088929462067 -48.829470368617 -47.53892538101 -45.727201267985 -42.770471150844 -39.138045855988 -35.008917091806 -31.538176587482 -30.329754597946 -30.269557275381 -30.436243873708
-60.843780431271 -61.113219253811 -61.309776181369 -61.430888294443 -61.727907640554 -62.377632435884 -62.991290143552 -63.685651693386 -64.250032694157 -64.501343747828 -63.935376702757 -62.914792281133 -61.66035044683 -59.409017416595 -57.18721675371 -56.635818186868 -56.167425453205 -55.471545608664 -55.104076767334 -54.718108113703 -54.241380475336 -53.184978474256 -51.014789507783 -48.83894407027 -47.589180607817 -47.461110083938 -48.138231318849 -49.237099766548 -50.256855154661 -50.60714173481 -49.825279102586 -48.802860111934 -47.42336490735 -46.848340712244 -47.340783927678 -46.609701329573 -45.554379518476 -44.226715536178 -42.610006056951 -39.3578908168 -34.889327649501 -30.146548705381 -27.814111837732 -27.601624487743 -27.332575313197 -27.111393861234
-60.243207211646 -60.585653629786 -60.937464760117 -60.523727940279 -60.135323384434 -60.666158385587 -61.090515315001 -61.179013967464 -61.171329484017 -61.158348904593 -60.83503605164 -60.339889212536 -59.844311076178 -58.672804743431 -57.248000967635 -56.684383125077 -55.44365085405 -53.86370224348 -53.055173852213 -52.310043390714 -51.433152239408 -50.376015563762 -48.242732088135 -46.111673248152 -45.125356050798 -45.872058022421 -47.475733641978 -49.185335280186 -50.458587236561 -50.620383251261 -48.47810360688 -46.428875351773 -45.075372184142 -44.120885992735 -43.659075229555 -42.933042557218 -42.226067874424 -40.7124438219 -39.239419595025 -35.537861158486 -30.942993154565 -27.080797636425 -26.318860730505 -26.741675272948 -26.181940488593 -26.643057102756
-61.683702438611 -62.524087499768 -63.33066796179 -62.423475094352 -60.762172173562 -60.191495730124 -59.801836242918 -59.193469079605 -58.632546541165 -58.212571538622 -58.263742212254 -58.549254287412 -58.757825067935 -58.317435587861 -57.611825867186 -56.612685699685 -54.258190535829 -51.751774152503 -49.81747352905 -48.542121272732 -47.850558505571 -46.986237010315 -45.366164451702 -43.927628746206 -43.513485392318 -44.581409472261 -47.183855064859 -49.41363126695 -50.045464436296 -48.765516703961 -45.193027738752 -42.615239232749 -41.593502834946 -40.861775134162 -40.07928354879 -39.509884340138 -39.093851071633 -38.002222989897 -35.832182435297 -32.326824845927 -28.634600323942 -26.487426610745 -26.67928311196 -26.244471805571 -25.60116178967 -27.722429478995
