MFC+VTK/函数库及接口制作/重磁三维基本处理/张双喜的程序/经验模态分解_2D/三峡gra_ε=0.001_BIMF_A5.grd
DSAA
196 196
305000.000000 695000.000000
3265000.000000 3655000.000000
-139.38863 -18.05582
[rows 48 to 71 of 196, columns 56 to 111 of 196]
-103.587739 -103.112463 -102.635775 -102.157645 -101.678044 -101.196945 -100.714324 -100.230157 -99.744421 -99.257097 -98.768166 -98.277610 -97.785413 -97.291561 -96.796041 -96.298840 -95.799948 -95.299356 -94.797056 -94.293040 -93.787302 -93.279837 -92.770642 -92.259714 -91.747050 -91.232649 -90.716511 -90.198637 -89.679029 -89.157688 -88.634618 -88.109824 -87.583310 -87.055082 -86.525148 -85.993516 -85.460193 -84.925191 -84.388521 -83.850195 -83.310226 -82.768630 -82.225421 -81.680619 -81.134240 -80.586305 -80.036835 -79.485852 -78.933379 -78.379443 -77.824068 -77.267281 -76.709111 -76.149587 -75.588739 -75.026599
-103.935175 -103.460383 -102.984194 -102.506575 -102.027498 -101.546934 -101.064859 -100.581246 -100.096073 -99.609319 -99.120963 -98.630987 -98.139373 -97.646106 -97.151171 -96.654555 -96.156246 -95.656233 -95.154505 -94.651055 -94.145875 -93.638957 -93.130297 -92.619889 -92.107729 -91.593815 -91.078143 -90.560713 -90.041524 -89.520576 -88.997870 -88.473409 -87.947194 -87.419231 -86.889523 -86.358077 -85.824899 -85.289998 -84.753383 -84.215064 -83.675053 -83.133363 -82.590009 -82.045007 -81.498374 -80.950129 -80.400292 -79.848885 -79.295931 -78.741454 -78.185481 -77.628038 -77.069153 -76.508857 -75.947179 -75.384151
-104.280309 -103.806007 -103.330318 -102.853209 -102.374650 -101.894613 -101.413069 -100.929995 -100.445364 -99.959155 -99.471347 -98.981920 -98.490854 -97.998134 -97.503744 -97.007668 -96.509893 -96.010407 -95.509199 -95.006259 -94.501576 -93.995143 -93.486953 -92.976998 -92.465273 -91.951774 -91.436495 -90.919433 -90.400587 -89.879953 -89.357532 -88.833323 -88.307327 -87.779546 -87.249983 -86.718641 -86.185526 -85.650644 -85.114002 -84.575609 -84.035476 -83.493614 -82.950036 -82.404758 -81.857795 -81.309166 -80.758890 -80.206988 -79.653484 -79.098401 -78.541765 -77.983603 -77.423943 -76.862816 -76.300252 -75.736284
-104.623043 -104.149237 -103.674050 -103.197449 -102.719403 -102.239882 -101.758858 -101.276304 -100.792196 -100.306508 -99.819219 -99.330309 -98.839757 -98.347545 -97.853656 -97.358075 -96.860786 -96.361776 -95.861032 -95.358543 -94.854297 -94.348285 -93.840499 -93.330929 -92.819568 -92.306410 -91.791449 -91.274680 -90.756098 -90.235700 -89.713483 -89.189446 -88.663587 -88.135906 -87.606405 -87.075085 -86.541951 -86.007005 -85.470256 -84.931709 -84.391374 -83.849261 -83.305383 -82.759753 -82.212386 -81.663301 -81.112516 -80.560051 -80.005930 -79.450176 -78.892815 -78.333875 -77.773383 -77.211370 -76.647867 -76.082906
-104.963275 -104.489971 -104.015289 -103.539195 -103.061656 -102.582643 -102.102125 -101.620076 -101.136468 -100.651277 -100.164479 -99.676054 -99.185979 -98.694236 -98.200806 -97.705673 -97.208820 -96.710232 -96.209896 -95.707799 -95.203928 -94.698273 -94.190823 -93.681568 -93.170499 -92.657609 -92.142890 -91.626335 -91.107939 -90.587696 -90.065603 -89.541655 -89.015850 -88.488186 -87.958664 -87.427283 -86.894047 -86.358957 -85.822018 -85.283237 -84.742622 -84.200181 -83.655927 -83.109871 -82.562029 -82.012417 -81.461054 -80.907961 -80.353159 -79.796673 -79.238528 -78.678751 -78.117372 -77.554420 -76.989928 -76.423927
-105.300904 -104.828108 -104.353934 -103.878345 -103.401309 -102.922794 -102.442770 -101.961207 -101.478079 -100.993360 -100.507025 -100.019052 -99.529418 -99.038103 -98.545089 -98.050356 -97.553889 -97.055670 -96.555685 -96.053919 -95.550360 -95.044995 -94.537813 -94.028802 -93.517952 -93.005254 -92.490700 -91.974281 -91.455990 -90.935820 -90.413767 -89.889825 -89.363991 -88.836261 -88.306634 -87.775110 -87.241688 -86.706371 -86.169163 -85.630069 -85.089095 -84.546250 -84.001544 -83.454990 -82.906602 -82.356396 -81.804389 -81.250603 -80.695059 -80.137781 -79.578795 -79.018128 -78.455809 -77.891869 -77.326340 -76.759255
-105.635827 -105.163546 -104.689882 -104.214798 -103.738259 -103.260234 -102.780689 -102.299597 -101.816928 -101.332655 -100.846754 -100.359199 -99.869970 -99.379043 -98.886400 -98.392020 -97.895886 -97.397981 -96.898288 -96.396793 -95.893482 -95.388340 -94.881355 -94.372515 -93.861810 -93.349228 -92.834759 -92.318396 -91.800128 -91.279950 -90.757854 -90.233834 -89.707885 -89.180005 -88.650189 -88.118436 -87.584747 -87.049122 -86.511563 -85.972076 -85.430666 -84.887341 -84.342111 -83.794987 -83.245984 -82.695116 -82.142402 -81.587861 -81.031516 -80.473390 -79.913509 -79.351900 -78.788593 -78.223618 -77.657007 -77.088795
-105.967937 -105.496178 -105.023028 -104.548447 -104.072402 -103.594857 -103.115780 -102.635140 -102.152909 -101.669057 -101.183560 -100.696392 -100.207529 -99.716950 -99.224632 -98.730556 -98.234704 -97.737057 -97.237598 -96.736311 -96.233181 -95.728194 -95.221336 -94.712594 -94.201957 -93.689412 -93.174950 -92.658560 -92.140233 -91.619962 -91.097738 -90.573554 -90.047406 -89.519289 -88.989199 -88.457134 -87.923094 -87.387077 -86.849088 -86.309129 -85.767206 -85.223327 -84.677500 -84.129736 -83.580050 -83.028456 -82.474973 -81.919618 -81.362416 -80.803388 -80.242560 -79.679961 -79.115619 -78.549565 -77.981832 -77.412453
-106.297128 -105.825899 -105.353266 -104.879189 -104.403631 -103.926558 -103.447935 -102.967732 -102.485917 -102.002461 -101.517339 -101.030523 -100.541990 -100.051716 -99.559678 -99.065858 -98.570234 -98.072788 -97.573502 -97.072360 -96.569346 -96.064444 -95.557640 -95.048922 -94.538275 -94.025689 -93.511151 -92.994652 -92.476182 -91.955732 -91.433294 -90.908861 -90.382426 -89.853986 -89.323536 -88.791074 -88.256597 -87.720108 -87.181606 -86.641097 -86.098585 -85.554076 -85.007581 -84.459109 -83.908674 -83.356292 -82.801979 -82.245754 -81.687639 -81.127659 -80.565837 -80.002202 -79.436782 -78.869609 -78.300715 -77.730135
-106.623291 -106.152600 -105.680487 -105.206913 -104.731839 -104.255229 -103.777049 -103.297264 -102.815845 -102.332760 -101.847983 -101.361486 -100.873244 -100.383233 -99.891431 -99.397815 -98.902366 -98.405064 -97.905891 -97.404829 -96.901863 -96.396976 -95.890153 -95.381382 -94.870647 -94.357939 -93.843243 -93.326551 -92.807851 -92.287136 -91.764396 -91.239625 -90.712817 -90.183966 -89.653068 -89.120122 -88.585126 -88.048079 -87.508985 -86.967846 -86.424668 -85.879457 -85.332223 -84.782976 -84.231728 -83.678496 -83.123296 -82.566146 -82.007069 -81.446087 -80.883226 -80.318512 -79.751976 -79.183646 -78.613557 -78.041742
-106.946317 -106.476171 -106.004583 -105.531512 -105.056918 -104.580763 -104.103012 -103.623630 -103.142585 -102.659846 -102.175384 -101.689172 -101.201183 -100.711393 -100.219779 -99.726318 -99.230990 -98.733774 -98.234652 -97.733605 -97.230618 -96.725674 -96.218758 -95.709856 -95.198955 -94.686041 -94.171104 -93.654132 -93.135117 -92.614048 -92.090917 -91.565719 -91.038447 -90.509096 -89.977664 -89.444146 -88.908544 -88.370858 -87.831089 -87.289242 -86.745322 -86.199336 -85.651293 -85.101204 -84.549081 -83.994940 -83.438797 -82.880671 -82.320582 -81.758554 -81.194612 -80.628781 -80.061091 -79.491572 -78.920256 -78.347177
-107.266093 -106.796500 -106.325442 -105.852874 -105.378756 -104.903048 -104.425714 -103.946718 -103.466026 -102.983607 -102.499432 -102.013470 -101.525697 -101.036086 -100.544613 -100.051256 -99.555993 -99.058805 -98.559671 -98.058574 -97.555497 -97.050423 -96.543338 -96.034227 -95.523077 -95.009876 -94.494611 -93.977273 -93.457852 -92.936340 -92.412729 -91.887013 -91.359187 -90.829246 -90.297188 -89.763012 -89.226718 -88.688307 -88.147782 -87.605148 -87.060410 -86.513576 -85.964656 -85.413660 -84.860601 -84.305494 -83.748355 -83.189203 -82.628057 -82.064941 -81.499878 -80.932894 -80.364018 -79.793280 -79.220710 -78.646341
-107.582506 -107.113475 -106.642949 -106.170885 -105.697240 -105.221972 -104.745043 -104.266416 -103.786058 -103.303934 -102.820015 -102.334271 -101.846674 -101.357199 -100.865821 -100.372516 -99.877264 -99.380044 -98.880835 -98.379621 -97.876383 -97.371106 -96.863775 -96.354376 -95.842895 -95.329320 -94.813642 -94.295849 -93.775933 -93.253886 -92.729702 -92.203376 -91.674903 -91.144280 -90.611507 -90.076583 -89.539510 -89.000289 -88.458926 -87.915425 -87.369793 -86.822040 -86.272174 -85.720207 -85.166152 -84.610024 -84.051838 -83.491613 -82.929368 -82.365124 -81.798906 -81.230737 -80.660646 -80.088661 -79.514813 -78.939134
-107.895439 -107.426978 -106.956991 -106.485431 -106.012255 -105.537420 -105.060885 -104.582612 -104.102566 -103.620713 -103.137021 -102.651460 -102.164002 -101.674620 -101.183289 -100.689986 -100.194689 -99.697376 -99.198029 -98.696630 -98.193161 -97.687606 -97.179951 -96.670181 -96.158286 -95.644252 -95.128071 -94.609733 -94.089230 -93.566556 -93.041706 -92.514675 -91.985462 -91.454065 -90.920484 -90.384722 -89.846781 -89.306665 -88.764380 -88.219933 -87.673332 -87.124587 -86.573709 -86.020708 -85.465599 -84.908396 -84.349114 -83.787772 -83.224387 -82.658981 -82.091574 -81.522192 -80.950861 -80.377607 -79.802460 -79.225452
-108.204775 -107.736892 -107.267448 -106.796395 -106.323686 -105.849276 -105.373123 -104.895189 -104.415436 -103.933829 -103.450335 -102.964924 -102.477566 -101.988234 -101.496903 -101.003550 -100.508151 -100.010687 -99.511137 -99.009484 -98.505711 -97.999803 -97.491745 -96.981524 -96.469128 -95.954548 -95.437774 -94.918799 -94.397616 -93.874220 -93.348608 -92.820778 -92.290729 -91.758463 -91.223982 -90.687289 -90.148391 -89.607293 -89.064003 -88.518530 -87.970885 -87.421077 -86.869119 -86.315023 -85.758803 -85.200474 -84.640050 -84.077548 -83.512986 -82.946384 -82.377761 -81.807141 -81.234547 -80.660005 -80.083544 -79.505193
-108.510394 -108.043098 -107.574202 -107.103657 -106.631412 -106.157421 -105.681641 -105.204031 -104.724551 -104.243166 -103.759841 -103.274546 -102.787250 -102.297926 -101.806548 -101.313092 -100.817536 -100.319859 -99.820041 -99.318066 -98.813916 -98.307577 -97.799036 -97.288280 -96.775298 -96.260083 -95.742625 -95.222919 -94.700960 -94.176747 -93.650276 -93.121550 -92.590569 -92.057337 -91.521860 -90.984145 -90.444199 -89.902032 -89.357653 -88.811075 -88.262308 -87.711367 -87.158263 -86.603011 -86.045625 -85.486119 -84.924508 -84.360807 -83.795034 -83.227206 -82.657342 -82.085462 -81.511588 -80.935744 -80.357956 -79.778251
-108.812173 -108.345472 -107.877131 -107.407095 -106.935312 -106.461735 -105.986317 -105.509016 -105.029791 -104.548604 -104.065421 -103.580209 -103.092937 -102.603578 -102.112106 -101.618496 -101.122725 -100.624774 -100.124624 -99.622256 -99.117656 -98.610809 -98.101703 -97.590327 -97.076671 -96.560729 -96.042494 -95.521963 -94.999133 -94.474003 -93.946576 -93.416853 -92.884842 -92.350548 -91.813980 -91.275148 -90.734063 -90.190738 -89.645186 -89.097422 -88.547459 -87.995313 -87.440999 -86.884531 -86.325924 -85.765193 -85.202351 -84.637415 -84.070399 -83.501319 -82.930190 -82.357033 -81.781864 -81.204707 -80.625583 -80.044519
-109.109987 -108.643890 -108.176108 -107.706584 -107.235263 -106.762094 -106.287029 -105.810023 -105.331034 -104.850023 -104.366954 -103.881793 -103.394508 -102.905072 -102.413458 -101.919641 -101.423600 -100.925313 -100.424763 -99.921933 -99.416808 -98.909374 -98.399621 -97.887539 -97.373121 -96.856360 -96.337254 -95.815800 -95.292000 -94.765855 -94.237370 -93.706552 -93.173410 -92.637954 -92.100198 -91.560154 -91.017838 -90.473267 -89.926458 -89.377427 -88.826193 -88.272773 -87.717183 -87.159440 -86.599559 -86.037556 -85.473443 -84.907236 -84.338947 -83.768590 -83.196179 -82.621729 -82.045256 -81.466778 -80.886315 -80.303889
-109.403710 -108.938224 -108.471007 -108.001997 -107.531137 -107.058372 -106.583651 -106.106928 -105.628158 -105.147301 -104.664318 -104.179175 -103.691841 -103.202286 -102.710483 -102.216408 -101.720039 -101.221355 -100.720339 -100.216975 -99.711249 -99.203149 -98.692666 -98.179791 -97.664519 -97.146846 -96.626772 -96.104298 -95.579427 -95.052165 -94.522521 -93.990506 -93.456132 -92.919415 -92.380371 -91.839020 -91.295381 -90.749475 -90.201323 -89.650947 -89.098366 -88.543601 -87.986672 -87.427596 -86.866390 -86.303068 -85.737645 -85.170133 -84.600544 -84.028888 -83.455178 -82.879424 -82.301639 -81.721837 -81.140034 -80.556249
-109.693209 -109.228343 -108.761697 -108.293204 -107.822803 -107.350438 -106.876055 -106.399602 -105.921035 -105.440310 -104.957388 -104.472233 -103.984813 -103.495097 -103.003059 -102.508673 -102.011919 -101.512776 -101.011228 -100.507258 -100.000855 -99.492008 -98.980709 -98.466953 -97.950735 -97.432055 -96.910915 -96.387320 -95.861277 -95.332795 -94.801889 -94.268573 -93.732865 -93.194785 -92.654356 -92.111602 -91.566547 -91.019217 -90.469638 -89.917835 -89.363833 -88.807656 -88.249324 -87.688858 -87.126275 -86.561591 -85.994819 -85.425970 -84.855055 -84.282081 -83.707057 -83.129990 -82.550889 -81.969763 -81.386623 -80.801485
-109.978353 -109.514114 -109.048042 -108.580069 -108.110129 -107.638161 -107.164107 -106.687914 -106.209534 -105.728921 -105.246035 -104.760838 -104.273296 -103.783379 -103.291060 -102.796313 -102.299116 -101.799452 -101.297303 -100.792656 -100.285499 -99.775823 -99.263623 -98.748894 -98.231637 -97.711853 -97.189548 -96.664730 -96.137411 -95.607605 -95.075331 -94.540609 -94.003464 -93.463920 -92.922006 -92.377752 -91.831189 -91.282347 -90.731257 -90.177950 -89.622453 -89.064794 -88.504998 -87.943085 -87.379076 -86.812985 -86.244827 -85.674611 -85.102344 -84.528034 -83.951684 -83.373298 -82.792879 -82.210432 -81.625963 -81.039481
-110.259005 -109.795398 -109.329907 -108.862456 -108.392977 -107.921403 -107.447673 -106.971730 -106.493523 -106.013004 -105.530130 -105.044861 -104.557163 -104.067005 -103.574358 -103.079198 -102.581503 -102.081255 -101.578439 -101.073041 -100.565051 -100.054464 -99.541274 -99.025482 -98.507090 -97.986103 -97.462531 -96.936387 -96.407687 -95.876451 -95.342703 -94.806470 -94.267783 -93.726673 -93.183175 -92.637326 -92.089162 -91.538720 -90.986037 -90.431147 -89.874083 -89.314877 -88.753555 -88.190141 -87.624656 -87.057116 -86.487534 -85.915920 -85.342279 -84.766614 -84.188927 -83.609216 -83.027480 -82.443718 -81.857929 -81.270116
-110.535025 -110.072055 -109.607148 -109.140223 -108.671205 -108.200024 -107.726613 -107.250912 -106.772865 -106.292422 -105.809537 -105.324169 -104.836282 -104.345843 -103.852824 -103.357200 -102.858950 -102.358056 -101.854503 -101.348280 -100.839380 -100.327797 -99.813529 -99.296581 -98.776956 -98.254666 -97.729723 -97.202147 -96.671959 -96.139186 -95.603857 -95.066007 -94.525673 -93.982895 -93.437714 -92.890175 -92.340320 -91.788192 -91.233834 -90.677286 -90.118586 -89.557766 -88.994859 -88.429889 -87.862880 -87.293849 -86.722808 -86.149765 -85.574726 -84.997690 -84.418654 -83.837614 -83.254562 -82.669491 -82.082395 -81.493268
-110.806270 -110.343940 -109.879620 -109.413222 -108.944667 -108.473877 -108.000781 -107.525315 -107.047417 -106.567034 -106.084118 -105.598624 -105.110516 -104.619759 -104.126323 -103.630185 -103.131324 -102.629721 -102.125363 -101.618242 -101.108350 -100.595685 -100.080250 -99.562049 -99.041094 -98.517397 -97.990979 -97.461864 -96.930080 -96.395660 -95.858642 -95.319068 -94.776984 -94.232437 -93.685476 -93.136153 -92.584518 -92.030621 -91.474510 -90.916231 -90.355824 -89.793328 -89.228778 -88.662200 -88.093620 -87.523054 -86.950517 -86.376016 -85.799554 -85.221128 -84.640733 -84.058359 -83.473993 -82.887622 -82.299231 -81.708809
