MFC+VTK/函数库及接口制作/重磁三维基本处理/张双喜的程序/经验模态分解_2D/三峡gra_ε=0.001区域异常（BIMF4～BIMF6）.grd
DSAA
196 196
305000.000000 695000.000000
3265000.000000 3655000.000000
-152.75156 -21.01980
[rows 125 to 149 of 196, columns 0 to 54 of 196]
-151.737157 -151.286723 -150.833282 -150.375195 -149.911415 -149.441110 -148.963557 -148.478147 -147.984403 -147.481991 -146.970733 -146.450597 -145.921698 -145.384297 -144.838816 -144.285841 -143.726142 -143.160677 -142.590598 -142.017240 -141.442093 -140.866759 -140.292874 -139.722026 -139.155656 -138.594961 -138.040805 -137.493642 -136.953470 -136.419813 -135.891725 -135.367822 -134.846328 -134.325142 -133.801905 -133.274058 -132.738896 -132.193605 -131.635279 -131.060954 -130.467639 -129.852343 -129.212087 -128.543927 -127.845065 -127.113150 -126.346770 -125.545885 -124.711843 -123.847074 -122.954953 -122.039958 -121.107794 -120.165089 -119.218808
-152.037665 -151.595375 -151.149235 -150.697781 -150.239924 -149.774597 -149.300750 -148.817414 -148.323758 -147.819133 -147.303091 -146.775385 -146.235973 -145.685013 -145.122884 -144.550195 -143.967806 -143.376842 -142.778705 -142.175063 -141.567812 -140.959017 -140.350817 -139.745325 -139.144518 -138.550135 -137.963570 -137.385778 -136.817209 -136.257767 -135.706819 -135.163211 -134.625326 -134.091156 -133.558382 -133.024448 -132.486601 -131.941906 -131.387279 -130.819550 -130.235539 -129.632107 -129.006144 -128.354503 -127.673907 -126.961034 -126.213031 -125.428473 -124.607973 -123.753736 -122.869329 -121.960200 -121.033517 -120.097226 -119.159137
-152.296438 -151.859465 -151.420080 -150.976067 -150.525668 -150.067301 -149.599445 -149.120662 -148.629671 -148.125413 -147.607091 -147.074178 -146.526425 -145.963857 -145.386796 -144.795869 -144.192034 -143.576607 -142.951274 -142.318075 -141.679347 -141.037633 -140.395563 -139.755742 -139.120643 -138.492511 -137.873265 -137.264400 -136.666885 -136.081091 -135.506785 -134.943145 -134.388794 -133.841862 -133.300101 -132.760947 -132.221536 -131.678697 -131.129035 -130.569073 -129.995390 -129.404712 -128.793896 -128.159815 -127.499110 -126.807864 -126.081587 -125.316327 -124.510859 -123.666748 -122.788203 -121.882821 -120.959937 -120.028808 -119.097799
-152.503548 -152.073217 -151.641392 -151.205913 -150.764569 -150.315223 -149.855790 -149.384271 -148.898825 -148.397864 -147.880118 -147.344682 -146.791036 -146.219046 -145.628963 -145.021440 -144.397558 -143.758868 -143.107405 -142.445644 -141.776401 -141.102702 -140.427635 -139.754240 -139.085409 -138.423825 -137.771893 -137.131658 -136.504685 -135.891927 -135.293655 -134.709493 -134.138434 -133.578822 -133.028521 -132.484945 -131.944992 -131.405078 -130.861348 -130.309937 -129.747164 -129.169615 -128.574119 -127.957649 -127.317089 -126.648727 -125.947300 -125.205454 -124.417045 -123.581807 -122.706875 -121.803933 -120.884477 -119.958340 -119.033906
-152.651957 -152.230658 -151.808295 -151.383002 -150.952488 -150.514275 -150.065779 -149.604399 -149.127645 -148.633246 -148.119281 -147.584322 -147.027500 -146.448487 -145.847465 -145.225130 -144.582739 -143.922169 -143.245903 -142.556933 -141.858586 -141.154343 -140.447689 -139.742008 -139.040520 -138.346242 -137.661980 -136.990293 -136.333404 -135.693002 -135.070018 -134.464612 -133.876333 -133.303905 -132.745406 -132.198133 -131.658488 -131.122236 -130.584960 -130.042417 -129.490700 -128.926255 -128.345824 -127.746346 -127.124833 -126.478167 -125.802313 -125.089066 -124.320433 -123.491228 -122.618904 -121.719724 -120.805452 -119.885352 -118.967523
-152.736121 -152.326480 -151.915961 -151.502939 -151.085235 -150.660293 -150.225243 -149.776952 -149.312237 -148.827956 -148.321306 -147.790139 -147.233121 -146.649688 -146.039951 -145.404693 -144.745457 -144.064607 -143.365229 -142.650902 -141.925448 -141.192730 -140.456523 -139.720451 -138.987954 -138.262285 -137.546535 -136.843664 -136.156519 -135.487692 -134.839095 -134.211513 -133.605054 -133.019434 -132.453039 -131.902684 -131.363815 -130.831363 -130.300425 -129.766520 -129.225589 -128.673930 -128.108108 -127.524848 -126.920884 -126.292823 -125.637555 -124.954496 -124.207525 -123.382774 -122.518039 -121.628048 -120.722629 -119.810427 -118.899555
-152.751562 -152.356173 -151.959990 -151.561523 -151.158721 -150.749125 -150.329897 -149.897621 -149.448357 -148.977898 -148.482357 -147.958632 -147.404696 -146.819643 -146.203509 -145.557265 -144.882980 -144.183779 -143.463510 -142.726354 -141.976529 -141.218136 -140.455103 -139.691171 -138.929906 -138.174721 -137.428900 -136.695660 -135.978262 -135.280147 -134.604715 -133.954027 -133.327811 -132.728508 -132.154596 -131.601408 -131.062943 -130.533478 -130.007968 -129.481900 -128.951128 -128.411743 -127.860000 -127.292220 -126.704696 -126.093504 -125.453739 -124.776274 -124.042187 -123.245391 -122.402534 -121.529252 -120.636937 -119.734842 -118.831513
-152.694680 -152.315979 -151.936533 -151.554926 -151.169173 -150.776889 -150.375510 -149.962055 -149.531423 -149.078315 -148.597790 -148.085528 -147.538345 -146.954672 -146.334466 -145.679163 -144.991855 -144.276783 -143.538632 -142.782051 -142.011455 -141.230991 -140.444577 -139.655954 -138.868736 -138.086446 -137.312538 -136.550424 -135.803549 -135.075643 -134.371380 -133.696382 -133.049147 -132.435796 -131.854626 -131.297632 -130.757678 -130.229184 -129.707383 -129.187858 -128.666344 -128.138635 -127.600515 -127.047659 -126.475447 -125.878492 -125.249730 -124.579931 -123.861072 -123.091093 -122.275544 -121.424869 -120.549834 -119.660226 -118.765245
-152.562667 -152.202834 -151.842302 -151.479731 -151.113196 -150.740274 -150.358376 -149.966169 -149.556529 -149.123674 -148.661880 -148.165436 -147.629245 -147.050167 -146.428048 -145.765647 -145.067901 -144.340390 -143.588440 -142.816871 -142.030029 -141.231907 -140.426267 -139.616744 -138.806931 -138.000424 -137.200860 -136.411923 -135.637334 -134.880790 -134.145932 -133.438182 -132.777565 -132.149114 -131.559012 -130.994396 -130.449152 -129.918541 -129.398107 -128.883449 -128.370108 -127.853477 -127.328703 -126.790572 -126.233297 -125.650283 -125.034190 -124.378159 -123.678101 -122.932910 -122.144467 -121.318571 -120.463491 -119.588378 -118.702680
-152.353460 -152.014346 -151.674581 -151.332915 -150.987578 -150.636390 -150.276905 -149.906072 -149.518419 -149.107812 -148.667771 -148.191344 -147.671054 -147.100029 -146.477832 -145.810830 -145.106499 -144.371403 -143.611016 -142.829961 -142.032285 -141.221672 -140.401620 -139.575577 -138.747045 -137.919663 -137.097251 -136.283830 -135.483634 -134.701253 -133.942333 -133.215119 -132.529398 -131.882576 -131.272767 -130.693190 -130.137684 -129.601264 -129.079422 -128.567670 -128.061303 -127.555243 -127.043914 -126.521132 -125.980084 -125.413544 -124.814578 -124.177684 -123.499591 -122.778968 -122.016383 -121.215005 -120.380663 -119.521146 -118.645547
-152.065696 -151.748768 -151.431238 -151.111952 -150.789272 -150.461092 -150.124725 -149.776534 -149.411777 -149.024556 -148.607993 -148.154285 -147.654442 -147.095254 -146.475212 -145.808180 -145.103277 -144.367137 -143.604913 -142.820821 -142.018486 -141.201202 -140.372134 -139.534477 -138.691594 -137.847121 -137.005056 -136.169847 -135.346518 -134.540912 -133.759949 -133.011085 -132.299829 -131.628153 -130.994163 -130.394122 -129.823311 -129.277010 -128.750668 -128.239669 -127.739052 -127.243277 -126.746062 -126.240326 -125.718382 -125.172465 -124.595575 -123.982253 -123.328865 -122.633484 -121.895898 -121.117939 -120.303809 -119.460011 -118.595027
-151.698660 -151.404946 -151.110666 -150.814721 -150.515501 -150.210838 -149.897884 -149.572983 -149.231635 -148.868203 -148.475599 -148.044689 -147.563640 -147.020028 -146.410478 -145.752077 -145.054959 -144.325747 -143.569267 -142.789314 -141.989084 -141.171461 -140.339245 -139.495340 -138.642915 -137.785556 -136.927407 -136.073321 -135.229001 -134.401045 -133.596602 -132.822354 -132.083329 -131.382716 -130.720842 -130.096130 -129.505590 -128.945418 -128.411403 -127.898966 -127.402980 -126.917526 -126.435691 -125.949554 -125.450481 -124.929798 -124.379641 -123.793664 -123.167356 -122.498063 -121.784961 -121.029184 -120.234083 -119.405419 -118.551284
-151.252244 -150.982274 -150.711748 -150.439565 -150.164073 -149.883030 -149.593541 -149.292004 -148.974000 -148.633983 -148.264826 -147.857208 -147.398453 -146.868590 -146.278667 -145.639381 -144.959751 -144.246334 -143.503797 -142.735631 -141.944659 -141.133380 -140.304227 -139.459782 -138.602977 -137.737277 -136.866861 -135.996778 -135.133023 -134.282402 -133.452056 -132.648741 -131.878239 -131.144972 -130.451435 -129.798150 -129.183911 -128.606193 -128.061526 -127.545655 -127.053459 -126.578734 -126.113958 -125.650287 -125.177906 -124.686750 -124.167411 -123.612009 -123.014784 -122.372269 -121.683153 -120.948240 -120.170666 -119.356181 -118.513059
-150.726906 -150.480678 -150.233881 -149.985381 -149.733477 -149.475882 -149.209692 -148.931320 -148.636333 -148.319164 -147.972611 -147.587081 -147.149639 -146.644388 -146.081768 -145.470463 -144.817658 -144.129024 -143.408829 -142.660276 -141.885877 -141.087789 -140.268085 -139.429008 -138.573194 -137.703887 -136.825120 -135.941848 -135.059971 -134.186194 -133.327726 -132.491899 -131.685759 -130.915533 -130.185991 -129.499924 -128.858073 -128.259409 -127.701487 -127.180625 -126.691853 -126.228655 -125.782725 -125.344044 -124.901373 -124.443012 -123.957684 -123.435522 -122.869035 -122.253707 -121.587842 -120.872202 -120.110406 -119.309112 -118.477486
-150.123658 -149.900628 -149.677013 -149.451659 -149.222853 -148.988315 -148.745156 -148.489776 -148.217679 -147.923213 -147.599246 -147.236840 -146.825101 -146.351217 -145.823451 -145.248156 -144.630575 -143.975116 -143.285352 -142.564076 -141.813472 -141.035366 -140.231478 -139.403685 -138.554265 -137.686118 -136.802943 -135.909353 -135.010898 -134.114024 -133.226005 -132.354840 -131.509019 -130.696987 -129.926279 -129.202518 -128.528824 -127.905923 -127.332595 -126.805855 -126.320837 -125.870369 -125.444823 -125.032593 -124.620937 -124.196747 -123.747142 -123.260146 -122.725843 -122.137866 -121.494057 -120.795550 -120.047628 -119.258993 -118.440232
-149.444084 -149.243158 -149.041659 -148.838472 -148.631958 -148.419933 -148.199592 -147.967361 -147.718710 -147.447990 -147.148365 -146.811983 -146.430382 -145.994632 -145.508887 -144.976806 -144.401799 -143.786980 -143.135049 -142.448218 -141.728256 -140.976622 -140.194669 -139.383878 -138.546099 -137.683779 -136.800143 -135.899308 -134.986351 -134.067368 -133.149567 -132.241401 -131.352603 -130.493897 -129.676129 -128.908764 -128.198324 -127.547833 -126.957449 -126.424866 -125.944876 -125.508668 -125.104309 -124.718165 -124.336225 -123.944715 -123.530085 -123.078849 -122.578118 -122.017779 -121.393976 -120.709718 -119.974155 -119.198942 -118.395951
-148.690352 -148.509871 -148.328894 -148.146461 -147.961158 -147.771054 -147.573555 -147.365215 -147.141583 -146.897159 -146.625557 -146.319923 -145.973706 -145.582094 -145.144358 -144.661589 -144.135461 -143.567767 -142.960202 -142.314250 -141.631143 -140.911915 -140.157521 -139.369025 -138.547803 -137.695772 -136.815594 -135.910829 -134.986056 -134.046978 -133.100594 -132.155461 -131.222008 -130.312734 -129.441870 -128.623885 -127.870682 -127.188996 -126.580531 -126.043488 -125.570894 -125.150323 -124.766372 -124.403354 -124.046642 -123.682767 -123.298752 -122.881051 -122.414562 -121.883187 -121.275626 -120.602727 -119.879919 -119.121281 -118.338914
-147.865203 -147.702914 -147.540317 -147.376809 -147.211443 -147.042763 -146.868552 -146.685603 -146.489636 -146.275400 -146.037018 -145.768544 -145.464706 -145.121561 -144.736395 -144.307981 -143.836111 -143.321112 -142.763545 -142.164029 -141.523155 -140.841471 -140.119526 -139.357970 -138.557708 -137.720103 -136.847211 -135.942017 -135.008619 -134.052362 -133.079991 -132.099905 -131.122609 -130.161355 -129.232772 -128.356607 -127.552870 -126.835737 -126.209227 -125.671147 -125.208939 -124.803800 -124.436582 -124.090513 -123.751369 -123.406693 -123.044788 -122.653395 -122.217617 -121.716968 -121.120889 -120.460094 -119.754637 -119.018693 -118.263495
-146.971874 -146.824892 -146.677983 -146.531218 -146.384465 -146.236998 -146.087098 -145.931835 -145.767097 -145.587865 -145.388645 -145.163987 -144.908932 -144.619173 -144.290944 -143.921340 -143.508389 -143.050865 -142.548060 -141.999612 -141.405387 -140.765416 -140.079859 -139.349018 -138.573403 -137.753875 -136.891894 -135.989845 -135.051353 -134.081474 -133.086789 -132.075550 -131.058051 -130.047377 -129.060675 -128.120827 -127.256888 -126.497887 -125.856094 -125.322722 -124.872039 -124.477856 -124.119442 -123.780846 -123.449096 -123.112848 -122.761393 -122.383522 -121.964929 -121.479856 -120.907065 -120.268688 -119.589999 -118.884966 -118.164224
-146.013909 -145.878712 -145.744291 -145.611898 -145.482636 -145.356683 -145.232789 -145.108185 -144.978823 -144.839772 -144.685661 -144.511060 -144.310710 -144.079583 -143.812928 -143.506487 -143.156709 -142.760815 -142.316754 -141.823098 -141.278936 -140.683774 -140.037441 -139.340016 -138.591782 -137.793266 -136.945430 -136.050040 -135.110172 -134.130605 -133.117918 -132.080464 -131.028598 -129.975298 -128.937155 -127.936271 -127.004893 -126.191490 -125.544053 -125.019343 -124.573563 -124.178866 -123.816911 -123.473782 -123.137753 -122.798154 -122.444401 -122.064665 -121.644212 -121.166113 -120.622118 -120.021256 -119.380641 -118.714923 -118.035563
-144.994782 -144.867276 -144.741845 -144.621651 -144.509361 -144.405958 -144.310395 -144.219841 -144.130144 -144.036294 -143.932797 -143.813923 -143.673821 -143.506580 -143.306342 -143.067498 -142.784962 -142.454409 -142.072408 -141.636427 -141.144763 -140.596425 -139.990988 -139.328459 -138.609137 -137.833527 -137.002366 -136.116893 -135.179469 -134.194379 -133.168262 -132.109929 -131.030455 -129.943879 -128.867612 -127.822696 -126.835800 -125.953644 -125.312968 -124.782593 -124.321422 -123.908431 -123.527969 -123.167123 -122.814637 -122.460027 -122.092741 -121.701516 -121.274803 -120.803521 -120.284665 -119.721848 -119.124533 -118.504283 -117.871921
-143.917188 -143.793008 -143.673401 -143.564205 -143.469475 -143.390476 -143.325970 -143.272870 -143.226829 -143.182662 -143.134616 -143.076507 -143.001762 -142.903466 -142.774477 -142.607670 -142.396314 -142.134468 -141.817284 -141.441121 -141.003509 -140.503004 -139.939009 -139.311597 -138.621332 -137.869101 -137.055943 -136.182993 -135.251834 -134.265648 -133.230700 -132.156598 -131.056218 -129.946368 -128.847307 -127.783636 -126.789003 -125.912679 -125.203265 -124.618111 -124.114019 -123.663723 -123.249409 -122.857611 -122.476962 -122.097132 -121.708250 -121.300954 -120.867360 -120.402585 -119.905235 -119.376979 -118.822829 -118.250417 -117.668236
-142.781750 -142.657250 -142.542208 -142.444972 -142.369842 -142.317676 -142.286888 -142.274198 -142.275132 -142.284347 -142.295801 -142.302802 -142.297983 -142.273291 -142.220099 -142.129541 -141.993043 -141.802912 -141.552814 -141.237993 -140.855242 -140.402717 -139.879716 -139.286473 -138.624000 -137.893930 -137.098279 -136.239003 -135.317508 -134.335088 -133.295852 -132.210163 -131.095109 -129.972383 -128.865870 -127.802577 -126.813872 -125.930260 -125.165284 -124.511458 -123.944382 -123.439177 -122.976367 -122.541217 -122.122009 -121.708837 -121.293057 -120.867391 -120.426467 -119.967192 -119.488504 -118.991067 -118.477427 -117.952014 -117.420417
-141.584517 -141.460077 -141.353295 -141.272155 -141.219828 -141.196847 -141.201787 -141.231584 -141.281873 -141.347252 -141.421417 -141.497141 -141.566159 -141.619086 -141.645584 -141.634854 -141.576333 -141.460450 -141.279266 -141.026828 -140.699181 -140.294106 -139.810831 -139.249812 -138.612617 -137.901862 -137.121041 -136.273991 -135.363640 -134.390041 -133.351065 -132.256380 -131.132904 -130.007193 -128.903891 -127.847376 -126.860448 -125.959301 -125.149915 -124.432268 -123.796087 -123.224886 -122.701879 -122.212877 -121.746597 -121.294011 -120.847805 -120.402241 -119.953217 -119.498170 -119.035804 -118.565906 -118.089364 -117.608204 -117.125302
-140.310862 -140.202671 -140.115744 -140.057405 -140.031235 -140.038975 -140.080494 -140.153661 -140.254572 -140.377932 -140.517207 -140.664550 -140.810538 -140.944118 -141.053017 -141.124472 -141.146016 -141.106210 -140.995354 -140.806050 -140.533406 -140.174771 -139.729296 -139.197714 -138.582280 -137.886803 -137.116448 -136.277137 -135.374568 -134.411589 -133.376963 -132.276405 -131.153183 -130.032947 -128.937599 -127.886755 -126.895735 -125.973747 -125.124964 -124.350648 -123.647309 -123.006196 -122.415961 -121.865715 -121.346280 -120.850156 -120.371230 -119.904638 -119.446670 -118.994617 -118.546591 -118.101404 -117.658519 -117.218015 -116.780431
