MFC+VTK/函数库及接口制作/重磁三维基本处理/张双喜的程序/经验模态分解_2D/三峡gra_ε=0.001_BIMF_A2.grd
DSAA
196 196
305000.000000 695000.000000
3265000.000000 3655000.000000
-152.27227 -15.21482
[rows 100 to 124 of 196, columns 0 to 54 of 196]
-136.711873 -136.751041 -136.780418 -136.793381 -136.786148 -136.755650 -136.698061 -136.607694 -136.478272 -136.312335 -136.114074 -135.887717 -135.633969 -135.353035 -135.045277 -134.711249 -134.351860 -133.968649 -133.563997 -133.141096 -132.703650 -132.255459 -131.800039 -131.340593 -130.880424 -130.422809 -129.971927 -129.533949 -129.115994 -128.718512 -128.336853 -127.967251 -127.610126 -127.271328 -126.958399 -126.662542 -126.376206 -126.096280 -125.822639 -125.556704 -125.300509 -125.056159 -124.825638 -124.610852 -124.413814 -124.236893 -124.083134 -123.956710 -123.863584 -123.812054 -123.811287 -123.864773 -123.962195 -124.085633 -124.204661
-137.395557 -137.451467 -137.491369 -137.511587 -137.509860 -137.483409 -137.428598 -137.341411 -137.219295 -137.062162 -136.871628 -136.649304 -136.396270 -136.113003 -135.799915 -135.457677 -135.087399 -134.690757 -134.270027 -133.828018 -133.367968 -132.893408 -132.407779 -131.913755 -131.413623 -130.909872 -130.406561 -129.911036 -129.439621 -128.997651 -128.574348 -128.165687 -127.772670 -127.398500 -127.044500 -126.708919 -126.387588 -126.077078 -125.775771 -125.483553 -125.201239 -124.930131 -124.671774 -124.427884 -124.200400 -123.991639 -123.804526 -123.642832 -123.511133 -123.413760 -123.351910 -123.319731 -123.302909 -123.279490 -123.215777
-138.143941 -138.187743 -138.221650 -138.238822 -138.235166 -138.207385 -138.152269 -138.067029 -137.949800 -137.799319 -137.615059 -137.396930 -137.145215 -136.860264 -136.542530 -136.192748 -135.812058 -135.402046 -134.964729 -134.502520 -134.018275 -133.515501 -132.998592 -132.471814 -131.934833 -131.390527 -130.844223 -130.304036 -129.782124 -129.297614 -128.833374 -128.385609 -127.954813 -127.542131 -127.147824 -126.771732 -126.412298 -126.067268 -125.734799 -125.413935 -125.104587 -124.807320 -124.523157 -124.253442 -123.999777 -123.764017 -123.548237 -123.354503 -123.184136 -123.036164 -122.905274 -122.780509 -122.645603 -122.478933 -122.248165
-138.929450 -138.951562 -138.968315 -138.973143 -138.960678 -138.926845 -138.868445 -138.782930 -138.668145 -138.522007 -138.342600 -138.128423 -137.878577 -137.592743 -137.271101 -136.914268 -136.523273 -136.099539 -135.644887 -135.161595 -134.652487 -134.121068 -133.572243 -133.015889 -132.445086 -131.865970 -131.285047 -130.710712 -130.153246 -129.621885 -129.113422 -128.624368 -128.153457 -127.700496 -127.265571 -126.848867 -126.450077 -126.068205 -125.701972 -125.350334 -125.012757 -124.689255 -124.380301 -124.086691 -123.809377 -123.549250 -123.306788 -123.081434 -122.870604 -122.668454 -122.464885 -122.245222 -121.990101 -121.674210 -121.264351
-139.734402 -139.731564 -139.725671 -139.711816 -139.684914 -139.640642 -139.575574 -139.486891 -139.371952 -139.227990 -139.052107 -138.841538 -138.594018 -138.308089 -137.983204 -137.619592 -137.218050 -136.779859 -136.306844 -135.801588 -135.267628 -134.709565 -134.133103 -133.543883 -132.942965 -132.334612 -131.725122 -131.121859 -130.532014 -129.960605 -129.409700 -128.878664 -128.366392 -127.872285 -127.396339 -126.938898 -126.500262 -126.080350 -125.678674 -125.294576 -124.927500 -124.577143 -124.243460 -123.926550 -123.626414 -123.342567 -123.073449 -122.815629 -122.562895 -122.305461 -122.029556 -121.717345 -121.346942 -120.892859 -120.328897
-140.546477 -140.517590 -140.486824 -140.450816 -140.405516 -140.346974 -140.271710 -140.176623 -140.058678 -139.914620 -139.740836 -139.533455 -139.288707 -139.003508 -138.676003 -138.305680 -137.893000 -137.439177 -136.946392 -136.418167 -135.859323 -135.275478 -134.672292 -134.054586 -133.426686 -132.792967 -132.158655 -131.529314 -130.909895 -130.304202 -129.715185 -129.144126 -128.591132 -128.056091 -127.539218 -127.041097 -126.562467 -126.103936 -125.665781 -125.247938 -124.850106 -124.471871 -124.112730 -123.771993 -123.448515 -123.140234 -122.843512 -122.552349 -122.257622 -121.946592 -121.602790 -121.206299 -120.734548 -120.164200 -119.474380
-141.356410 -141.301336 -141.245063 -141.185351 -141.119231 -141.043437 -140.954729 -140.849955 -140.725912 -140.579110 -140.405543 -140.200545 -139.958899 -139.675428 -139.346099 -138.969005 -138.544186 -138.072904 -137.558369 -137.005931 -136.422096 -135.813359 -135.185509 -134.543586 -133.892434 -133.236487 -132.580021 -131.927093 -131.281305 -130.645801 -130.023330 -129.415879 -128.824588 -128.250160 -127.693338 -127.155116 -126.636712 -126.139360 -125.664068 -125.211442 -124.781605 -124.374185 -123.988308 -123.622485 -123.274379 -122.940385 -122.615056 -122.290426 -121.955387 -121.595311 -121.192145 -120.725106 -120.172051 -119.511513 -118.724958
-142.156816 -142.075975 -141.994371 -141.910527 -141.822336 -141.727245 -141.622438 -141.504942 -141.371601 -141.218933 -141.042883 -140.838497 -140.599618 -140.318938 -139.989123 -139.605285 -139.166714 -138.675104 -138.136323 -137.558682 -136.950430 -136.318595 -135.668944 -135.006425 -134.335535 -133.660289 -132.984204 -132.310363 -131.641513 -130.980198 -130.328764 -129.689264 -129.063348 -128.452375 -127.857669 -127.280743 -126.723349 -126.187364 -125.674544 -125.186233 -124.723110 -124.285018 -123.870842 -123.478404 -123.104280 -122.743523 -122.389279 -122.032313 -121.660518 -121.258537 -120.807832 -120.287552 -119.676128 -118.952945 -118.099915
-142.941509 -142.835721 -142.729458 -142.621742 -142.511085 -142.395524 -142.272697 -142.139921 -141.994212 -141.832221 -141.650058 -141.442961 -141.204744 -140.926997 -140.598759 -140.209012 -139.753740 -139.237701 -138.672642 -138.070227 -137.439521 -136.787320 -136.118988 -135.439054 -134.751478 -134.059704 -133.366642 -132.674749 -131.986183 -131.302950 -130.626962 -129.960055 -129.303964 -128.660357 -128.030966 -127.417744 -126.822952 -126.249096 -125.698699 -125.173942 -124.676247 -124.205910 -123.761837 -123.341397 -122.940336 -122.552666 -122.170523 -121.783980 -121.380772 -120.945915 -120.461420 -119.906748 -119.260517 -118.502268 -117.613086
-143.705064 -143.575509 -143.445657 -143.314847 -143.181995 -143.045559 -142.903550 -142.753559 -142.592784 -142.418002 -142.225475 -142.010738 -141.768186 -141.490114 -141.164516 -140.772277 -140.294242 -139.750177 -139.159779 -138.535598 -137.885820 -137.216490 -136.532480 -135.837900 -135.136253 -134.430503 -133.723106 -133.016087 -132.311170 -131.609912 -130.913799 -130.224321 -129.543021 -128.871544 -128.211737 -127.565766 -126.936222 -126.326114 -125.738686 -125.177042 -124.643594 -124.139471 -123.664036 -123.214634 -122.786576 -122.373208 -121.966001 -121.554644 -121.127087 -120.669402 -120.165196 -119.594853 -118.936434 -118.169102 -117.271922
-144.442533 -144.290773 -144.138814 -143.986169 -143.831979 -143.674955 -143.513336 -143.344886 -143.166897 -142.976174 -142.768972 -142.540849 -142.286405 -141.998855 -141.668902 -141.278398 -140.770212 -140.202098 -139.592788 -138.952090 -138.287213 -137.603897 -136.906830 -136.199911 -135.486381 -134.768911 -134.049661 -133.330364 -132.612421 -131.897020 -131.185249 -130.478196 -129.777043 -129.083154 -128.398184 -127.724205 -127.063838 -126.420318 -125.797416 -125.199134 -124.629117 -124.089843 -123.581811 -123.103017 -122.648903 -122.212609 -121.785267 -121.356244 -120.913409 -120.443503 -119.932294 -119.363098 -118.713551 -117.959194 -117.076647
-145.149265 -144.977314 -144.805197 -144.632486 -144.458403 -144.281737 -144.100793 -143.913352 -143.716651 -143.507361 -143.281525 -143.034412 -142.760166 -142.450890 -142.094468 -141.671769 -141.163706 -140.590182 -139.971078 -139.319143 -138.642758 -137.948098 -137.240049 -136.522573 -135.798890 -135.071580 -134.342676 -133.613739 -132.885949 -132.160205 -131.437234 -130.717708 -130.002355 -129.292079 -128.588087 -127.892046 -127.206245 -126.533752 -125.878487 -125.245106 -124.638552 -124.063183 -123.521572 -123.013409 -122.535094 -122.080117 -121.639607 -121.202598 -120.756148 -120.285945 -119.778171 -119.221614 -118.601634 -117.874182 -117.019840
-145.820806 -145.631219 -145.441444 -145.251016 -145.059098 -144.864405 -144.665130 -144.458892 -144.242694 -144.012883 -143.765070 -143.493928 -143.192751 -142.852745 -142.462743 -142.011713 -141.495801 -140.920071 -140.296663 -139.637669 -138.952558 -138.248444 -137.530801 -136.803949 -136.071317 -135.335597 -134.598847 -133.862586 -133.127872 -132.395396 -131.665583 -130.938704 -130.214995 -129.494792 -128.778678 -128.067655 -127.363348 -126.668231 -125.985856 -125.321008 -124.679614 -124.068149 -123.492286 -122.954974 -122.454939 -121.986739 -121.541807 -121.108648 -120.672692 -120.216901 -119.723968 -119.182631 -118.609365 -117.909172 -117.087957
-146.452871 -146.248837 -146.044545 -145.839400 -145.632385 -145.421982 -145.206099 -144.982010 -144.746302 -144.494836 -144.222672 -143.923933 -143.591656 -143.217958 -142.795216 -142.318564 -141.787595 -141.204536 -140.575925 -139.910779 -139.218010 -138.505209 -137.778497 -137.042735 -136.301752 -135.558514 -134.815251 -134.073557 -133.334476 -132.598581 -131.866069 -131.136856 -130.410694 -129.687311 -128.966562 -128.248621 -127.534203 -126.824834 -126.123190 -125.433477 -124.761808 -124.116283 -123.506209 -122.939781 -122.420589 -121.945580 -121.506625 -121.090708 -120.679938 -120.253941 -119.794250 -119.287787 -118.720798 -118.052207 -117.266949
-147.041360 -146.826796 -146.611859 -146.395736 -146.177106 -145.954066 -145.724067 -145.483862 -145.229485 -144.956251 -144.658776 -144.331056 -143.966757 -143.559930 -143.106195 -142.603740 -142.053110 -141.456403 -140.817867 -140.143945 -139.442149 -138.719823 -137.983437 -137.238365 -136.488913 -135.738429 -134.989424 -134.243675 -133.502315 -132.765903 -132.034496 -131.307734 -130.584936 -129.865232 -129.147725 -128.431685 -127.716787 -127.003411 -126.293010 -125.588601 -124.895438 -124.221846 -123.579822 -122.984068 -122.447321 -121.972677 -121.551895 -121.167561 -120.795049 -120.408583 -119.985850 -119.507694 -118.953987 -118.305715 -117.546564
-147.582431 -147.362065 -147.141165 -146.918618 -146.692675 -146.460892 -146.220086 -145.966337 -145.695057 -145.401097 -145.078908 -144.722842 -144.327667 -143.889309 -143.405525 -142.876029 -142.302052 -141.686014 -141.031595 -140.343959 -139.629478 -138.894973 -138.146953 -137.391135 -136.632257 -135.874078 -135.119452 -134.370426 -133.628320 -132.893781 -132.166833 -131.446940 -130.733074 -130.023837 -129.317612 -128.612770 -127.907931 -127.202276 -126.495936 -125.790480 -125.089604 -124.400213 -123.734213 -123.110717 -122.555488 -122.088951 -121.700324 -121.360471 -121.033283 -120.686962 -120.296275 -119.840292 -119.300978 -118.664441 -117.917428
-148.072615 -147.852051 -147.630751 -147.407221 -147.179157 -146.943392 -146.695923 -146.432038 -146.146533 -145.833961 -145.488928 -145.106451 -144.682432 -144.214172 -143.700698 -143.142665 -142.541977 -141.901523 -141.225145 -140.517780 -139.785376 -139.034444 -138.271447 -137.502299 -136.732077 -135.964925 -135.204067 -134.451875 -133.709927 -132.979056 -132.259366 -131.550262 -130.850491 -130.158237 -129.471258 -128.787103 -128.103393 -127.418176 -126.730351 -126.040147 -125.349731 -124.664052 -123.992436 -123.352248 -122.776779 -122.324496 -121.981830 -121.691858 -121.406432 -121.092055 -120.724001 -120.282407 -119.751110 -119.116951 -118.367639
-148.508978 -148.294740 -148.079537 -147.861419 -147.637356 -147.403231 -147.154020 -146.884135 -146.587821 -146.259535 -145.894279 -145.487887 -145.037271 -144.540635 -143.997686 -143.409693 -142.779184 -142.109593 -141.405351 -140.671917 -139.915534 -139.142813 -138.360299 -137.574091 -136.789569 -136.011247 -135.242733 -134.486752 -133.745192 -133.019136 -132.308868 -131.613862 -130.932786 -130.263556 -129.603454 -128.949343 -128.297979 -127.646422 -126.992513 -126.335420 -125.676247 -125.018823 -124.370892 -123.746526 -123.174083 -122.727766 -122.433302 -122.179823 -121.919730 -121.622535 -121.264607 -120.826730 -120.293079 -119.650077 -118.884973
-148.889321 -148.688878 -148.487256 -148.281945 -148.068914 -147.842780 -147.597309 -147.326033 -147.022782 -146.682095 -146.299516 -145.871753 -145.396678 -144.873188 -144.301214 -143.682174 -143.019018 -142.315796 -141.578032 -140.812319 -140.025689 -139.225206 -138.417728 -137.609681 -136.806844 -136.014171 -135.235702 -134.474540 -133.732894 -133.012127 -132.312766 -131.634470 -130.975982 -130.335130 -129.708917 -129.093724 -128.485651 -127.880985 -127.276750 -126.671331 -126.065201 -125.461951 -124.870051 -124.306242 -123.800212 -123.390574 -123.082849 -122.827825 -122.569634 -122.272212 -121.909970 -121.462945 -120.914718 -120.251127 -119.459287
-149.212410 -149.034198 -148.854714 -148.670623 -148.476382 -148.264975 -148.028891 -147.760930 -147.454731 -147.105086 -146.708120 -146.261356 -145.763642 -145.214753 -144.614755 -143.964256 -143.265829 -142.524671 -141.748225 -140.944564 -140.121645 -139.287196 -138.448668 -137.613104 -136.786922 -135.975710 -135.184064 -134.415524 -133.672615 -132.956947 -132.269294 -131.609569 -130.976732 -130.368715 -129.782473 -129.214179 -128.659584 -128.114516 -127.575451 -127.040189 -126.508731 -125.984527 -125.476103 -124.998242 -124.569691 -124.203348 -123.895311 -123.622211 -123.345749 -123.030483 -122.648577 -122.178490 -121.603027 -120.908018 -120.081689
-149.478188 -149.331765 -149.184238 -149.030630 -148.863156 -148.672989 -148.451566 -148.191311 -147.885982 -147.530786 -147.122406 -146.658985 -146.140120 -145.566769 -144.940247 -144.258988 -143.522493 -142.739690 -141.920531 -141.074193 -140.209416 -139.334785 -138.458704 -137.589216 -136.733742 -135.898808 -135.089803 -134.310838 -133.564770 -132.853383 -132.177598 -131.537559 -130.932518 -130.360683 -129.819224 -129.304454 -128.812215 -128.338304 -127.878913 -127.431191 -126.994088 -126.569380 -126.162285 -125.780448 -125.430134 -125.111253 -124.816129 -124.529526 -124.227199 -123.881115 -123.465372 -122.958549 -122.343732 -121.607955 -120.741919
-149.687872 -149.584707 -149.480364 -149.366620 -149.233126 -149.069686 -148.867293 -148.618510 -148.317519 -147.960069 -147.543371 -147.065993 -146.527782 -145.930125 -145.277666 -144.566798 -143.789636 -142.963702 -142.099661 -141.206981 -140.295290 -139.374388 -138.454039 -137.543708 -136.652233 -135.787465 -134.955920 -134.162530 -133.410613 -132.702079 -132.037783 -131.417862 -130.841798 -130.308193 -129.814696 -129.358223 -128.935329 -128.542318 -128.175232 -127.830085 -127.503450 -127.193077 -126.897870 -126.616635 -126.345953 -126.078922 -125.805671 -125.513454 -125.185507 -124.801585 -124.340951 -123.785276 -123.120166 -122.335633 -121.426124
-149.843781 -149.800029 -149.750433 -149.684283 -149.589925 -149.456936 -149.276704 -149.042404 -148.748852 -148.392352 -147.970556 -147.482372 -146.927942 -146.308594 -145.625924 -144.878682 -144.066866 -143.200323 -142.290763 -141.348861 -140.385731 -139.412782 -138.441500 -137.483168 -136.548460 -135.646957 -134.786669 -133.973723 -133.212257 -132.504459 -131.850844 -131.250948 -130.704069 -130.209256 -129.764890 -129.369198 -129.020321 -128.715566 -128.450700 -128.219792 -128.015549 -127.829764 -127.653505 -127.476934 -127.289150 -127.078541 -126.833320 -126.541469 -126.190067 -125.764881 -125.251406 -124.636874 -123.912000 -123.071848 -122.115874
-149.966574 -149.991780 -150.003912 -149.989160 -149.935989 -149.835047 -149.678805 -149.461310 -149.178028 -148.825697 -148.402222 -147.906574 -147.338659 -146.698992 -145.988211 -145.207569 -144.360650 -143.454367 -142.498829 -141.505593 -140.487240 -139.457044 -138.428541 -137.415165 -136.429827 -135.484144 -134.587919 -133.748951 -132.972870 -132.262664 -131.618429 -131.038165 -130.519788 -130.062612 -129.666170 -129.331344 -129.058846 -128.847088 -128.691055 -128.582058 -128.507959 -128.453689 -128.402065 -128.334960 -128.234689 -128.085181 -127.872471 -127.584531 -127.210758 -126.741588 -126.168895 -125.487143 -124.694464 -123.792980 -122.788333
-150.082758 -150.178876 -150.251212 -150.285559 -150.271947 -150.202538 -150.070961 -149.872057 -149.601741 -149.256911 -148.835393 -148.335864 -147.757725 -147.100986 -146.366466 -145.556546 -144.675592 -143.729898 -142.728409 -141.682641 -140.606244 -139.514454 -138.423221 -137.348366 -136.305306 -135.307772 -134.367522 -133.494698 -132.697289 -131.979816 -131.342427 -130.781108 -130.290077 -129.867152 -129.514985 -129.239459 -129.044102 -128.927615 -128.883396 -128.899542 -128.958983 -129.040004 -129.117484 -129.165042 -129.157713 -129.074137 -128.897421 -128.614912 -128.217731 -127.700556 -127.062088 -126.305537 -125.438402 -124.471453 -123.417330
