MFC+VTK/函数库及接口制作/重磁三维基本处理/张双喜的程序/经验模态分解_2D/三峡gra_ε=0.001区域异常（BIMF4～BIMF6）.grd
DSAA
196 196
305000.000000 695000.000000
3265000.000000 3655000.000000
-152.75156 -21.01980
[rows 25 to 49 of 196, columns 110 to 164 of 196]
-53.092833 -52.078815 -51.092152 -50.132629 -49.200083 -48.294412 -47.415602 -46.563729 -45.738986 -44.941690 -44.172309 -43.431488 -42.720093 -42.039265 -41.390484 -40.775666 -40.197275 -39.658488 -39.163464 -38.717870 -38.330047 -38.012872 -37.782660 -37.643850 -37.584870 -37.593840 -37.660758 -37.777826 -37.939059 -38.139686 -38.375677 -38.643419 -38.939521 -39.260669 -39.603544 -39.964756 -40.340811 -40.728101 -41.122900 -41.521373 -41.919587 -42.313514 -42.699021 -43.071861 -43.427672 -43.762075 -44.070919 -44.350667 -44.598628 -44.812852 -44.992001 -45.135514 -45.243517 -45.316471 -45.354847
-53.522054 -52.515324 -51.535881 -50.583359 -49.657448 -48.757920 -47.884639 -47.037588 -46.216874 -45.422753 -44.655653 -43.916196 -43.205248 -42.523968 -41.873879 -41.256967 -40.675812 -40.133780 -39.635329 -39.186426 -38.794881 -38.469941 -38.222044 -38.072399 -37.997427 -37.986988 -38.033740 -38.131225 -38.273920 -38.457205 -38.677143 -38.930236 -39.213213 -39.522885 -39.856030 -40.209322 -40.579285 -40.962272 -41.354460 -41.751866 -42.150358 -42.545682 -42.933481 -43.309347 -43.668905 -44.007975 -44.322790 -44.610164 -44.867504 -45.092700 -45.284075 -45.440441 -45.561139 -45.645936 -45.694827
-53.941171 -52.944214 -51.974615 -51.031841 -50.115423 -49.224984 -48.360258 -47.521114 -46.707570 -45.919810 -45.158213 -44.423381 -43.716182 -43.037809 -42.389857 -41.774428 -41.194273 -40.652984 -40.155206 -39.706795 -39.314757 -38.987081 -38.732849 -38.559890 -38.460176 -38.424604 -38.446088 -38.518836 -38.637848 -38.798782 -38.997850 -39.231671 -39.497100 -39.791075 -40.110494 -40.452124 -40.812538 -41.188084 -41.574877 -41.968810 -42.365585 -42.760757 -43.149801 -43.528207 -43.891614 -44.235960 -44.557624 -44.853466 -45.120789 -45.357268 -45.560913 -45.730089 -45.863558 -45.960477 -46.020325
-54.348473 -53.363672 -52.406456 -51.476110 -50.571986 -49.693538 -48.840351 -48.012165 -47.208890 -46.430633 -45.677717 -44.950717 -44.250503 -43.578303 -42.935786 -42.325166 -41.749329 -41.211965 -40.717661 -40.271870 -39.880730 -39.550657 -39.287274 -39.092980 -38.966145 -38.901733 -38.894088 -38.938076 -39.029182 -39.163417 -39.337235 -39.547433 -39.791027 -40.065120 -40.366770 -40.692891 -41.040163 -41.404992 -41.783488 -42.171479 -42.564557 -42.958142 -43.347581 -43.728276 -44.095822 -44.446131 -44.775514 -45.080682 -45.358710 -45.606985 -45.823182 -46.005267 -46.151531 -46.260624 -46.331546
-54.742254 -53.771855 -52.829444 -51.914110 -51.025004 -50.161385 -49.322663 -48.508425 -47.718459 -46.952774 -46.211628 -45.495555 -44.805415 -44.142455 -43.508383 -42.905462 -42.336596 -41.805385 -41.316106 -40.873566 -40.482762 -40.148279 -39.873379 -39.659399 -39.506343 -39.412131 -39.373236 -39.385704 -39.445705 -39.549709 -39.694504 -39.877144 -40.094877 -40.345027 -40.624884 -40.931579 -41.261990 -41.612671 -41.979820 -42.359291 -42.746643 -43.137220 -43.526272 -43.909086 -44.281118 -44.638104 -44.976112 -45.291554 -45.581155 -45.841927 -46.071152 -46.266385 -46.425493 -46.546687 -46.628555
-55.120822 -54.166890 -53.241550 -52.343681 -51.472209 -50.626171 -49.804763 -49.007388 -48.233681 -47.483533 -46.757110 -46.054888 -45.377686 -44.726726 -44.103691 -43.510791 -42.950796 -42.427031 -41.943271 -41.503515 -41.111611 -40.770783 -40.483253 -40.250285 -40.072400 -39.949031 -39.878409 -39.857953 -39.884758 -39.955911 -40.068639 -40.220344 -40.408575 -40.630958 -40.885090 -41.168422 -41.478141 -41.811076 -42.163641 -42.531835 -42.911283 -43.297326 -43.685136 -44.069851 -44.446697 -44.811091 -45.158709 -45.485506 -45.787723 -46.061876 -46.304768 -46.513503 -46.685525 -46.818661 -46.911152
-55.482528 -54.546897 -53.640683 -52.762553 -51.911190 -51.085366 -50.284022 -49.506327 -48.751718 -48.019929 -47.311005 -46.625322 -45.963616 -45.327023 -44.717113 -44.135928 -43.585974 -43.070167 -42.591690 -42.153766 -41.759361 -41.410927 -41.110317 -40.858861 -40.657391 -40.506097 -40.404353 -40.350755 -40.343368 -40.380006 -40.458436 -40.576487 -40.732085 -40.923225 -41.147897 -41.403975 -41.689093 -42.000508 -42.335016 -42.688911 -43.058016 -43.437753 -43.823260 -44.209507 -44.591415 -44.963965 -45.322279 -45.661681 -45.977746 -46.266339 -46.523669 -46.746327 -46.931333 -47.076164 -47.178780
-55.825790 -54.910006 -54.024704 -53.168350 -52.339369 -51.536236 -50.757575 -50.002255 -49.269451 -48.558677 -47.869806 -47.203064 -46.559047 -45.938729 -45.343488 -44.775101 -44.235727 -43.727830 -43.254046 -42.816995 -42.419092 -42.062425 -41.748736 -41.479438 -41.255589 -41.077805 -40.946145 -40.860050 -40.818423 -40.819802 -40.862542 -40.944957 -41.065400 -41.222291 -41.414078 -41.639156 -41.895736 -42.181685 -42.494378 -42.830605 -43.186546 -43.557834 -43.939644 -44.326798 -44.713876 -45.095315 -45.465513 -45.818941 -46.150272 -46.454518 -46.727152 -46.964186 -47.162208 -47.318381 -47.430447
-56.149144 -55.254408 -54.391462 -53.558603 -52.754004 -51.975817 -51.222289 -50.491896 -49.783450 -49.096160 -48.429647 -47.783924 -47.159378 -46.556761 -45.977187 -45.422125 -44.893379 -44.393021 -43.923278 -43.486392 -43.084490 -42.719512 -42.393177 -42.106967 -41.862088 -41.659409 -41.499389 -41.382026 -41.306856 -41.273044 -41.279509 -41.325064 -41.408515 -41.528731 -41.684651 -41.875251 -42.099427 -42.355827 -42.642639 -42.957396 -43.296867 -43.657068 -44.033333 -44.420412 -44.812541 -45.203527 -45.586852 -45.955856 -46.304012 -46.625230 -46.914089 -47.165948 -47.376956 -47.543999 -47.664654
-56.451295 -55.578407 -54.738846 -53.930790 -53.152201 -52.400906 -51.674723 -50.971629 -50.289933 -49.628403 -48.986296 -48.363328 -47.759613 -47.175629 -46.612202 -46.070512 -45.552088 -45.058756 -44.592530 -44.155471 -43.749586 -43.376749 -43.038664 -42.736838 -42.472541 -42.246776 -42.060230 -41.913241 -41.805786 -41.737517 -41.707848 -41.716057 -41.761396 -41.843175 -41.960821 -42.113889 -42.302010 -42.524741 -42.781314 -43.070318 -43.389430 -43.735304 -44.103620 -44.489175 -44.885908 -45.286916 -45.684536 -46.070654 -46.437214 -46.776753 -47.082777 -47.349902 -47.573812 -47.751131 -47.879316
-56.731168 -55.880492 -55.064864 -54.282416 -53.530970 -52.808071 -52.111098 -51.437434 -50.784708 -50.151036 -49.535144 -48.936337 -48.354394 -47.789491 -47.242194 -46.713500 -46.204851 -45.718040 -45.255060 -44.817938 -44.408627 -44.028936 -43.680501 -43.364774 -43.083009 -42.836241 -42.625269 -42.450624 -42.312570 -42.211117 -42.146073 -42.117125 -42.123933 -42.166222 -42.243864 -42.356949 -42.505794 -42.690890 -42.912678 -43.171158 -43.465362 -43.792981 -44.150306 -44.532345 -44.932802 -45.343940 -45.756673 -46.161129 -46.547457 -46.906585 -47.230728 -47.513596 -47.750315 -47.937221 -48.071670
-56.987965 -56.159411 -55.367742 -54.611123 -53.887327 -53.193722 -52.527305 -51.884835 -51.263089 -50.659238 -50.071184 -49.497652 -48.938014 -48.392148 -47.860470 -47.344035 -46.844483 -46.363823 -45.904184 -45.467626 -45.056033 -44.671074 -44.314222 -43.986772 -43.689866 -43.424491 -43.191467 -42.991428 -42.824811 -42.691874 -42.592727 -42.527397 -42.495901 -42.498341 -42.534987 -42.606380 -42.713411 -42.857377 -43.039925 -43.262726 -43.526763 -43.831429 -44.174043 -44.550024 -44.952807 -45.373507 -45.801310 -46.224479 -46.631350 -47.011108 -47.354388 -47.653638 -47.903175 -48.098928 -48.238140
-57.221193 -56.414230 -55.646018 -54.914821 -54.218462 -53.554261 -52.918987 -52.308872 -51.719777 -51.147605 -50.588940 -50.041569 -49.504377 -48.976971 -48.459898 -47.954707 -47.463602 -46.989018 -46.533299 -46.098514 -45.686393 -45.298350 -44.935560 -44.599043 -44.289728 -44.008474 -43.756060 -43.533157 -43.340309 -43.177940 -43.046382 -42.945935 -42.876924 -42.839789 -42.835162 -42.863968 -42.927537 -43.027754 -43.167206 -43.349180 -43.577130 -43.853256 -44.176791 -44.543758 -44.946853 -45.375315 -45.816472 -46.257128 -46.684215 -47.085218 -47.448781 -47.765431 -48.028079 -48.231952 -48.374136
-57.430694 -56.644381 -55.898626 -55.191829 -54.521932 -53.886332 -53.281767 -52.704195 -52.148744 -51.609908 -51.082288 -50.561881 -50.046853 -49.536685 -49.032759 -48.537740 -48.054705 -47.586606 -47.135973 -46.704789 -46.294500 -45.906123 -45.540401 -45.197952 -44.879378 -44.585324 -44.316474 -44.073499 -43.857011 -43.667552 -43.505617 -43.371721 -43.266453 -43.190559 -43.145009 -43.131086 -43.150499 -43.205548 -43.299364 -43.436267 -43.622028 -43.862981 -44.162484 -44.517416 -44.917796 -45.349986 -45.800113 -46.254645 -46.699928 -47.121990 -47.507066 -47.842761 -48.119401 -48.330768 -48.473708
-57.616643 -56.849677 -56.124940 -55.440967 -54.795844 -54.187114 -53.611640 -53.065408 -52.543277 -52.038723 -51.543998 -51.051662 -50.557871 -50.063018 -49.570679 -49.085127 -48.610379 -48.149844 -47.706120 -47.280957 -46.875384 -46.489907 -46.124727 -45.779934 -45.455680 -45.152286 -44.870264 -44.610260 -44.372952 -44.158983 -43.968980 -43.803627 -43.663742 -43.550349 -43.464740 -43.408557 -43.383925 -43.393587 -43.441067 -43.530992 -43.669994 -43.868324 -44.138389 -44.478329 -44.870401 -45.298666 -45.750056 -46.212048 -46.671208 -47.112611 -47.520023 -47.877099 -48.169660 -48.388179 -48.528877
-57.779549 -57.030320 -56.324788 -55.661601 -55.038966 -54.454568 -53.905434 -53.387749 -52.896554 -52.425233 -51.964670 -51.502675 -51.027952 -50.546417 -50.064869 -49.588988 -49.123631 -48.672538 -48.238186 -47.821948 -47.424352 -47.045346 -46.684529 -46.341378 -46.015461 -45.706613 -45.415047 -45.141323 -44.886209 -44.650495 -44.434940 -44.240375 -44.067820 -43.918550 -43.794143 -43.696615 -43.628606 -43.593509 -43.595539 -43.639795 -43.732539 -43.883488 -44.118629 -44.437480 -44.809669 -45.222154 -45.664257 -46.124666 -46.590573 -47.046902 -47.475704 -47.856461 -48.168311 -48.394526 -48.528166
-57.920248 -57.186887 -56.498448 -55.853643 -55.250747 -54.687524 -54.161108 -53.667835 -53.202978 -52.760313 -52.331307 -51.902448 -51.444430 -50.976641 -50.506790 -50.042049 -49.588285 -49.149337 -48.727341 -48.323217 -47.937019 -47.568185 -47.215741 -46.878511 -46.555354 -46.245425 -45.948402 -45.664602 -45.394875 -45.140288 -44.901831 -44.680476 -44.477447 -44.294196 -44.132523 -43.994870 -43.884558 -43.805850 -43.763996 -43.765496 -43.819017 -43.936942 -44.133215 -44.404053 -44.737726 -45.120712 -45.541576 -45.989316 -46.451849 -46.914786 -47.360007 -47.764204 -48.099063 -48.335602 -48.453543
-58.039899 -57.320328 -56.646634 -56.017530 -55.431289 -54.885660 -54.377767 -53.903941 -53.459450 -53.037919 -52.630013 -52.221300 -51.793756 -51.344563 -50.888732 -50.438155 -49.999425 -49.575999 -49.169596 -48.780800 -48.409345 -48.054297 -47.714207 -47.387284 -47.071621 -46.765491 -46.467710 -46.177988 -45.897079 -45.626494 -45.367797 -45.122191 -44.891083 -44.675885 -44.478566 -44.302181 -44.150971 -44.030264 -43.946493 -43.907456 -43.922519 -44.001509 -44.150762 -44.369899 -44.654336 -44.995230 -45.382374 -45.805088 -46.251735 -46.708761 -47.159166 -47.579556 -47.935832 -48.183685 -48.277206
-58.139991 -57.431970 -56.770493 -56.154215 -55.581320 -55.049450 -54.555580 -54.095833 -53.665180 -53.256985 -52.862683 -52.472250 -52.074061 -51.641591 -51.204291 -50.773177 -50.353838 -49.949495 -49.561824 -49.191353 -48.837705 -48.499754 -48.175732 -47.863358 -47.559997 -47.262940 -46.969814 -46.679156 -46.391024 -46.107258 -45.830734 -45.563546 -45.306844 -45.061565 -44.830081 -44.616459 -44.426050 -44.265151 -44.140922 -44.061320 -44.034569 -44.067743 -44.165179 -44.328661 -44.557177 -44.846166 -45.188095 -45.573373 -45.990660 -46.426514 -46.864421 -47.282415 -47.643829 -47.862465 -47.971868
-58.222354 -57.523523 -56.871618 -56.265169 -55.702201 -55.180159 -54.695781 -54.244921 -53.822340 -53.421543 -53.034800 -52.653117 -52.265644 -51.862251 -51.452364 -51.046117 -50.650050 -50.267936 -49.901751 -49.552199 -49.218986 -48.900969 -48.596243 -48.302211 -48.015674 -47.733010 -47.450517 -47.165024 -46.874859 -46.581093 -46.288330 -46.002562 -45.722292 -45.448099 -45.183694 -44.934532 -44.706893 -44.507547 -44.343611 -44.222265 -44.150192 -44.132910 -44.174578 -44.278246 -44.445289 -44.674447 -44.961143 -45.297475 -45.672502 -46.072123 -46.477718 -46.862891 -47.189862 -47.419450 -47.559929
-58.289187 -57.597109 -56.952068 -56.352411 -55.795953 -55.279903 -54.800763 -54.354215 -53.935035 -53.537090 -53.153443 -52.776623 -52.399742 -52.019500 -51.637279 -51.258347 -50.888133 -50.530577 -50.188006 -49.861415 -49.550713 -49.254874 -48.972011 -48.699402 -48.433506 -48.170026 -47.904097 -47.630725 -47.345697 -47.047291 -46.739217 -46.437475 -46.133553 -45.830652 -45.534748 -45.252276 -44.989739 -44.753690 -44.550614 -44.386624 -44.267140 -44.196833 -44.179871 -44.220107 -44.320684 -44.483060 -44.705669 -44.982806 -45.304212 -45.655120 -46.015702 -46.360623 -46.662441 -46.902043 -47.073412
-58.343086 -57.655293 -57.014403 -56.418544 -55.865304 -55.351677 -54.874011 -54.427980 -54.008604 -53.610377 -53.227553 -52.854760 -52.488041 -52.125585 -51.766956 -51.414008 -51.069958 -50.737943 -50.420214 -50.117924 -49.831174 -49.559097 -49.299911 -49.050910 -48.808428 -48.567787 -48.323337 -48.068653 -47.797122 -47.503751 -47.189524 -46.864442 -46.533619 -46.202649 -45.877760 -45.565076 -45.270485 -44.999751 -44.758488 -44.551897 -44.384526 -44.260443 -44.183645 -44.158327 -44.188692 -44.278321 -44.428861 -44.637933 -44.897260 -45.192807 -45.506408 -45.816650 -46.102618 -46.348620 -46.544096
-58.387088 -57.701118 -57.061712 -56.466778 -55.913692 -55.399300 -54.919919 -54.471389 -54.049195 -53.648694 -53.265489 -52.895936 -52.537546 -52.188868 -51.849156 -51.518727 -51.199004 -50.891897 -50.599090 -50.321585 -50.059515 -49.812099 -49.577634 -49.353472 -49.135940 -48.920217 -48.700233 -48.468711 -48.217280 -47.936088 -47.613721 -47.267906 -46.912711 -46.557054 -46.207178 -45.868270 -45.545093 -45.242274 -44.964481 -44.716331 -44.501967 -44.324984 -44.189195 -44.098683 -44.057662 -44.070684 -44.142462 -44.275932 -44.468179 -44.707995 -44.979980 -45.263679 -45.538354 -45.787247 -45.998435
-58.424706 -57.738132 -57.097632 -56.500913 -55.945196 -55.427266 -54.943530 -54.490144 -54.063192 -53.658952 -53.274192 -52.906416 -52.553884 -52.215417 -51.890273 -51.578216 -51.279638 -50.995393 -50.726399 -50.473226 -50.235803 -50.013260 -49.803838 -49.604832 -49.412521 -49.222018 -49.026973 -48.819184 -48.588343 -48.320895 -47.991170 -47.631831 -47.260418 -46.886931 -46.517687 -46.157320 -45.809673 -45.478216 -45.166495 -44.878652 -44.619151 -44.391505 -44.199805 -44.047572 -43.937878 -43.874629 -43.864114 -43.915635 -44.037629 -44.226745 -44.466058 -44.729193 -44.992479 -45.238773 -45.456588
-58.459960 -57.770400 -57.126325 -56.525286 -55.964423 -55.440545 -54.950247 -54.490074 -54.056733 -53.647311 -53.259455 -52.891421 -52.541978 -52.210242 -51.895600 -51.597693 -51.316456 -51.052071 -50.804776 -50.574584 -50.361023 -50.162912 -49.978203 -49.803879 -49.635896 -49.469097 -49.296837 -49.109834 -48.894042 -48.630538 -48.304886 -47.945332 -47.569000 -47.186402 -46.804398 -46.427820 -46.060297 -45.704583 -45.362907 -45.038134 -44.735543 -44.460790 -44.218625 -44.011052 -43.839469 -43.706412 -43.617311 -43.584169 -43.630463 -43.780172 -43.994571 -44.236691 -44.482991 -44.718554 -44.933359
