MFC+VTK/函数库及接口制作/重磁三维基本处理/张双喜的程序/经验模态分解_2D/三峡gra_ε=0.001_BIMF_D2.grd
DSAA
196 196
305000.000000 695000.000000
3265000.000000 3655000.000000
-18.46806 15.86437
[rows 135 to 161 of 196, columns 0 to 60 of 196]
7.192811 7.724523 8.234731 8.648567 8.778263 8.713361 8.589286 8.464071 8.363265 8.294794 8.255732 8.233353 8.201494 8.115688 7.919194 7.579697 7.103332 6.499055 5.773499 4.937470 4.021384 3.083508 2.198220 1.458575 0.987523 1.078903 1.537876 2.230095 2.923355 3.586402 4.091303 4.314263 4.161291 3.574118 2.636222 1.543607 0.472355 -0.484082 -1.298788 -1.895654 -2.233697 -2.327012 -2.233998 -2.039175 -1.828478 -1.670013 -1.599175 -1.615498 -1.702064 -1.831745 -1.992565 -2.215948 -2.597958 -3.240845 -3.963471 -4.579337 -4.923692 -4.739988 -4.193625 -3.459881 -2.706161
6.126463 6.769534 7.369456 7.844788 8.084125 8.146574 8.125763 8.075321 8.017599 7.960318 7.904334 7.844551 7.767593 7.651325 7.472429 7.218289 6.890631 6.497187 6.036760 5.494035 4.853201 4.133838 3.403573 2.777773 2.394936 2.363816 2.607889 2.999995 3.403667 3.749461 3.960020 3.954408 3.676884 3.127134 2.346374 1.446703 0.573232 -0.176996 -0.869123 -1.342217 -1.568172 -1.580564 -1.440289 -1.216699 -0.975634 -0.776461 -0.666004 -0.659634 -0.745465 -0.891931 -1.087502 -1.354362 -1.771913 -2.683979 -3.582925 -4.246782 -4.511029 -4.273955 -3.630772 -2.736867 -1.775366
4.904878 5.556013 6.185142 6.736560 7.063162 7.274499 7.404118 7.467318 7.473879 7.432560 7.352123 7.240771 7.105751 6.953152 6.787908 6.615191 6.443599 6.278059 6.107421 5.894141 5.566197 5.053540 4.467263 3.931641 3.542463 3.337100 3.303012 3.385408 3.517674 3.629152 3.646229 3.495953 3.139657 2.593291 1.907235 1.154227 0.435933 -0.159345 -0.591473 -0.813769 -0.855065 -0.787136 -0.669994 -0.509179 -0.308685 -0.085343 0.103345 0.165386 0.136625 0.016918 -0.233647 -0.679630 -1.383962 -2.363420 -3.308100 -3.946648 -4.125291 -3.818204 -3.090847 -2.074893 -0.946057
3.563233 4.152516 4.732890 5.282259 5.754498 6.153823 6.463203 6.663952 6.750751 6.732261 6.626369 6.456143 6.250327 6.044783 5.877243 5.774327 5.756779 5.820062 5.932811 6.043008 6.059379 5.720537 5.278410 4.805588 4.344628 3.933895 3.614187 3.402113 3.287368 3.226264 3.150300 2.965200 2.588743 2.061953 1.463625 0.852692 0.275492 -0.184444 -0.359851 -0.241599 -0.057922 0.047779 0.011068 -0.035363 0.009250 0.211801 0.547572 0.723413 0.891100 0.894384 0.589154 -0.076604 -1.051772 -2.180254 -3.188111 -3.756659 -3.839458 -3.458301 -2.666470 -1.580478 -0.401946
2.158709 2.661293 3.155198 3.672019 4.273266 4.859481 5.347393 5.690127 5.866867 5.880712 5.755305 5.525956 5.236833 4.949590 4.748621 4.703298 4.840788 5.127983 5.494738 5.843887 6.050612 5.999578 5.754617 5.343442 4.765862 4.131600 3.544172 3.069939 2.737696 2.540923 2.438324 2.333835 2.028843 1.600125 1.131439 0.741976 0.355104 -0.012149 0.007241 0.485942 0.847948 0.864221 0.535530 0.098841 -0.144276 -0.042085 0.377546 0.914284 1.504625 1.764699 1.399428 0.523712 -0.679410 -1.997019 -3.154490 -3.626590 -3.635228 -3.213597 -2.406216 -1.316080 -0.130241
0.757398 1.197786 1.618594 2.045633 2.755845 3.468061 4.087699 4.556768 4.831654 4.894024 4.761485 4.478381 4.098906 3.702061 3.416099 3.434988 3.733068 4.227261 4.814265 5.370144 5.769923 5.934746 5.843519 5.493224 4.768166 3.931799 3.122640 2.433087 1.918414 1.599030 1.464333 1.450297 1.426887 1.294673 1.039169 0.984762 0.854236 0.755818 0.928666 1.395672 1.808277 1.732629 0.867954 -0.178611 -0.800096 -0.735620 -0.057287 0.945858 1.951732 2.559989 2.112571 1.085340 -0.288791 -1.720994 -2.866531 -3.437980 -3.462809 -3.040208 -2.273561 -1.268987 -0.150032
-0.565928 -0.162838 0.259687 0.703864 1.322426 2.019756 2.689073 3.250880 3.633995 3.776642 3.658608 3.324098 2.847451 2.351705 1.935945 2.062551 2.508102 3.170357 3.940109 4.685656 5.268175 5.570313 5.520652 5.093046 4.319740 3.373236 2.416825 1.571080 0.914053 0.481253 0.284914 0.380387 0.742829 1.197028 1.511130 1.650071 1.602358 1.597716 1.787494 2.167444 2.538982 2.487251 0.908294 -0.789924 -1.809438 -1.584963 -0.544302 0.846702 2.118152 2.802409 2.575841 1.542417 0.036464 -1.510063 -2.691718 -3.261091 -3.261084 -2.835777 -2.147919 -1.331308 -0.492154
-1.716920 -1.390806 -1.036035 -0.617936 -0.093384 0.518168 1.142086 1.734192 2.226835 2.506268 2.450531 2.048978 1.444117 0.882322 0.584046 0.736567 1.260590 2.030365 2.922028 3.808182 4.538467 4.932477 4.838901 4.323274 3.513725 2.540771 1.531093 0.598297 -0.159845 -0.678312 -0.977341 -0.840694 -0.148326 1.019745 2.136427 2.421475 2.298019 2.208061 2.338253 2.566406 2.622898 2.054427 0.556674 -1.311214 -2.690547 -2.089333 -0.837840 0.723642 2.147331 2.948979 2.879437 1.773171 0.156825 -1.464798 -2.682649 -3.094458 -2.964740 -2.495212 -1.891273 -1.310206 -0.836353
-2.620659 -2.439133 -2.224825 -1.936071 -1.546813 -1.060382 -0.571003 -0.040981 0.521562 0.996182 1.110974 0.590189 -0.125493 -0.645607 -0.784087 -0.513559 0.092199 0.902873 1.816904 2.734007 3.527967 4.002164 3.792763 3.224019 2.452475 1.561979 0.612329 -0.328336 -1.164461 -1.788690 -2.119647 -2.027374 -1.314931 0.278590 2.480594 2.741325 2.590017 2.436969 2.529805 2.573978 2.331958 1.581670 0.323210 -1.085919 -1.968575 -1.709909 -0.688187 0.681251 2.038705 3.029114 2.883209 1.558191 -0.040721 -1.527739 -2.601603 -2.835445 -2.489795 -1.942372 -1.393197 -0.989340 -0.818282
-3.230885 -3.266845 -3.271386 -3.204264 -3.037906 -2.770037 -2.444461 -2.076228 -1.562221 -0.951650 -0.539494 -1.218960 -1.849859 -2.138424 -2.046366 -1.611975 -0.897286 -0.112998 0.704578 1.489463 2.154743 2.543459 2.314140 1.832996 1.242184 0.577507 -0.176750 -1.019140 -1.875720 -2.565528 -2.843023 -2.794020 -2.378268 -1.257519 0.905789 2.033106 2.382498 2.443400 2.458444 2.355261 2.006031 1.353027 0.418478 -0.470601 -0.974440 -0.897856 -0.273132 0.651735 1.556612 2.060413 1.754821 0.699915 -0.573440 -1.634645 -2.215639 -2.199474 -1.748586 -1.149228 -0.616206 -0.277383 -0.175448
-3.534118 -3.841854 -4.124818 -4.346848 -4.475816 -4.499059 -4.426737 -4.260816 -3.953448 -3.531421 -3.396733 -3.494948 -3.513063 -3.343778 -2.979549 -2.426296 -1.636831 -0.919402 -0.309177 0.171292 0.504076 0.634251 0.502641 0.260624 0.013096 -0.280336 -0.700842 -1.296238 -2.043562 -2.773058 -2.915471 -2.818969 -2.426111 -1.542501 -0.175588 1.022748 1.742280 2.075733 2.163447 2.059904 1.762822 1.295131 0.733423 0.240466 -0.045945 -0.067264 0.173896 0.562665 0.879593 0.871465 0.387520 -0.479788 -1.374067 -1.846883 -1.853487 -1.468833 -0.831141 -0.140708 0.417594 0.747868 0.823651
-3.548296 -4.140897 -4.721546 -5.262861 -5.723614 -6.061936 -6.258132 -6.331693 -6.335278 -6.339101 -6.235126 -5.507832 -4.643706 -3.932738 -3.336653 -2.675470 -1.950370 -1.388827 -1.097656 -1.053723 -1.154241 -1.269409 -1.318070 -1.276328 -1.053030 -0.896406 -0.897141 -1.088774 -1.482512 -1.948194 -2.231067 -2.223336 -1.985665 -1.462572 -0.687748 0.204807 0.982986 1.497349 1.739538 1.767459 1.640075 1.413211 1.146226 0.897598 0.706579 0.583488 0.491609 0.402558 0.213420 -0.177532 -0.796238 -1.558785 -2.212799 -2.074709 -1.564494 -0.801992 0.101062 0.971317 1.600932 1.865405 1.793592
-3.316131 -4.152105 -4.993957 -5.831877 -6.621550 -7.281351 -7.728762 -7.951166 -8.015663 -8.102601 -8.087622 -6.321969 -4.670639 -3.562903 -2.923808 -2.286405 -1.673578 -1.406373 -1.538773 -1.981802 -2.546157 -2.922025 -2.777844 -2.321115 -1.733653 -1.188911 -0.773616 -0.472690 -0.406587 -0.606353 -0.975425 -1.265195 -1.382289 -1.259514 -0.896560 -0.329109 0.370621 0.957489 1.338206 1.532272 1.621872 1.626313 1.560050 1.430353 1.233958 0.968277 0.623297 0.193706 -0.338597 -0.969591 -1.637932 -2.206983 -2.456155 -2.108667 -1.334747 -0.295339 0.871122 1.985999 2.757100 2.824363 2.447967
-2.892283 -3.879041 -4.888287 -5.934109 -6.987700 -7.940800 -8.595577 -8.763991 -8.480805 -7.957323 -6.985158 -5.198212 -3.350974 -2.033578 -1.365985 -0.959716 -0.762783 -0.987096 -1.590092 -2.436186 -3.348981 -4.020843 -3.573788 -2.809309 -1.963777 -1.133211 -0.360565 0.334703 0.845609 0.944291 0.396419 -0.318768 -0.852168 -1.074797 -0.969792 -0.570057 0.030110 0.639135 1.109877 1.411825 1.688764 1.854364 1.897284 1.797227 1.534051 1.121001 0.586786 -0.042794 -0.748929 -1.497584 -2.147496 -2.525495 -2.509950 -2.039449 -1.158429 0.016348 1.336630 2.619147 3.556036 3.340935 2.700245
-2.325535 -3.340957 -4.385271 -5.487079 -6.641031 -7.753881 -8.535803 -8.301674 -7.521614 -6.343201 -4.742913 -2.833138 -0.946045 0.463929 1.116695 1.086910 0.558620 -0.289009 -1.309506 -2.360622 -3.261766 -3.724049 -3.428691 -2.684849 -1.765130 -0.806468 0.134883 1.026686 1.807858 2.243520 1.333547 0.267912 -0.564612 -1.013894 -1.038673 -0.683409 -0.065479 0.612478 1.142292 1.526483 1.826149 2.024479 2.090848 1.956040 1.612145 1.070857 0.412690 -0.307969 -1.047372 -1.829676 -2.418820 -2.671620 -2.519457 -1.967031 -1.052235 0.138499 1.468727 2.654447 3.344220 3.235452 2.582515
-1.642178 -2.565511 -3.508539 -4.487766 -5.490083 -6.424400 -7.003867 -6.452153 -5.348690 -3.857886 -2.055482 -0.087684 1.812646 3.229867 3.798542 3.111826 1.812763 0.436853 -0.795719 -1.830094 -2.553914 -2.835382 -2.630470 -2.032025 -1.212501 -0.309348 0.593128 1.417415 2.020415 2.117541 1.415188 0.366925 -0.576806 -1.132516 -1.173037 -0.737262 0.012488 0.831085 1.348893 1.707626 1.944439 2.072729 2.073507 1.897131 1.458062 0.849950 0.138617 -0.618070 -1.370947 -2.065938 -2.565010 -2.742441 -2.524100 -1.919061 -1.001368 0.111556 1.363150 2.374079 2.894031 2.837259 2.289221
-0.839616 -1.580647 -2.315672 -3.021042 -3.639978 -4.051458 -4.044352 -3.425914 -2.343730 -0.963115 0.602326 2.299483 4.019252 5.209736 5.844476 4.378271 2.554477 0.943670 -0.185774 -1.027892 -1.524710 -1.672779 -1.503583 -1.070800 -0.461358 0.233466 0.923421 1.494840 1.788783 1.639982 1.021767 0.088988 -0.837061 -1.400652 -1.369810 -0.714442 0.198170 1.037835 1.584544 1.864543 1.967864 1.973777 1.862467 1.591239 1.128497 0.516507 -0.187185 -0.921442 -1.621069 -2.213561 -2.624613 -2.761725 -2.530110 -1.874648 -0.941023 0.123520 1.183079 2.011373 2.420889 2.330485 1.830634
0.104447 -0.417500 -0.893871 -1.249755 -1.391602 -1.223643 -0.700936 0.095936 1.022901 1.949838 2.842356 3.772472 4.717723 5.390443 5.369528 4.257021 2.653908 1.149953 0.325789 -0.156744 -0.385674 -0.417302 -0.292885 -0.056146 0.279687 0.690497 1.100594 1.388398 1.427487 1.137296 0.536840 -0.288224 -1.137370 -1.622229 -1.502482 -0.514972 0.550238 1.364864 1.808676 1.930277 1.853033 1.732943 1.510830 1.170540 0.707977 0.136716 -0.507768 -1.171341 -1.783114 -2.267421 -2.584587 -2.670026 -2.478750 -1.769514 -0.867262 0.085230 0.962669 1.635090 1.969009 1.782857 1.286329
1.206296 0.875155 0.636533 0.599006 0.864056 1.488846 2.421649 3.450016 4.229127 4.429204 4.332446 4.218190 4.210076 4.277639 4.015497 3.291641 2.283395 1.344977 0.803987 0.635153 0.686604 0.772187 0.790015 0.761323 0.800993 0.953686 1.144757 1.233853 1.112453 0.754412 0.177518 -0.521477 -1.145967 -1.399299 -1.047172 -0.075963 1.017179 1.698059 1.916927 1.848636 1.655644 1.378430 1.060597 0.693344 0.265751 -0.226833 -0.770235 -1.328336 -1.844255 -2.240588 -2.434175 -2.402965 -2.110481 -1.537820 -0.787495 -0.002098 0.697310 1.207620 1.410992 1.209160 0.747206
2.436643 2.219205 2.136572 2.295929 2.786831 3.641329 4.782163 5.958998 6.657139 5.916809 4.834912 3.788743 2.931769 2.683164 2.425241 2.036913 1.624413 1.249036 1.063704 1.167876 1.500493 1.739286 1.503018 1.141875 0.944497 0.960860 1.080858 1.121118 0.920023 0.569621 0.046046 -0.555378 -1.038884 -1.155031 -0.730375 0.203693 1.339425 1.754472 1.730173 1.530798 1.240078 0.895415 0.541713 0.200291 -0.150826 -0.530214 -0.938444 -1.357776 -1.755676 -2.072906 -2.143026 -2.036598 -1.747979 -1.295893 -0.726610 -0.132575 0.385910 0.739440 0.854034 0.701189 0.331983
3.673681 3.520481 3.474373 3.656023 4.145446 4.949856 5.971735 6.930514 7.077154 5.857339 4.267773 2.790341 1.693178 1.145485 0.932281 0.870730 0.885049 0.935301 1.046426 1.295781 1.780093 2.204475 1.510374 0.916003 0.671442 0.715551 0.902019 1.057725 0.882609 0.582248 0.144810 -0.434575 -0.929806 -1.091919 -0.767816 -0.037849 0.772961 1.199975 1.225453 1.009915 0.684038 0.321484 -0.013762 -0.274246 -0.513233 -0.751442 -0.997014 -1.245528 -1.474321 -1.643112 -1.695209 -1.629416 -1.429873 -1.119985 -0.731030 -0.318262 0.042107 0.294765 0.400003 0.347860 0.165448
4.981117 4.712431 4.535687 4.551806 4.817937 5.303548 5.845852 6.117275 5.679489 4.415083 2.772881 1.263480 0.213392 -0.293531 -0.357182 -0.149528 0.179557 0.530405 0.854154 1.134431 1.308477 1.152032 0.537886 0.152858 0.103153 0.294561 0.579600 0.797545 0.815865 0.672422 0.375760 -0.257396 -0.856418 -1.207622 -1.098861 -0.547834 0.078846 0.484987 0.560351 0.365467 0.057726 -0.282195 -0.530476 -0.699290 -0.810951 -0.886842 -0.945356 -1.004170 -1.064326 -1.110183 -1.150997 -1.215536 -1.167255 -1.040170 -0.839325 -0.582114 -0.335885 -0.107666 0.071185 0.177508 0.208490
6.269744 5.714933 5.246921 4.928594 4.787068 4.774574 4.728478 4.399368 3.579530 2.269151 0.705833 -0.652399 -1.404325 -1.624156 -1.443998 -1.002328 -0.442682 0.108565 0.545403 0.762133 0.632386 0.070572 -0.720513 -0.767183 -0.553876 -0.198496 0.211901 0.564071 0.752859 0.713310 0.409872 -0.145027 -0.760543 -1.266348 -1.418203 -0.933892 -0.428758 -0.118334 -0.077709 -0.266056 -0.558972 -0.837928 -1.013697 -1.076407 -1.046041 -0.945301 -0.801125 -0.663897 -0.606241 -0.577599 -0.585326 -0.789819 -0.963336 -1.062551 -1.069100 -0.967986 -0.765453 -0.478863 -0.147207 0.167133 0.407752
7.358414 6.438880 5.578255 4.819383 4.167868 3.599887 3.054330 2.335967 1.326421 0.036890 -1.393693 -2.575198 -2.872960 -2.764594 -2.351107 -1.716346 -0.983091 -0.288498 0.225076 0.418691 0.201514 -0.365323 -0.990271 -1.263335 -1.039875 -0.646761 -0.130977 0.410406 0.755972 0.767654 0.448127 -0.061711 -0.582462 -0.962956 -1.071625 -0.874069 -0.621649 -0.508597 -0.598166 -0.840385 -1.129319 -1.357568 -1.458557 -1.408094 -1.223555 -0.936426 -0.598611 -0.271586 -0.155723 -0.129325 -0.238448 -0.519797 -0.867468 -1.180882 -1.388010 -1.424716 -1.239657 -0.838036 -0.290306 0.273641 0.720175
8.163391 6.819083 5.535635 4.332056 3.190226 2.103215 1.216432 0.278342 -0.768103 -1.884785 -2.929210 -3.647390 -3.847609 -3.626671 -3.096396 -2.337418 -1.463459 -0.619366 0.018742 0.303129 0.177166 -0.251956 -0.757328 -1.121341 -1.125930 -0.907185 -0.387018 0.349449 0.858184 0.850219 0.513083 0.048827 -0.336367 -0.447830 -0.440442 -0.446225 -0.512062 -0.700331 -0.994027 -1.307386 -1.587271 -1.773617 -1.830334 -1.694124 -1.344314 -0.846370 -0.349863 0.002703 0.289487 0.303720 0.050677 -0.388588 -0.904044 -1.385555 -1.742462 -1.890027 -1.729917 -1.181010 -0.399215 0.426293 1.089704
8.542032 6.806420 5.162246 3.603924 2.121321 0.742403 -0.469045 -1.551811 -2.520047 -3.350148 -3.965566 -4.302719 -4.359971 -4.139381 -3.658813 -2.897003 -1.900376 -0.846044 0.003869 0.462512 0.490227 0.195921 -0.242268 -0.652915 -0.863011 -0.786630 -0.369865 0.310752 0.951734 0.837540 0.588806 0.271090 -0.016854 0.225819 0.379789 0.214656 -0.243216 -0.821285 -1.314265 -1.618389 -1.825953 -1.976195 -2.052738 -1.920162 -1.388718 -0.651721 0.071972 0.621255 0.899398 0.781265 0.300477 -0.373983 -1.068902 -1.659063 -2.066078 -2.245094 -2.142408 -1.444176 -0.511295 0.492259 1.384184
8.303074 6.393616 4.538402 2.761107 1.075989 -0.487220 -1.880421 -3.027964 -3.849787 -4.324967 -4.505339 -4.503743 -4.426731 -4.262900 -3.984223 -3.395431 -2.279161 -0.958920 0.166816 0.780079 0.951867 0.772859 0.333872 -0.163705 -0.516263 -0.590254 -0.360332 0.068807 0.452362 0.537798 0.655228 0.701089 0.731038 0.981921 1.208368 0.989083 -0.037713 -1.067968 -1.575227 -1.731656 -1.789910 -1.882632 -2.006854 -1.985732 -1.253063 -0.336133 0.573081 1.310550 1.631979 1.287257 0.500410 -0.453882 -1.338409 -1.977978 -2.306073 -2.353880 -2.146268 -1.530659 -0.647270 0.319654 1.169152
