MFC+VTK/函数库及接口制作/重磁三维基本处理/张双喜的程序/经验模态分解_2D/三峡gra_ε=0.001_BIMF_A4.grd
DSAA
196 196
305000.000000 695000.000000
3265000.000000 3655000.000000
-151.46812 -22.10811
[rows 150 to 174 of 196, columns 110 to 164 of 196]
-77.956516 -77.397479 -76.856740 -76.334290 -75.829960 -75.343417 -74.874141 -74.421409 -73.984270 -73.561520 -73.151669 -72.752907 -72.363080 -71.979700 -71.600017 -71.221195 -70.840575 -70.455944 -70.065724 -69.668999 -69.265390 -68.855284 -68.439733 -68.020086 -67.597626 -67.173365 -66.747952 -66.321671 -65.894454 -65.465894 -65.035240 -64.601363 -64.162670 -63.716972 -63.261298 -62.791783 -62.303910 -61.793717 -61.260205 -60.706541 -60.140386 -59.568843 -58.997492 -58.430465 -57.870863 -57.321057 -56.782880 -56.257722 -55.746590 -55.250129 -54.768656 -54.302199 -53.850566 -53.413419 -52.990344
-77.346530 -76.785749 -76.242967 -75.718182 -75.211236 -74.721793 -74.249330 -73.793113 -73.352180 -72.925313 -72.511023 -72.107537 -71.712810 -71.324584 -70.940496 -70.558245 -70.175769 -69.791378 -69.403795 -69.012109 -68.615730 -68.214494 -67.808718 -67.399080 -66.986390 -66.571372 -66.154523 -65.736041 -65.315797 -64.893326 -64.467805 -64.038015 -63.602280 -63.158402 -62.703667 -62.235061 -61.749886 -61.246738 -60.726177 -60.190354 -59.643695 -59.091766 -58.539877 -57.992405 -57.452733 -56.923437 -56.406453 -55.903194 -55.414602 -54.941174 -54.483014 -54.039918 -53.611480 -53.197193 -52.796521
-76.713274 -76.149971 -75.604312 -75.076306 -74.565800 -74.072461 -73.595768 -73.134991 -72.689174 -72.257127 -71.837415 -71.428377 -71.028163 -70.634811 -70.246357 -69.860951 -69.476956 -69.092990 -68.707912 -68.320786 -67.930887 -67.537739 -67.141179 -66.741337 -66.338529 -65.933095 -65.525265 -65.115054 -64.702208 -64.286168 -63.866040 -63.440570 -63.008132 -62.566767 -62.114345 -61.648925 -61.169257 -60.675213 -60.167805 -59.648980 -59.121828 -58.590564 -58.059809 -57.533821 -57.016095 -56.509335 -56.015559 -55.536170 -55.071977 -54.623242 -54.189783 -53.771128 -53.366664 -52.975753 -52.597792
-76.058596 -75.492042 -74.942731 -74.410684 -73.895751 -73.397609 -72.915746 -72.449455 -71.997820 -71.559716 -71.133820 -70.718642 -70.312575 -69.913970 -69.521220 -69.132834 -68.747471 -68.363942 -67.981184 -67.598236 -67.214258 -66.828565 -66.440662 -66.050262 -65.657231 -65.261502 -64.862969 -64.461399 -64.056368 -63.647215 -63.233014 -62.812570 -62.384466 -61.947175 -61.499277 -61.039749 -60.568249 -60.085215 -59.591799 -59.089819 -58.581845 -58.071322 -57.562309 -57.058878 -56.564537 -56.082006 -55.613295 -55.159679 -54.721677 -54.299167 -53.891593 -53.498205 -53.118234 -52.750976 -52.395822
-75.384489 -74.814013 -74.260346 -73.723514 -73.203378 -72.699628 -72.211777 -71.739158 -71.280926 -70.836064 -70.403403 -69.981660 -69.569488 -69.165534 -68.768496 -68.377160 -67.990405 -67.607190 -67.226516 -66.847410 -66.468932 -66.090221 -65.710529 -65.329231 -64.945802 -64.559776 -64.170699 -63.778072 -63.381295 -62.979626 -62.572166 -62.157883 -61.735687 -61.304554 -60.863708 -60.412788 -59.951953 -59.481880 -59.003728 -58.519150 -58.030403 -57.540491 -57.053163 -56.572532 -56.102334 -55.645318 -55.203348 -54.777298 -54.367110 -53.972074 -53.591212 -53.223557 -52.868272 -52.524676 -52.192210
-74.693094 -74.118094 -73.559441 -73.017171 -72.491159 -71.981112 -71.486580 -71.006960 -70.541501 -70.089323 -69.649441 -69.220797 -68.802299 -68.392863 -67.991442 -67.597043 -67.208726 -66.825581 -66.446694 -66.071106 -65.697802 -65.325755 -64.953985 -64.581558 -64.207582 -63.831222 -63.451710 -63.068306 -62.680269 -62.286823 -61.887162 -61.480492 -61.066096 -60.643428 -60.212211 -59.772511 -59.324747 -58.869681 -58.408404 -57.942376 -57.473542 -57.004503 -56.538723 -56.080526 -55.634470 -55.203880 -54.790154 -54.393253 -54.012111 -53.645281 -53.291432 -52.949522 -52.618767 -52.298575 -51.988482
-73.986707 -73.406653 -72.842468 -72.294202 -71.761744 -71.244830 -70.743056 -70.255893 -69.782702 -69.322762 -68.875281 -68.439429 -68.014359 -67.599230 -67.193218 -66.795522 -66.405358 -66.021943 -65.644467 -65.272046 -64.903649 -64.538090 -64.174137 -63.810496 -63.445900 -63.079194 -62.709357 -62.335479 -61.956730 -61.572362 -61.181727 -60.784307 -60.379750 -59.967903 -59.548839 -59.122868 -58.690531 -58.252591 -57.810040 -57.364150 -56.916559 -56.469429 -56.025715 -55.589591 -55.166811 -54.763290 -54.379086 -54.012417 -53.660786 -53.322096 -52.994912 -52.678288 -52.371577 -52.074302 -51.786091
-73.267777 -72.682219 -72.112043 -71.557314 -71.017946 -70.493710 -69.984250 -69.489118 -69.007795 -68.539719 -68.084297 -67.640921 -67.208977 -66.787852 -66.376934 -65.975605 -65.583230 -65.199143 -64.822641 -64.452965 -64.089205 -63.730103 -63.374048 -63.019239 -62.664026 -62.307009 -61.947003 -61.582997 -61.214144 -60.839791 -60.459506 -60.073066 -59.680438 -59.281750 -58.877285 -58.467470 -58.052873 -57.634211 -57.212372 -56.788464 -56.363893 -55.940480 -55.520631 -55.107696 -54.707147 -54.330584 -53.976545 -53.640046 -53.317125 -53.005543 -52.704046 -52.411855 -52.128436 -51.853397 -51.586432
-72.538910 -71.947483 -71.370941 -70.809371 -70.262719 -69.730799 -69.213312 -68.709885 -68.220109 -67.743576 -67.279883 -66.828635 -66.389445 -65.961926 -65.545683 -65.140297 -64.745296 -64.360127 -63.984166 -63.616757 -63.257245 -62.904737 -62.556755 -62.210866 -61.865095 -61.517876 -61.167926 -60.814190 -60.455879 -60.092527 -59.723981 -59.350310 -58.971719 -58.588497 -58.201013 -57.809708 -57.415112 -57.017868 -56.618763 -56.218783 -55.819191 -55.421643 -55.028388 -54.642638 -54.269134 -53.914635 -53.589642 -53.280992 -52.984458 -52.698153 -52.420935 -52.152048 -51.890973 -51.637336 -51.390856
-71.802866 -71.205291 -70.622091 -70.053379 -69.499140 -68.959246 -68.433463 -67.921488 -67.423005 -66.937730 -66.465436 -66.005933 -65.559055 -65.124652 -64.702575 -64.292635 -63.894547 -63.507897 -63.132144 -62.766661 -62.410897 -62.065122 -61.725148 -61.388204 -61.052029 -60.714831 -60.375239 -60.032194 -59.685081 -59.333772 -58.978448 -58.619416 -58.257002 -57.891531 -57.523345 -57.152823 -56.780414 -56.406667 -56.032281 -55.658162 -55.285513 -54.915965 -54.551779 -54.196094 -53.853108 -53.527845 -53.224468 -52.938392 -52.665125 -52.401981 -52.147434 -51.900552 -51.660727 -51.427536 -51.200679
-71.062546 -70.458633 -69.868568 -69.292478 -68.730396 -68.182270 -67.647955 -67.127227 -66.619833 -66.125571 -65.644349 -65.176175 -64.721106 -64.279259 -63.850776 -63.435729 -63.034048 -62.645491 -62.269668 -61.906159 -61.554876 -61.214344 -60.881656 -60.553672 -60.227464 -59.900677 -59.571793 -59.239815 -58.904590 -58.566507 -58.226065 -57.883671 -57.539622 -57.194160 -56.847515 -56.499949 -56.151799 -55.803515 -55.455717 -55.109260 -54.765323 -54.425532 -54.092068 -53.767720 -53.455662 -53.158734 -52.878177 -52.613039 -52.360721 -52.118701 -51.885161 -51.658904 -51.439146 -51.225360 -51.017179
-70.320981 -69.710628 -69.113568 -68.529926 -67.959778 -67.403161 -66.860058 -66.330363 -65.813890 -65.310446 -64.819991 -64.342705 -63.878891 -63.429014 -62.993546 -62.572823 -62.166993 -61.776028 -61.399762 -61.037907 -60.689866 -60.354070 -60.028200 -59.709224 -59.393615 -59.077913 -58.759993 -58.439379 -58.116928 -57.793594 -57.469972 -57.146363 -56.822901 -56.499653 -56.176687 -55.854114 -55.532141 -55.211111 -54.891566 -54.574306 -54.260461 -53.951546 -53.649461 -53.356351 -53.074248 -52.804572 -52.547835 -52.303919 -52.071676 -51.849392 -51.635417 -51.428451 -51.227560 -51.032091 -50.841588
-69.581319 -68.964495 -68.360379 -67.769070 -67.190666 -66.625287 -66.073071 -65.534111 -65.008361 -64.495609 -63.995682 -63.508807 -63.035685 -62.577252 -62.134288 -61.707330 -61.296723 -60.902654 -60.525121 -60.163829 -59.817986 -59.486195 -59.166493 -58.856237 -58.551859 -58.248513 -57.941401 -57.632664 -57.324513 -57.017983 -56.713414 -56.410841 -56.110166 -55.811246 -55.513954 -55.218233 -54.924144 -54.631916 -54.341996 -54.055091 -53.772203 -53.494610 -53.223775 -52.961152 -52.707924 -52.464819 -52.232153 -52.009944 -51.797724 -51.594510 -51.399086 -51.210283 -51.027138 -50.848914 -50.675070
-68.846801 -68.223523 -67.612337 -67.013298 -66.426496 -65.852100 -65.290380 -64.741684 -64.206281 -63.684090 -63.174616 -62.677606 -62.194749 -61.727449 -61.276595 -60.842839 -60.426720 -60.028638 -59.648750 -59.286819 -58.942102 -58.613333 -58.298739 -57.996020 -57.702238 -57.412803 -57.116243 -56.821359 -56.530111 -56.242925 -55.959800 -55.680520 -55.404752 -55.132129 -54.862318 -54.595079 -54.330319 -54.068134 -53.808844 -53.553016 -53.301442 -53.055080 -52.814937 -52.581906 -52.356649 -52.139567 -51.930868 -51.730590 -51.538529 -51.354161 -51.176690 -51.005208 -50.838850 -50.676878 -50.518705
-68.120746 -67.491041 -66.872781 -66.265975 -65.670689 -65.087094 -64.515511 -63.956465 -63.410643 -62.878518 -62.359520 -61.851984 -61.359508 -60.883320 -60.424247 -59.983099 -59.560651 -59.157545 -58.774145 -58.410380 -58.065645 -57.738778 -57.428068 -57.131159 -56.844751 -56.564170 -56.284671 -56.008331 -55.737185 -55.471980 -55.212672 -54.958857 -54.709972 -54.465422 -54.224660 -53.987259 -53.752959 -53.521704 -53.293661 -53.069206 -52.848885 -52.633326 -52.423145 -52.218849 -52.020795 -51.829207 -51.644212 -51.465842 -51.293998 -51.128397 -50.968548 -50.813807 -50.663476 -50.516889 -50.373465
-67.406533 -66.770389 -66.145016 -65.530387 -64.926559 -64.333688 -63.752069 -63.182185 -62.624856 -62.081277 -61.551182 -61.035110 -60.533896 -60.048820 -59.581140 -59.131996 -58.702428 -58.293330 -57.905315 -57.538531 -57.192556 -56.866353 -56.558248 -56.265892 -55.986275 -55.716224 -55.453675 -55.197986 -54.949623 -54.708919 -54.475689 -54.249347 -54.029109 -53.814152 -53.603718 -53.397187 -53.194128 -52.994323 -52.797763 -52.604621 -52.415193 -52.229823 -52.048833 -51.872476 -51.700927 -51.534298 -51.372653 -51.216008 -51.064306 -50.917383 -50.774938 -50.636533 -50.501643 -50.369713 -50.240216
-66.707565 -66.064890 -65.432284 -64.809721 -64.197270 -63.595101 -63.003490 -62.422792 -61.853376 -61.295846 -60.757174 -60.232524 -59.722250 -59.227921 -58.751201 -58.293553 -57.856240 -57.440386 -57.046804 -56.675844 -56.327333 -56.000515 -55.693999 -55.405828 -55.133758 -54.875750 -54.630285 -54.396020 -54.172095 -53.957883 -53.752664 -53.555516 -53.365392 -53.181231 -53.002061 -52.827075 -52.655674 -52.487477 -52.322304 -52.160133 -52.001043 -51.845155 -51.692584 -51.543417 -51.397710 -51.255495 -51.116789 -50.981585 -50.849837 -50.721438 -50.596192 -50.473804 -50.353891 -50.236013 -50.119720
-66.027235 -65.377814 -64.737750 -64.107057 -63.485854 -62.874357 -62.272878 -61.681861 -61.102112 -60.535427 -59.984768 -59.449325 -58.928931 -58.424713 -57.938457 -57.471935 -57.026561 -56.603565 -56.203730 -55.827504 -55.475107 -55.146403 -54.840696 -54.556741 -54.293040 -54.048108 -53.820430 -53.608257 -53.409797 -53.223412 -53.047605 -52.880934 -52.721988 -52.569429 -52.422068 -52.278920 -52.139231 -52.002473 -51.868314 -51.736566 -51.607135 -51.479976 -51.355061 -51.232363 -51.111853 -50.993504 -50.877289 -50.763175 -50.651111 -50.541010 -50.432733 -50.326069 -50.220736 -50.116393 -50.012668
-65.368871 -64.712349 -64.064484 -63.425373 -62.795236 -62.174400 -61.563330 -60.962725 -60.373689 -59.797715 -59.236046 -58.689396 -58.158200 -57.643487 -57.147136 -56.671452 -56.218171 -55.788182 -55.381737 -54.999280 -54.641643 -54.309722 -54.003999 -53.724202 -53.469439 -53.238483 -53.029557 -52.840283 -52.668022 -52.510240 -52.364649 -52.229184 -52.101973 -51.981355 -51.865913 -51.754500 -51.646232 -51.540459 -51.436721 -51.334701 -51.234172 -51.134968 -51.036957 -50.940027 -50.844085 -50.749052 -50.654860 -50.561444 -50.468738 -50.376653 -50.285072 -50.193829 -50.102706 -50.011433 -49.919705
-64.735686 -64.071568 -63.415447 -62.767552 -62.128250 -61.498037 -60.877575 -60.267731 -59.669569 -59.084174 -58.512444 -57.955325 -57.413666 -56.888546 -56.381824 -55.896594 -55.436298 -54.999892 -54.586692 -54.197296 -53.833264 -53.496730 -53.189823 -52.913768 -52.668309 -52.452287 -52.263157 -52.097532 -51.951922 -51.823049 -51.707903 -51.603772 -51.508276 -51.419409 -51.335537 -51.255370 -51.177918 -51.102435 -51.028360 -50.955272 -50.882842 -50.810811 -50.738965 -50.667123 -50.595135 -50.522873 -50.450225 -50.377093 -50.303381 -50.228988 -50.153792 -50.077645 -50.000362 -49.921718 -49.841456
-64.130729 -63.458402 -62.793483 -62.136364 -61.487590 -60.847844 -60.217946 -59.598829 -58.991470 -58.396791 -57.815682 -57.249107 -56.698087 -56.163764 -55.647679 -55.152697 -54.686809 -54.244148 -53.824083 -53.427607 -53.056713 -52.714432 -52.404706 -52.131327 -51.895554 -51.695537 -51.526983 -51.385329 -51.266407 -51.166297 -51.081280 -51.007994 -50.943581 -50.885727 -50.832617 -50.782847 -50.735339 -50.689263 -50.643972 -50.598955 -50.553799 -50.508164 -50.461762 -50.414350 -50.365721 -50.315695 -50.264115 -50.210840 -50.155738 -50.098680 -50.039528 -49.978128 -49.914304 -49.847853 -49.778543
-63.556847 -62.875623 -62.201301 -61.534449 -60.875791 -60.226184 -59.586575 -58.957954 -58.341288 -57.737513 -57.147577 -56.572502 -56.013439 -55.471786 -54.949507 -54.449580 -53.975216 -53.525126 -53.098435 -52.695694 -52.318737 -51.970739 -51.656661 -51.383676 -51.158462 -50.975086 -50.826894 -50.708785 -50.616113 -50.544149 -50.488357 -50.444779 -50.410198 -50.382096 -50.358531 -50.338006 -50.319357 -50.301667 -50.284202 -50.266362 -50.247651 -50.227648 -50.205995 -50.182383 -50.156543 -50.128237 -50.097255 -50.063409 -50.026522 -49.986426 -49.942953 -49.895928 -49.845165 -49.790461 -49.731597
-63.016669 -62.325823 -61.641460 -60.964306 -60.295251 -59.635308 -58.985558 -58.347088 -57.720959 -57.108207 -56.509890 -55.927150 -55.361301 -54.813933 -54.286986 -53.782493 -53.301788 -52.845378 -52.413270 -52.006002 -51.625174 -51.273712 -50.956235 -50.680720 -50.466765 -50.298060 -50.168357 -50.072766 -50.005475 -49.960414 -49.932205 -49.916507 -49.909940 -49.909892 -49.914335 -49.921677 -49.930651 -49.940236 -49.949595 -49.958029 -49.964948 -49.969845 -49.972280 -49.971870 -49.968277 -49.961198 -49.950363 -49.935525 -49.916456 -49.892938 -49.864763 -49.831722 -49.793603 -49.750189 -49.701254
-62.512591 -61.811403 -61.116358 -60.428305 -59.748273 -59.077428 -58.417004 -57.768253 -57.132405 -56.510665 -55.904251 -55.314450 -54.742681 -54.190515 -53.659558 -53.151185 -52.666379 -52.206030 -51.770827 -51.361634 -50.980076 -50.629198 -50.314476 -50.044971 -49.830920 -49.670025 -49.556382 -49.482221 -49.438735 -49.418322 -49.415160 -49.424860 -49.444042 -49.470046 -49.500750 -49.534438 -49.569715 -49.605423 -49.640597 -49.674418 -49.706184 -49.735285 -49.761189 -49.783425 -49.801574 -49.815260 -49.824141 -49.827905 -49.826260 -49.818934 -49.805666 -49.786202 -49.760294 -49.727696 -49.688161
-62.046766 -61.334562 -60.628227 -59.928693 -59.237098 -58.554747 -57.883055 -57.223491 -56.577525 -55.946597 -55.332120 -54.735518 -54.158243 -53.601745 -53.067364 -52.556233 -52.069341 -51.607682 -51.172280 -50.764365 -50.385805 -50.039685 -49.730805 -49.465624 -49.251320 -49.095192 -48.996903 -48.942356 -48.919441 -48.920066 -48.938592 -48.970754 -49.013159 -49.063053 -49.118169 -49.176629 -49.236861 -49.297542 -49.357545 -49.415904 -49.471782 -49.524445 -49.573251 -49.617625 -49.657056 -49.691080 -49.719274 -49.741251 -49.756650 -49.765131 -49.766373 -49.760069 -49.745922 -49.723645 -49.692962
