MFC+VTK/函数库及接口制作/重磁三维基本处理/张双喜的程序/经验模态分解_2D/三峡gra.grd
DSAA
196 196
305000 695000
3265000 3655000
-152.0045362646 -14.497774105541
[rows 20 to 39 of 196, columns 46 to 91 of 196]
-122.86693884833 -124.98694035502 -127.46130528496 -126.12110841596 -122.9944552646 -120.33048104228 -118.10093910935 -116.29185345369 -114.8108728543 -113.43079568411 -111.80646700794 -109.79131559759 -107.64814723773 -105.92123352069 -105.57484566457 -106.64756852301 -108.0855238545 -108.9367931512 -109.27854741269 -109.12186554208 -108.15412097711 -106.92314441968 -107.22593457738 -108.1701375428 -109.07405400342 -109.65889627696 -108.32758049786 -106.19952282295 -101.98239864 -101.22031919378 -102.94330627678 -102.50880991766 -101.06421804704 -99.62409267262 -98.094953093335 -96.417344770146 -94.568316011537 -92.572224138438 -90.455609365575 -88.24869533204 -86.040859266057 -83.915927745559 -81.896860475683 -80.009402210487 -78.270061546518 -76.657195605043
-122.26569991953 -124.68125009178 -126.80225450418 -126.85307085497 -125.85155900069 -123.24612834876 -121.21068553701 -119.53909426823 -117.96966310812 -116.26887339264 -114.17400748483 -111.52155659455 -108.24595428067 -105.32541046015 -104.8451756106 -107.07128605033 -109.50210307097 -110.39739038138 -110.63238154735 -110.70290920497 -109.35202622472 -105.97313236755 -104.73389423975 -106.21275742016 -106.59676268622 -106.55296238718 -106.69120379418 -107.4753688569 -104.85987476667 -104.17465527985 -105.92487434671 -105.10603418352 -103.43694996179 -102.02373936167 -100.56900574095 -98.937186963189 -97.100589952099 -95.021698879937 -92.764141541472 -90.340868133478 -87.932170512498 -85.719612564518 -83.716842673423 -81.909571172624 -80.241586116055 -78.571588926778
-122.04070263558 -124.02096126914 -125.69288421254 -126.40101532157 -126.40414911866 -124.88615441625 -123.81530854665 -122.32099103244 -120.95732778184 -119.24045386237 -116.86117504382 -113.8794985973 -109.44539634609 -104.24281235847 -103.06532506435 -107.67519655838 -111.81124723234 -111.9195295121 -111.70259099625 -112.15233637071 -111.16769194876 -107.83188272113 -105.95164297696 -105.59469384088 -104.03282304726 -103.55368943868 -105.31981088906 -106.79185896145 -106.64264061874 -107.04132695103 -108.22798896879 -107.26599299995 -105.60737550003 -104.19971520445 -102.77844003425 -101.24302907849 -99.472760418 -97.336675967162 -94.970006120194 -92.276726121145 -89.560391533904 -87.201765120029 -85.253164002676 -83.595738570766 -82.053171568914 -80.283025193995
-121.77045636208 -123.3026439068 -124.59986930713 -125.27883884561 -125.2292446651 -124.73474887568 -124.67862435237 -124.06426209469 -123.42258806391 -121.97340136647 -119.43450399867 -116.90410985924 -112.2243008913 -105.18822074576 -102.76106679237 -108.26453899087 -112.45458215347 -112.94735511184 -112.68966815822 -112.66660329823 -111.68595600363 -109.50790994661 -107.78753274792 -106.81417407417 -105.49056204843 -104.77492587488 -105.68724565824 -106.87649071527 -107.63229838357 -108.3647171241 -108.86724565185 -108.30592898046 -107.20766371638 -106.00954826807 -104.6516951798 -103.12126663634 -101.34058260782 -99.333415908573 -97.066678134311 -93.985311104604 -90.878975565583 -88.346421282728 -86.531522564891 -84.999460080851 -83.496011732564 -81.748389208458
-121.42870935289 -122.67425543733 -123.62998631437 -124.08529178865 -123.91577959563 -123.84275967861 -124.35361163227 -124.50248572119 -124.34873271793 -123.25731011559 -121.14489348481 -119.15450693862 -115.95237793103 -110.36685046717 -107.59271184155 -110.14105582082 -112.78249390701 -113.52166693423 -113.40910202055 -112.99237270861 -112.01704955986 -110.5936856577 -109.32800346718 -108.5714443651 -107.71835741747 -106.79941345494 -106.77402886167 -107.42513748004 -108.23600162148 -108.91897030579 -109.21246224751 -109.01052939864 -108.38882364543 -107.44832713652 -106.17225629928 -104.59306467166 -102.7747172876 -100.78046764975 -98.457460209685 -95.34909173809 -91.992251876474 -89.281282384606 -87.714292535512 -86.227648924929 -84.702403596446 -83.047739365776
-121.41463960256 -122.22434933237 -122.87433848649 -123.21536766225 -123.20961020976 -123.37227539415 -123.84465801949 -124.10314690909 -124.08341072841 -123.37947135807 -121.97959818253 -120.64413163342 -118.97648334387 -115.67619105554 -113.10422501717 -112.92834386999 -113.72819346574 -114.14716073691 -114.02085008522 -113.43131342 -112.46904167235 -111.36269838664 -110.35909590885 -109.80780841157 -109.06721132749 -107.99015558439 -107.62604453275 -107.9138286401 -108.55150587551 -109.20775761224 -109.58962087153 -109.63234465216 -109.33569167147 -108.65898422874 -107.46906696895 -105.77337413441 -103.80722221859 -101.73780363696 -99.418808793383 -96.546710716427 -93.429667258838 -90.841372503949 -89.087867744905 -87.491983113062 -85.914692837505 -84.334883674172
-121.63260610994 -121.89697010367 -122.28562816755 -122.57892057621 -122.79114051623 -123.08597231953 -123.30271362572 -123.36709781456 -123.43089018469 -123.06485748499 -122.21355728936 -121.26054800941 -120.17738592433 -118.30363769875 -116.37214144392 -115.18840857704 -114.93783182877 -114.91474767912 -114.61112035274 -113.88934687221 -112.91650484709 -111.87869914801 -110.84291711212 -109.82371839211 -108.88562432842 -108.27914466637 -108.04817222224 -108.12848805745 -108.54563954969 -109.21338466063 -109.78871003698 -110.00338347185 -109.93689949339 -109.59568920967 -108.5475392091 -106.63628860996 -104.42060904965 -102.36298137037 -100.26482905143 -97.72810723659 -94.965651980385 -92.535397147923 -90.606744984566 -88.933121458492 -87.310851024575 -85.765176419782
-121.47635946772 -121.48625340167 -121.707843089 -121.95513748723 -122.23369449843 -122.47015814299 -122.5955335704 -122.63702272346 -122.8332616062 -122.63283879221 -121.96383859008 -121.06232055849 -120.02339198382 -118.79945283238 -117.52558692674 -116.38077429811 -115.86880122001 -115.63991479733 -115.21274084983 -114.37551073662 -113.31602835733 -112.23424288053 -111.21783683462 -109.89821243797 -108.76463897606 -108.47213108346 -108.24138371747 -108.01598755143 -108.12292184821 -108.77124026876 -109.64922825722 -109.8905898492 -109.89329449527 -110.09636913666 -109.35796969271 -107.03858834287 -104.44012015342 -102.64745383527 -101.0941889525 -98.811457037335 -96.200043228819 -93.877909981514 -92.01077811306 -90.443235282208 -88.937359539765 -87.522969488044
-120.85648422214 -120.88431987974 -121.04417226156 -121.26923646723 -121.54761693081 -121.73968583324 -121.90606711133 -122.08260626365 -122.29253482178 -122.13266754188 -121.44912327787 -120.4629033805 -119.3877317232 -118.32493453116 -117.34447334969 -116.62597395719 -116.34103740575 -116.25125920376 -115.89903696708 -114.94309426462 -113.64688031641 -112.40844395408 -111.69656513817 -111.08062864025 -110.0592067506 -109.23774087629 -108.43955913555 -107.59017206234 -107.06273712282 -107.30406655945 -108.34932571143 -108.49665635425 -108.5300551533 -109.28664338471 -108.95969470239 -106.5683257734 -104.00976994299 -102.89738088588 -102.08933985992 -99.604850293072 -96.905209610381 -94.753356055632 -93.147422083638 -91.83135182746 -90.573018476907 -89.248804544929
-120.11012137137 -120.18892786472 -120.30208310058 -120.49541857496 -120.73971806543 -120.9392115493 -121.14441733282 -121.34138559145 -121.5393677532 -121.51413014534 -120.77435085568 -119.61644751486 -118.42208119017 -117.43215391683 -116.67278097697 -116.25791471209 -116.31365439139 -116.70752167393 -116.64547212056 -115.48823925063 -113.88825561051 -112.30002087174 -111.79060463963 -112.23376723509 -111.65937546596 -110.27806507788 -108.6886933148 -106.97142642711 -105.29446365559 -104.10223779067 -104.33391708011 -104.68306758939 -105.43887947013 -106.5852116242 -106.61718988105 -104.96321002677 -103.11353796958 -102.55211319644 -102.11717474224 -99.23891863468 -96.763741544788 -95.069508153378 -93.883395085506 -92.93999372546 -91.975993052877 -90.572319462977
-119.39669361319 -119.40336065793 -119.49196784443 -119.64408314097 -119.87654813381 -120.08354560494 -120.2948461776 -120.4405185037 -120.5856347893 -120.58342646901 -120.13389757306 -118.70247944599 -117.2723026432 -116.35734373691 -115.68778381584 -115.43606813219 -115.75322089598 -116.59307683716 -117.05584916523 -115.70725433773 -114.07195673701 -112.33738661576 -111.64912296645 -112.75609201502 -112.78954806229 -111.19263753753 -109.00700401663 -106.5049240132 -103.52075617131 -99.862285487597 -97.66637661199 -99.069823252355 -101.56457253693 -103.1870115651 -103.55057099708 -102.66687074306 -101.27976299102 -100.13994293616 -98.820720076132 -96.970136336626 -95.661608545124 -94.712895808057 -94.067747217353 -93.644247768948 -93.139018805342 -91.714571218138
-118.6882503572 -118.54742647999 -118.6242721685 -118.76216820259 -118.96459176073 -119.17817993772 -119.33853280525 -119.48251947446 -119.62174459348 -119.66920213638 -120.20602632189 -118.06120628169 -116.3308531111 -115.42652781486 -114.66780941465 -114.38783969457 -114.70639832275 -115.72049822937 -116.25464647012 -115.60531123866 -114.3476723944 -113.17511964214 -112.78799326176 -113.29692122177 -113.24810761654 -111.77886039287 -109.41019760367 -106.61196374628 -103.05234761593 -97.617530743957 -93.233595819512 -95.333774060719 -98.702371362181 -100.48064020688 -100.9846142064 -100.39617545973 -98.973668810055 -96.822194746955 -93.979919697784 -94.19511513645 -94.196180614748 -93.922536372605 -93.692518203071 -93.694449827826 -93.761821090422 -92.394945308407
-117.96618420823 -117.73070030742 -117.7256902423 -117.85635519391 -118.05544696257 -118.22364147437 -118.32768580396 -118.47705611078 -118.64576315633 -119.27281570862 -120.00352905618 -118.28010256994 -116.52754356012 -115.22009191743 -114.18749936762 -113.64341970989 -113.49932825761 -114.88050966553 -115.61570085932 -115.2319224102 -114.50184785842 -113.88225529463 -113.68788845546 -113.79955250483 -113.5073352281 -112.16945969201 -109.9462642246 -107.40189267294 -104.52942515962 -100.477691581 -96.427772942197 -96.086836333358 -97.747576992721 -98.91350999626 -99.226323888591 -98.648553749619 -97.214712395612 -94.926514627101 -92.818012372854 -92.761280665929 -93.021581733929 -92.999969772554 -92.815194184327 -92.693485114309 -92.546237561572 -91.181010515808
-117.16556056171 -116.89469966737 -116.85248598966 -116.95487391572 -117.15366708017 -117.31190395612 -117.40274074859 -117.49275426462 -117.56394758725 -117.60562929378 -118.44726537552 -118.2342819909 -117.0992140275 -115.83878388671 -114.7727841804 -114.01640474551 -113.79694665727 -114.43033244673 -114.8770150894 -114.74635709215 -114.43796614592 -114.24864227602 -114.27081132369 -114.31631237351 -113.92942636559 -112.7143498391 -110.80481782294 -108.54230721172 -106.4592519747 -104.24476342587 -100.55083188791 -98.370942709321 -98.223607539567 -98.429409791382 -98.33422060496 -97.609775253606 -96.274383230634 -94.192758580614 -92.533416629866 -92.235020649517 -92.311402445863 -92.164244612508 -91.636134769689 -90.75885922836 -89.5198568012 -87.962258924884
-116.41456427321 -116.17753107691 -116.09941957796 -116.14640338694 -116.33827182758 -116.46481548714 -116.51672495437 -116.65609937742 -116.81348323649 -116.90065135263 -118.00651614611 -118.59082883191 -117.8434508282 -116.71818986105 -115.73123998105 -114.95739794803 -114.43285143761 -114.27798250243 -114.26323212396 -114.19215494127 -114.15294320653 -114.31148044901 -114.64110514196 -114.8782073875 -114.5774621678 -113.47130983254 -111.74904333205 -109.374923154 -106.85438212201 -104.74569977643 -102.1865582188 -100.1985723297 -99.297380062748 -98.707836134578 -98.287682279199 -97.239628295163 -95.678583114544 -94.021390662721 -92.716832092525 -92.207476232226 -92.060109280306 -91.62392308893 -90.6104868257 -88.888480632168 -86.420052056221 -84.427969879172
-115.76131280851 -115.59609370752 -115.52380702901 -115.54514352968 -115.68106388239 -115.66819950673 -115.62303821115 -115.97308866068 -116.65539795119 -117.77122516312 -120.04098027813 -119.82676069313 -118.58481230325 -117.43860960442 -116.602436085 -115.90565673703 -114.9420688751 -114.07389807232 -113.60119909044 -113.49294297435 -113.64293031526 -114.07388353943 -114.78731342362 -115.46273089851 -115.4203459455 -114.2808682301 -112.3824737422 -109.82617126815 -106.98356243197 -104.42562096397 -102.64682023744 -101.56600805116 -100.75606680143 -100.10725186812 -99.370845136911 -97.746106559338 -95.726787707113 -94.200421258393 -92.939577611529 -92.324043713667 -92.220868148585 -91.565279759282 -90.140925787772 -88.088305789213 -85.200760916503 -83.018544952889
-115.15041035375 -115.06646816088 -115.06448858125 -115.10990358402 -115.12098241806 -114.85922994471 -114.65947668684 -115.30830742143 -116.57908426682 -118.45777399626 -120.91426376474 -120.24975642067 -118.77479022308 -117.65182611394 -116.97464207093 -116.4003912303 -115.00208123369 -113.53875705641 -112.69549175738 -112.54973308465 -112.82239187615 -113.46313118138 -114.57648320234 -116.00579171407 -116.44861044285 -115.05044803539 -112.84405286739 -110.2948813824 -107.61510197336 -105.16135846979 -103.64164063635 -102.9019847447 -102.36098844764 -101.9841892745 -101.30568461508 -99.572668882331 -97.099630613881 -94.91427525607 -93.168221353028 -92.350733400461 -92.575935513059 -91.772613245237 -90.16951218656 -88.704852203264 -86.940632805389 -85.173096542063
-114.52229478589 -114.54108413347 -114.66071565086 -114.78192453436 -114.71755110598 -114.29090422853 -113.96211078883 -114.74650506979 -116.15083577974 -117.84053964955 -119.23851172382 -119.09360638388 -118.12156349319 -117.16636105142 -116.48198767797 -115.87016195789 -114.3137612929 -112.52153851957 -111.42534802995 -111.3832422601 -111.74119000289 -112.40538029879 -113.62951098148 -115.66734394463 -116.72960726188 -115.30949932777 -113.10191174974 -110.77682660758 -108.46493728678 -106.43470936523 -105.04065376164 -104.26042419104 -103.80850898675 -103.57895779074 -103.23583786947 -102.01916384661 -99.160278252663 -95.879965346958 -93.429497827554 -92.324433806286 -92.383237836712 -91.631238503158 -90.350884485318 -89.679215805393 -89.13988344401 -88.010220246067
-113.8276952824 -113.99193869196 -114.30215440007 -114.5959246776 -114.65785294754 -114.33828421061 -114.0464619829 -114.51588614303 -115.42535004265 -116.5172476145 -117.36997593057 -117.45915417375 -116.91976052808 -116.15364395537 -115.34548966858 -114.50216188583 -113.14490451159 -111.37610912772 -110.18580401794 -110.25500854343 -110.59815955856 -111.0474584261 -111.82733596587 -113.70117358366 -115.34983890324 -114.62907635631 -112.98543126917 -111.10090657343 -109.19223927967 -107.5049516734 -106.2674946502 -105.48557804737 -104.97483217868 -104.59650626922 -104.35109591763 -103.76113197642 -100.79002856103 -96.579606786339 -93.566900232036 -92.17157806387 -91.707588207145 -91.088838726415 -90.300588727148 -89.915714626262 -89.632273392553 -88.796953749832
-113.06690898204 -113.38749442333 -113.93169330312 -114.51400689856 -114.84805633275 -114.66730078971 -114.47024333293 -114.28775639283 -114.46766151901 -115.05171466316 -115.63351116571 -115.81747699862 -115.53804481022 -114.92303356948 -114.13801972032 -113.21445628045 -112.01623347572 -110.52486857729 -109.53239584809 -109.39433875092 -109.58598488419 -109.8474317204 -110.16489533749 -111.37574977987 -113.22396673576 -113.49264406359 -112.66886066289 -111.30897134433 -109.76013266664 -108.31389696456 -107.21991732819 -106.49267081809 -105.90327743576 -105.16721366239 -104.35381194455 -103.65361611019 -100.74820694429 -96.400739176934 -93.375978081881 -91.84668621403 -91.110401952253 -90.500087174858 -89.916082520511 -89.444895351399 -88.891211346586 -87.941334730457
