MFC+VTK/函数库及接口制作/重磁三维基本处理/张双喜的程序/经验模态分解_2D/三峡gra_ε=0.001_BIMF_A5.grd
DSAA
196 196
305000.000000 695000.000000
3265000.000000 3655000.000000
-139.38863 -18.05582
[rows 96 to 119 of 196, columns 112 to 167 of 196]
-83.659356 -83.024546 -82.388368 -81.750802 -81.111843 -80.471498 -79.829787 -79.186745 -78.542414 -77.896849 -77.250115 -76.602289 -75.953460 -75.303728 -74.653205 -74.002012 -73.350279 -72.698143 -72.045745 -71.393230 -70.740743 -70.088429 -69.436427 -68.784877 -68.133909 -67.483651 -66.834222 -66.185738 -65.538308 -64.892035 -64.247016 -63.603345 -62.961109 -62.320391 -61.681271 -61.043822 -60.408116 -59.774218 -59.142191 -58.512094 -57.883982 -57.257907 -56.633919 -56.012061 -55.392377 -54.774904 -54.159679 -53.546736 -52.936102 -52.327807 -51.721874 -51.118325 -50.517179 -49.918453 -49.322161 -48.728313
-83.644360 -83.007486 -82.369340 -81.729920 -81.089233 -80.447300 -79.804150 -79.159822 -78.514364 -77.867830 -77.220285 -76.571802 -75.922462 -75.272358 -74.621592 -73.970273 -73.318521 -72.666459 -72.014220 -71.361937 -70.709746 -70.057784 -69.406186 -68.755085 -68.104609 -67.454882 -66.806024 -66.158149 -65.511364 -64.865774 -64.221475 -63.578561 -62.937119 -62.297233 -61.658980 -61.022436 -60.387669 -59.754746 -59.123728 -58.494674 -57.867638 -57.242670 -56.619818 -55.999125 -55.380631 -54.764374 -54.150387 -53.538702 -52.929344 -52.322341 -51.717712 -51.115478 -50.515654 -49.918254 -49.323288 -48.730766
-83.621151 -82.982275 -82.342225 -81.701014 -81.058662 -80.415197 -79.770658 -79.125086 -78.478534 -77.831057 -77.182719 -76.533591 -75.883751 -75.233283 -74.582283 -73.930850 -73.279095 -72.627132 -71.975082 -71.323069 -70.671221 -70.019667 -69.368536 -68.717954 -68.068046 -67.418932 -66.770731 -66.123553 -65.477507 -64.832694 -64.189212 -63.547154 -62.906605 -62.267650 -61.630366 -60.994827 -60.361102 -59.729256 -59.099350 -58.471441 -57.845581 -57.221820 -56.600203 -55.980773 -55.363568 -54.748621 -54.135966 -53.525631 -52.917640 -52.312015 -51.708776 -51.107938 -50.509515 -49.913517 -49.319951 -48.728822
-83.589872 -82.949052 -82.307160 -81.664218 -81.020258 -80.375314 -79.729431 -79.082656 -78.435043 -77.786650 -77.137541 -76.487784 -75.837455 -75.186635 -74.535411 -73.883878 -73.232136 -72.580293 -71.928459 -71.276752 -70.625289 -69.974193 -69.323585 -68.673586 -68.024316 -67.375892 -66.728428 -66.082034 -65.436815 -64.792872 -64.150301 -63.509194 -62.869637 -62.231713 -61.595498 -60.961066 -60.328484 -59.697817 -59.069124 -58.442460 -57.817878 -57.195425 -56.575144 -55.957075 -55.341255 -54.727716 -54.116488 -53.507595 -52.901060 -52.296903 -51.695139 -51.095781 -50.498838 -49.904318 -49.312224 -48.722557
-83.550654 -82.907949 -82.264272 -81.619657 -80.974141 -80.327768 -79.680586 -79.032646 -78.384006 -77.734725 -77.084866 -76.434500 -75.783698 -75.132538 -74.481104 -73.829484 -73.177773 -72.526069 -71.874478 -71.223107 -70.572068 -69.921475 -69.271442 -68.622086 -67.973520 -67.325857 -66.679207 -66.033677 -65.389371 -64.746386 -64.104819 -63.464758 -62.826289 -62.189494 -61.554448 -60.921223 -60.289885 -59.660498 -59.033120 -58.407805 -57.784602 -57.163558 -56.544713 -55.928105 -55.313768 -54.701733 -54.092026 -53.484669 -52.879682 -52.277080 -51.676877 -51.079081 -50.483699 -49.890734 -49.300185 -48.712049
-83.503625 -82.859089 -82.213683 -81.567446 -80.920426 -80.272670 -79.624231 -78.975164 -78.325530 -77.675389 -77.024806 -76.373850 -75.722593 -75.071110 -74.419481 -73.767790 -73.116127 -72.464585 -71.813261 -71.162256 -70.511677 -69.861628 -69.212220 -68.563560 -67.915760 -67.268925 -66.623162 -65.978575 -65.335264 -64.693324 -64.052849 -63.413927 -62.776642 -62.141072 -61.507293 -60.875375 -60.245383 -59.617378 -58.991416 -58.367551 -57.745829 -57.126294 -56.508985 -55.893938 -55.281184 -54.670749 -54.062658 -53.456931 -52.853582 -52.252625 -51.654069 -51.057919 -50.464177 -49.872844 -49.283913 -48.697378
-83.448906 -82.802593 -82.155508 -81.507701 -80.859222 -80.210127 -79.560471 -78.910314 -78.259718 -77.608747 -76.957466 -76.305943 -75.654251 -75.002463 -74.350657 -73.698914 -73.047318 -72.395958 -71.744926 -71.094318 -70.444231 -69.794768 -69.146029 -68.498119 -67.851142 -67.205199 -66.560393 -65.916823 -65.274586 -64.633775 -63.994480 -63.356787 -62.720778 -62.086530 -61.454116 -60.823603 -60.195056 -59.568534 -58.944091 -58.321777 -57.701638 -57.083714 -56.468043 -55.854656 -55.243582 -54.634846 -54.028467 -53.424462 -52.822843 -52.223620 -51.626797 -51.032376 -50.440356 -49.850731 -49.263493 -48.678628
-83.386615 -82.738573 -82.089859 -81.440528 -80.790636 -80.140243 -79.489409 -78.838198 -78.186673 -77.534901 -76.882947 -76.230883 -75.578778 -74.926706 -74.274743 -73.622966 -72.971459 -72.320305 -71.669591 -71.019408 -70.369848 -69.721008 -69.072984 -68.425873 -67.779774 -67.134784 -66.491002 -65.848521 -65.207435 -64.567833 -63.929804 -63.293429 -62.658787 -62.025955 -61.395002 -60.765993 -60.138991 -59.514053 -58.891230 -58.270569 -57.652114 -57.035903 -56.421969 -55.810343 -55.201048 -54.594107 -53.989536 -53.387347 -52.787550 -52.190150 -51.595147 -51.002540 -50.412321 -49.824483 -49.239010 -48.655887
-83.316865 -82.667143 -82.016845 -81.366034 -80.714771 -80.063119 -79.411145 -78.758914 -78.106493 -77.453949 -76.801351 -76.148769 -75.496276 -74.843942 -74.191844 -73.540057 -72.888661 -72.237736 -71.587367 -70.937639 -70.288641 -69.640462 -68.993195 -68.346931 -67.701764 -67.057787 -66.415093 -65.773770 -65.133910 -64.495597 -63.858916 -63.223946 -62.590763 -61.959439 -61.330042 -60.702635 -60.077277 -59.454023 -58.832920 -58.214014 -57.597345 -56.982948 -56.370853 -55.761087 -55.153671 -54.548622 -53.945955 -53.345677 -52.747793 -52.152304 -51.559208 -50.968498 -50.380163 -49.794188 -49.210557 -48.629246
-83.239768 -82.588410 -81.936573 -81.284323 -80.631728 -79.978857 -79.325778 -78.672561 -78.019274 -77.365988 -76.712774 -76.059702 -75.406844 -74.754273 -74.102064 -73.450290 -72.799030 -72.148362 -71.498366 -70.849124 -70.200721 -69.553243 -68.906775 -68.261406 -67.617224 -66.974318 -66.332773 -65.692678 -65.054116 -64.417169 -63.781917 -63.148437 -62.516801 -61.887078 -61.259332 -60.633624 -60.010008 -59.388537 -58.769256 -58.152206 -57.537424 -56.924942 -56.314786 -55.706981 -55.101542 -54.498484 -53.897815 -53.299541 -52.703663 -52.110176 -51.519074 -50.930344 -50.343973 -49.759941 -49.178225 -48.598799
-83.155435 -82.502483 -81.849146 -81.195497 -80.541609 -79.887554 -79.233405 -78.579233 -77.925113 -77.271115 -76.617312 -75.963777 -75.310582 -74.657799 -74.005504 -73.353770 -72.702672 -72.052288 -71.402695 -70.753972 -70.106200 -69.459461 -68.813836 -68.169409 -67.526264 -66.884484 -66.244153 -65.605350 -64.968158 -64.332654 -63.698912 -63.067007 -62.437005 -61.808974 -61.182972 -60.559058 -59.937283 -59.317694 -58.700335 -58.085242 -57.472448 -56.861982 -56.253867 -55.648121 -55.044759 -54.443788 -53.845215 -53.249039 -52.655257 -52.063861 -51.474839 -50.888175 -50.303850 -49.721839 -49.142115 -48.564645
-83.063975 -82.409468 -81.754670 -81.099660 -80.444514 -79.789309 -79.134122 -78.479029 -77.824105 -77.169424 -76.515061 -75.861091 -75.207585 -74.554618 -73.902265 -73.250597 -72.599691 -71.949620 -71.300462 -70.652292 -70.005187 -69.359226 -68.714488 -68.071051 -67.428995 -66.788400 -66.149342 -65.511899 -64.876147 -64.242160 -63.610009 -62.979761 -62.351481 -61.725231 -61.101067 -60.479043 -59.859205 -59.241598 -58.626260 -58.013224 -57.402520 -56.794172 -56.188197 -55.584611 -54.983423 -54.384637 -53.788254 -53.194270 -52.602676 -52.013460 -51.426606 -50.842092 -50.259893 -49.679983 -49.102326 -48.526888
-82.965496 -82.309472 -81.653250 -80.996912 -80.340542 -79.684220 -79.028027 -78.372043 -77.716345 -77.061011 -76.406117 -75.751739 -75.097951 -74.444828 -73.792444 -73.140872 -72.490187 -71.840462 -71.191771 -70.544189 -69.897790 -69.252649 -68.608842 -67.966444 -67.325530 -66.686175 -66.048453 -65.412436 -64.778195 -64.145800 -63.515317 -62.886810 -62.260339 -61.635960 -61.013726 -60.393686 -59.775883 -59.160356 -58.547139 -57.936261 -57.327747 -56.721616 -56.117882 -55.516555 -54.917639 -54.321135 -53.727037 -53.135338 -52.546024 -51.959077 -51.374477 -50.792197 -50.212209 -49.634478 -49.058967 -48.485634
-82.860108 -82.202602 -81.544988 -80.887357 -80.229794 -79.572387 -78.915219 -78.258373 -77.601930 -76.945971 -76.290574 -75.635817 -74.981775 -74.328525 -73.676140 -73.024694 -72.374262 -71.724915 -71.076727 -70.429770 -69.784117 -69.139839 -68.497010 -67.855700 -67.215981 -66.577925 -65.941600 -65.307075 -64.674416 -64.043688 -63.414953 -62.788269 -62.163692 -61.541274 -60.921063 -60.303102 -59.687430 -59.074081 -58.463084 -57.854465 -57.248241 -56.644428 -56.043034 -55.444064 -54.847519 -54.253392 -53.661675 -53.072353 -52.485410 -51.900821 -51.318562 -50.738601 -50.160905 -49.585434 -49.012146 -48.440996
-82.747921 -82.088965 -81.429992 -80.771098 -80.112373 -79.453910 -78.795795 -78.138116 -77.480957 -76.824401 -76.168529 -75.513421 -74.859155 -74.205806 -73.553451 -72.902163 -72.252017 -71.603083 -70.955434 -70.309142 -69.664275 -69.020905 -68.379100 -67.738930 -67.100462 -66.463763 -65.828899 -65.195933 -64.564927 -63.935941 -63.309033 -62.684255 -62.061660 -61.441292 -60.823196 -60.207408 -59.593964 -58.982891 -58.374214 -57.767952 -57.164118 -56.562722 -55.963768 -55.367254 -54.773176 -54.181522 -53.592280 -53.005429 -52.420946 -51.838805 -51.258973 -50.681416 -50.106094 -49.532964 -48.961979 -48.393089
-82.629046 -81.968670 -81.308368 -80.648240 -79.988382 -79.328890 -78.669856 -78.011371 -77.353523 -76.696398 -76.040079 -75.384649 -74.730187 -74.076770 -73.424476 -72.773379 -72.123552 -71.475068 -70.827997 -70.182409 -69.538373 -68.895956 -68.255226 -67.616249 -66.979088 -66.343807 -65.710467 -65.079128 -64.449848 -63.822681 -63.197679 -62.574892 -61.954364 -61.336136 -60.720247 -60.106728 -59.495608 -58.886909 -58.280651 -57.676845 -57.075501 -56.476621 -55.880204 -55.286244 -54.694730 -54.105645 -53.518970 -52.934681 -52.352750 -51.773143 -51.195826 -50.620757 -50.047893 -49.477186 -48.908584 -48.342032
-82.503595 -81.841829 -81.180225 -80.518890 -79.857925 -79.197431 -78.537504 -77.878240 -77.219729 -76.562061 -75.905323 -75.249599 -74.594970 -73.941517 -73.289315 -72.638442 -71.988971 -71.340973 -70.694519 -70.049678 -69.406518 -68.765103 -68.125499 -67.487769 -66.851973 -66.218173 -65.586424 -64.956782 -64.329301 -63.704030 -63.081016 -62.460303 -61.841931 -61.225934 -60.612345 -60.001189 -59.392490 -58.786263 -58.182521 -57.581271 -56.982515 -56.386251 -55.792469 -55.201160 -54.612304 -54.025882 -53.441868 -52.860233 -52.280942 -51.703958 -51.129241 -50.556746 -49.986423 -49.418221 -48.852084 -48.287952
-82.371684 -81.708554 -81.045674 -80.383157 -79.721111 -79.059639 -78.398844 -77.738825 -77.079677 -76.421493 -75.764362 -75.108372 -74.453605 -73.800145 -73.148069 -72.497454 -71.848375 -71.200903 -70.555108 -69.911058 -69.268820 -68.628457 -67.990033 -67.353606 -66.719237 -66.086980 -65.456890 -64.829018 -64.203411 -63.580115 -62.959172 -62.340620 -61.724491 -61.110817 -60.499621 -59.890925 -59.284743 -58.681085 -58.079959 -57.481363 -56.885294 -56.291741 -55.700693 -55.112129 -54.526028 -53.942362 -53.361100 -52.782208 -52.205647 -51.631374 -51.059344 -50.489506 -49.921809 -49.356195 -48.792605 -48.230975
-82.233430 -81.568960 -80.904829 -80.241154 -79.578048 -78.915622 -78.253982 -77.593232 -76.933471 -76.274795 -75.617298 -74.961069 -74.306195 -73.652759 -73.000841 -72.350520 -71.701869 -71.054962 -70.409869 -69.766656 -69.125389 -68.486131 -67.848941 -67.213878 -66.580998 -65.950352 -65.321991 -64.695961 -64.072307 -63.451068 -62.832280 -62.215975 -61.602181 -60.990921 -60.382213 -59.776071 -59.172504 -58.571514 -57.973101 -57.377257 -56.783972 -56.193229 -55.605009 -55.019286 -54.436032 -53.855214 -53.276796 -52.700737 -52.126993 -51.555518 -50.986260 -50.419166 -49.854179 -49.291237 -48.730278 -48.171234
-82.088951 -81.423166 -80.757806 -80.092995 -79.428852 -78.765492 -78.103029 -77.441570 -76.781219 -76.122076 -75.464238 -74.807797 -74.152844 -73.499462 -72.847736 -72.197744 -71.549561 -70.903260 -70.258913 -69.616584 -68.976339 -68.338239 -67.702342 -67.068704 -66.437378 -65.808412 -65.181852 -64.557742 -63.936120 -63.317020 -62.700474 -62.086506 -61.475138 -60.866386 -60.260262 -59.656772 -59.055916 -58.457692 -57.862089 -57.269095 -56.678691 -56.090854 -55.505557 -54.922768 -54.342454 -53.764575 -53.189090 -52.615952 -52.045114 -51.476522 -50.910122 -50.345857 -49.783663 -49.223479 -48.665236 -48.108864
-81.938372 -81.271292 -80.604724 -79.938797 -79.273637 -78.609365 -77.946099 -77.283951 -76.623031 -75.963444 -75.305289 -74.648664 -73.993659 -73.340364 -72.688862 -72.039235 -71.391558 -70.745907 -70.102350 -69.460955 -68.821784 -68.184899 -67.550355 -66.918206 -66.288501 -65.661287 -65.036605 -64.414494 -63.794986 -63.178112 -62.563895 -61.952356 -61.343507 -60.737359 -60.133915 -59.533174 -58.935128 -58.339766 -57.747072 -57.157024 -56.569597 -55.984759 -55.402479 -54.822717 -54.245434 -53.670584 -53.098120 -52.527991 -51.960144 -51.394521 -50.831065 -50.269713 -49.710399 -49.153057 -48.597615 -48.044003
-81.781816 -81.113463 -80.445707 -79.778684 -79.112525 -78.447359 -77.783308 -77.120492 -76.459024 -75.799014 -75.140567 -74.483781 -73.828753 -73.175574 -72.524330 -71.875104 -71.227974 -70.583014 -69.940295 -69.299884 -68.661843 -68.026230 -67.393102 -66.762509 -66.134497 -65.509109 -64.886383 -64.266352 -63.649045 -63.034485 -62.422690 -61.813672 -61.207439 -60.603991 -60.003324 -59.405429 -58.810291 -58.217890 -57.628201 -57.041195 -56.456839 -55.875095 -55.295923 -54.719278 -54.145115 -53.573381 -53.004026 -52.436992 -51.872221 -51.309654 -50.749226 -50.190872 -49.634523 -49.080109 -48.527557 -47.976793
-81.619412 -80.949807 -80.280882 -79.612780 -78.945640 -78.279597 -77.614779 -76.951312 -76.289315 -75.628904 -74.970185 -74.313265 -73.658241 -73.005208 -72.354256 -71.705467 -71.058924 -70.414700 -69.772867 -69.133492 -68.496636 -67.862358 -67.230710 -66.601741 -65.975496 -65.352012 -64.731324 -64.113459 -63.498441 -62.886287 -62.277007 -61.670607 -61.067086 -60.466436 -59.868646 -59.273697 -58.681564 -58.092220 -57.505632 -56.921763 -56.340571 -55.762012 -55.186038 -54.612600 -54.041644 -53.473114 -52.906952 -52.343098 -51.781489 -51.222060 -50.664745 -50.109474 -49.556176 -49.004777 -48.455203 -47.907376
-81.451292 -80.780455 -80.110380 -79.441217 -78.773112 -78.106207 -77.440638 -76.776537 -76.114030 -75.453235 -74.794267 -74.137235 -73.482242 -72.829385 -72.178756 -71.530443 -70.884526 -70.241083 -69.600186 -68.961901 -68.326289 -67.693408 -67.063308 -66.436037 -65.811635 -65.190136 -64.571571 -63.955961 -63.343324 -62.733671 -62.127003 -61.523319 -60.922610 -60.324858 -59.730043 -59.138138 -58.549109 -57.962919 -57.379526 -56.798886 -56.220950 -55.645666 -55.072980 -54.502834 -53.935171 -53.369929 -52.807045 -52.246455 -51.688090 -51.131884 -50.577765 -50.025662 -49.475500 -48.927204 -48.380697 -47.835900
