MFC+VTK/函数库及接口制作/重磁三维基本处理/张双喜的程序/经验模态分解_2D/三峡gra_ε=0.001区域异常（BIMF4～BIMF6）.grd
DSAA
196 196
305000.000000 695000.000000
3265000.000000 3655000.000000
-152.75156 -21.01980
[rows 25 to 49 of 196, columns 55 to 109 of 196]
-119.384142 -119.035061 -118.637381 -118.181541 -117.657099 -117.055073 -116.372048 -115.610547 -114.778629 -113.885736 -112.940313 -111.949130 -110.917270 -109.848290 -108.744310 -107.605992 -106.432595 -105.222793 -103.976760 -102.696707 -101.386362 -100.048890 -98.686026 -97.297817 -95.881960 -94.432142 -92.936173 -91.411059 -89.868027 -88.314492 -86.755916 -85.196702 -83.640578 -82.090781 -80.550158 -79.021235 -77.506269 -76.007277 -74.526067 -73.064261 -71.623308 -70.204503 -68.808999 -67.437814 -66.091842 -64.771860 -63.478531 -62.212407 -60.973927 -59.763422 -58.581108 -57.427095 -56.301385 -55.203890 -54.134444
-119.527392 -119.175398 -118.773797 -118.314721 -117.791038 -117.198009 -116.534082 -115.799688 -114.998406 -114.136139 -113.219403 -112.254125 -111.245088 -110.195768 -109.108346 -107.983860 -106.822664 -105.625238 -104.392761 -103.126637 -101.828996 -100.502143 -99.147714 -97.766098 -96.355737 -94.910713 -93.411817 -91.883443 -90.336793 -88.778923 -87.215265 -85.650324 -84.087964 -82.531570 -80.984138 -79.448349 -77.926605 -76.421070 -74.933690 -73.466217 -72.020223 -70.597113 -69.198135 -67.824394 -66.476849 -65.156325 -63.863510 -62.598957 -61.363083 -60.156166 -58.978349 -57.829640 -56.709921 -55.618968 -54.556469
-119.606612 -119.250582 -118.845334 -118.384947 -117.864744 -117.281866 -116.635050 -115.924160 -115.150621 -114.317606 -113.429415 -112.490578 -111.505150 -110.476352 -109.406497 -108.297194 -107.149731 -105.965454 -104.745772 -103.491988 -102.205482 -100.887679 -99.539570 -98.160988 -96.749678 -95.300700 -93.809841 -92.286890 -90.742437 -89.184529 -87.619253 -86.051518 -84.485485 -82.924783 -81.372628 -79.831897 -78.305177 -76.794801 -75.302877 -73.831302 -72.381783 -70.955849 -69.554857 -68.180003 -66.832324 -65.512700 -64.221858 -62.960365 -61.728628 -60.526893 -59.355247 -58.213618 -57.101790 -56.019417 -54.966052
-119.628658 -119.269215 -118.862029 -118.402744 -117.888106 -117.316000 -116.685201 -115.995216 -115.246410 -114.440229 -113.579126 -112.666131 -111.704342 -110.696555 -109.645134 -108.552086 -107.419223 -106.248236 -105.040628 -103.797660 -102.520367 -101.209551 -99.865548 -98.487827 -97.074906 -95.625460 -94.140909 -92.625760 -91.087295 -89.532967 -87.969221 -86.401431 -84.834150 -83.271327 -81.716447 -80.172623 -78.642656 -77.129072 -75.634155 -74.159963 -72.708352 -71.280981 -69.879327 -68.504687 -67.158184 -65.840766 -64.553209 -63.296108 -62.069881 -60.874761 -59.710800 -58.577871 -57.475680 -56.403780 -55.361601
-119.600641 -119.239508 -118.832673 -118.376816 -117.869414 -117.308643 -116.693223 -116.022359 -115.295779 -114.513876 -113.677782 -112.789260 -111.850449 -110.863604 -109.830942 -108.754577 -107.636493 -106.478487 -105.282086 -104.048507 -102.778629 -101.472973 -100.131690 -98.754632 -97.341822 -95.894349 -94.414881 -92.906956 -91.375662 -89.827072 -88.267258 -86.701743 -85.135384 -83.572447 -82.016703 -80.471525 -78.939942 -77.424691 -75.928242 -74.452829 -73.000461 -71.572940 -70.171866 -68.798649 -67.454504 -66.140461 -64.857355 -63.605828 -62.386324 -61.199085 -60.044152 -58.921367 -57.830383 -56.770674 -55.741565
-119.529471 -119.168973 -118.764960 -118.314722 -117.816078 -117.267284 -116.666952 -116.014008 -115.307730 -114.547832 -113.734564 -112.868745 -111.951690 -110.985077 -109.970799 -108.910827 -107.807090 -106.661351 -105.475125 -104.249619 -102.985717 -101.684020 -100.344992 -98.969265 -97.558086 -96.113628 -94.638851 -93.137201 -91.612846 -90.070747 -88.516276 -86.954738 -85.391073 -83.829759 -82.274819 -80.729871 -79.198178 -77.682687 -76.186065 -74.710721 -73.258828 -71.832333 -70.432970 -69.062263 -67.721533 -66.411898 -65.134269 -63.889346 -62.677618 -61.499356 -60.354613 -59.243225 -58.164816 -57.118811 -56.104451
-119.421653 -119.064438 -118.665794 -118.223320 -117.734960 -117.198935 -116.613697 -115.977918 -115.290522 -114.550754 -113.758277 -112.913245 -112.016329 -111.068658 -110.071716 -109.027190 -107.936824 -106.802285 -105.625066 -104.406437 -103.147455 -101.849061 -100.512283 -99.138520 -97.729777 -96.288690 -94.818361 -93.322238 -91.804156 -90.268444 -88.719851 -87.163294 -85.603592 -84.045285 -82.492557 -80.949229 -79.418770 -77.904331 -76.408769 -74.934670 -73.484370 -72.059964 -70.663323 -69.296095 -67.959712 -66.655389 -65.384122 -64.146687 -62.943629 -61.775267 -60.641686 -59.542740 -58.478053 -57.447026 -56.448851
-119.283272 -118.932198 -118.541546 -118.109028 -117.632573 -117.110284 -116.540421 -115.921409 -115.251880 -114.530734 -113.757228 -112.931058 -112.052409 -111.121947 -110.140747 -109.110176 -108.031758 -106.907049 -105.737555 -104.524687 -103.269801 -101.974296 -100.639783 -99.268260 -97.862187 -96.424446 -94.958234 -93.467012 -91.954491 -90.424686 -88.881925 -87.330754 -85.775770 -84.221450 -82.672036 -81.131476 -79.603405 -78.091149 -76.597739 -75.125931 -73.678217 -72.256843 -70.863817 -69.500915 -68.169686 -66.871451 -65.607301 -64.378090 -63.184439 -62.026725 -60.905083 -59.819407 -58.769346 -57.754310 -56.773474
-119.120065 -118.778166 -118.398247 -117.977988 -117.515199 -117.007801 -116.453833 -115.851478 -115.199112 -114.495368 -113.739212 -112.930020 -112.067627 -111.152340 -110.184895 -109.166378 -108.098127 -106.981628 -105.818449 -104.610214 -103.358628 -102.065553 -100.733104 -99.363715 -97.960149 -96.525452 -95.062904 -93.575976 -92.068328 -90.543822 -89.006536 -87.460737 -85.910792 -84.361049 -82.815722 -81.278814 -79.754066 -78.244939 -76.754614 -75.285996 -73.841729 -72.424201 -71.035559 -69.677709 -68.352322 -67.060827 -65.804415 -64.584028 -63.400364 -62.253870 -61.144747 -60.072945 -59.038161 -58.039845 -57.077190
-118.937516 -118.608010 -118.241715 -117.836164 -117.388961 -116.897789 -116.360439 -115.774850 -115.139168 -114.451811 -113.711533 -112.917486 -112.069269 -111.166939 -110.211001 -109.202352 -108.142222 -107.032096 -105.873669 -104.668814 -103.419592 -102.128280 -100.797394 -99.429695 -98.028175 -96.596011 -95.136550 -93.653280 -92.149833 -90.629987 -89.097677 -87.556980 -86.012076 -84.467168 -82.926394 -81.393750 -79.873027 -78.367775 -76.881291 -75.416606 -73.976500 -72.563499 -71.179883 -69.827692 -68.508715 -67.224493 -65.976313 -64.765210 -63.591960 -62.457087 -61.360864 -60.303312 -59.284198 -58.303035 -57.359073
-118.740947 -118.427246 -118.077640 -117.689408 -117.259867 -116.786411 -116.266554 -115.697993 -115.078667 -114.406814 -113.681036 -112.900341 -112.064188 -111.172498 -110.225661 -109.224504 -108.170250 -107.064472 -105.909049 -104.706127 -103.458102 -102.167602 -100.837470 -99.470727 -98.070547 -96.640227 -95.183168 -93.702873 -92.202951 -90.687126 -89.159238 -87.623241 -86.083173 -84.543108 -83.007091 -81.479072 -79.962845 -78.462007 -76.979932 -75.519755 -74.084371 -72.676437 -71.298364 -69.952316 -68.640202 -67.363667 -66.124093 -64.922596 -63.760034 -62.637008 -61.553869 -60.510718 -59.507409 -58.543537 -57.618438
-118.535602 -118.241320 -117.911645 -117.543492 -117.133817 -116.679674 -116.178285 -115.627106 -115.023887 -114.366727 -113.654123 -112.885010 -112.058795 -111.175374 -110.235143 -109.238978 -108.188213 -107.084595 -105.930239 -104.727579 -103.479321 -102.188399 -100.857926 -99.491143 -98.091387 -96.662058 -95.206610 -93.728555 -92.231476 -90.719039 -89.195010 -87.663252 -86.127698 -84.592316 -83.061058 -81.537808 -80.026335 -78.530244 -77.052957 -75.597685 -74.167428 -72.764960 -71.392819 -70.053286 -68.748375 -67.479826 -66.249103 -65.057398 -63.905644 -62.794517 -61.724450 -60.695630 -59.708006 -58.761273 -57.854873
-118.326709 -118.055655 -117.749309 -117.404114 -117.016588 -116.583410 -116.101500 -115.568083 -114.980748 -114.337488 -113.636746 -112.877449 -112.059036 -111.181485 -110.245313 -109.251572 -108.201811 -107.098033 -105.942640 -104.738363 -103.488204 -102.195368 -100.863205 -99.495156 -98.094707 -96.665360 -95.210624 -93.734016 -92.239079 -90.729414 -89.208700 -87.680712 -86.149296 -84.618333 -83.091691 -81.573184 -80.066534 -78.575333 -77.103024 -75.652881 -74.227998 -72.831263 -71.465324 -70.132566 -68.835090 -67.574710 -66.352956 -65.171086 -64.030100 -62.930748 -61.873545 -60.858769 -59.886467 -58.956445 -58.068260
-118.119540 -117.875688 -117.596176 -117.276869 -116.913788 -116.503214 -116.041770 -115.526471 -114.954772 -114.324600 -113.634390 -112.883124 -112.070362 -111.196264 -110.261587 -109.267668 -108.216374 -107.110035 -105.951379 -104.743447 -103.489525 -102.193072 -100.857659 -99.486912 -98.084466 -96.653934 -95.198888 -93.722855 -92.229337 -90.721844 -89.203941 -87.679284 -86.151624 -84.624767 -83.102507 -81.588585 -80.086669 -78.600325 -77.133006 -75.688050 -74.268648 -72.877791 -71.518221 -70.192397 -68.902477 -67.650327 -66.437524 -65.265381 -64.134957 -63.047077 -62.002334 -61.001102 -60.043528 -59.129530 -58.258782
-117.919448 -117.706861 -117.457715 -117.167195 -116.830787 -116.444376 -116.004305 -115.507409 -114.951035 -114.333080 -113.652021 -112.906965 -112.097680 -111.224613 -110.288877 -109.292197 -108.236838 -107.125516 -105.961314 -104.747592 -103.487916 -102.185989 -100.845593 -99.470539 -98.064619 -96.631571 -95.175051 -93.698620 -92.205744 -90.699832 -89.184290 -87.662598 -86.138357 -84.615281 -83.097112 -81.587521 -80.090121 -78.608439 -77.145959 -75.706108 -74.292183 -72.907259 -71.554136 -70.235306 -68.952951 -67.708959 -66.504941 -65.342252 -64.222011 -63.145112 -62.112232 -61.123838 -60.180178 -59.281277 -58.426922
-117.731878 -117.554586 -117.339235 -117.080265 -116.772615 -116.411790 -115.993880 -115.515561 -114.974101 -114.367400 -113.694032 -112.953303 -112.145295 -111.270859 -110.331567 -109.329621 -108.267745 -107.149075 -105.977062 -104.755387 -103.487897 -102.178537 -100.831301 -99.450190 -98.039163 -96.602106 -95.142790 -93.664844 -92.171738 -90.666788 -89.153212 -87.634228 -86.113175 -84.593595 -83.079187 -81.573609 -80.080380 -78.603009 -77.145083 -75.710168 -74.301656 -72.922664 -71.575993 -70.264118 -68.989210 -67.753157 -66.557590 -65.403906 -64.293282 -63.226685 -62.204877 -61.228416 -60.297649 -59.412699 -58.573456
-117.562333 -117.424127 -117.245745 -117.020854 -116.743846 -116.409862 -116.014753 -115.555047 -115.027952 -114.431407 -113.764148 -113.025790 -112.216852 -111.338712 -110.393500 -109.383952 -108.313275 -107.185029 -106.003031 -104.771284 -103.493911 -102.175109 -100.819095 -99.430069 -98.012177 -96.569471 -95.105872 -93.625126 -92.130758 -90.626051 -89.114047 -87.597638 -86.079735 -84.563493 -83.052475 -81.550546 -80.060982 -78.587426 -77.133713 -75.703562 -74.300400 -72.927310 -71.587023 -70.281953 -69.014228 -67.785725 -66.598094 -65.452775 -64.351008 -63.293841 -62.282122 -61.316499 -60.397411 -59.525070 -58.699446
-117.416254 -117.320413 -117.181758 -116.993168 -116.748469 -116.442411 -116.070585 -115.629359 -115.115893 -114.528212 -113.865325 -113.127306 -112.315273 -111.431255 -110.478000 -109.458789 -108.377292 -107.237465 -106.043472 -104.799630 -103.510351 -102.180095 -100.813323 -99.414458 -97.987851 -96.537742 -95.068228 -93.583211 -92.086345 -90.580961 -89.070015 -87.556088 -86.041536 -84.528805 -83.020854 -81.522040 -80.035381 -78.565107 -77.115355 -75.689893 -74.292067 -72.924824 -71.590767 -70.292212 -69.031236 -67.809704 -66.629293 -65.491498 -64.397633 -63.348831 -62.346031 -61.389971 -60.481172 -59.619919 -58.806244
-117.298816 -117.247798 -117.151058 -117.000666 -116.789761 -116.512578 -116.164357 -115.741264 -115.240425 -114.660053 -113.999614 -113.259871 -112.442731 -111.550960 -110.587919 -109.557378 -108.463400 -107.310283 -106.102510 -104.844706 -103.541585 -102.197900 -100.818390 -99.407733 -97.970509 -96.511170 -95.034003 -93.543096 -92.042273 -90.535010 -89.024314 -87.512598 -86.001666 -84.493052 -82.988798 -81.491436 -80.006835 -78.539585 -77.093805 -75.673117 -74.280655 -72.919153 -71.591047 -70.298549 -69.043691 -67.828343 -66.654228 -65.522911 -64.435794 -63.394106 -62.398880 -61.450940 -60.550881 -59.699044 -58.895493
-117.214677 -117.209815 -117.156488 -117.045880 -116.870165 -116.622729 -116.298259 -115.892657 -115.403071 -114.828102 -114.168018 -113.424594 -112.600679 -111.699766 -110.725723 -109.682680 -108.574994 -107.407236 -106.184176 -104.910744 -103.591981 -102.232971 -100.838776 -99.414376 -97.964621 -96.494196 -95.007595 -93.509093 -92.002696 -90.492062 -88.980367 -87.470093 -85.962705 -84.458363 -82.956057 -81.460869 -79.978693 -78.514767 -77.073278 -75.657585 -74.270507 -72.914531 -71.591928 -70.304827 -69.055241 -67.845075 -66.676119 -65.550032 -64.468322 -63.432321 -62.443161 -61.501750 -60.608743 -59.764517 -58.969143
-117.167811 -117.209085 -117.199821 -117.130243 -116.991111 -116.774307 -116.473519 -116.084351 -115.604099 -115.032232 -114.370402 -113.621722 -112.789977 -111.879207 -110.893580 -109.837426 -108.715283 -107.531934 -106.292407 -105.001939 -103.665921 -102.289811 -100.879056 -99.438998 -97.974815 -96.491465 -94.993665 -93.485868 -91.972236 -90.456574 -88.942210 -87.431773 -85.926718 -84.426374 -82.926592 -81.433751 -79.954773 -78.495054 -77.058483 -75.648047 -74.266265 -72.915416 -71.597655 -70.315067 -69.069686 -67.863484 -66.698349 -65.576058 -64.498240 -63.466341 -62.481598 -61.544995 -60.657238 -59.818717 -59.029477
-117.161578 -117.247471 -117.281840 -117.253981 -117.152733 -116.967534 -116.690123 -116.315699 -115.842114 -115.270806 -114.605560 -113.850857 -113.011106 -112.090553 -111.093433 -110.024128 -108.887277 -107.687825 -106.431033 -105.122441 -103.767808 -102.373009 -100.943937 -99.486378 -98.005915 -96.507844 -94.997139 -93.478431 -91.955996 -90.433703 -88.914889 -87.402144 -85.896941 -84.398883 -82.903551 -81.414154 -79.939946 -78.485678 -77.054665 -75.649588 -74.272781 -72.926413 -71.612587 -70.333399 -69.090941 -67.887287 -66.724454 -65.604358 -64.528768 -63.499257 -62.517165 -61.583551 -60.699154 -59.864355 -59.079145
-117.199150 -117.326539 -117.402797 -117.416194 -117.353353 -117.200725 -116.946363 -116.583882 -116.113534 -115.540734 -114.871604 -114.111353 -113.264417 -112.334921 -111.327012 -110.245056 -109.093744 -107.878148 -106.603734 -105.276329 -103.902060 -102.487252 -101.038296 -99.561509 -98.062983 -96.548460 -95.023238 -93.492150 -91.959555 -90.429306 -88.904622 -87.387843 -85.880087 -84.380996 -82.889540 -81.407671 -79.940587 -78.492769 -77.067540 -75.667532 -74.295033 -72.952195 -71.641138 -70.364012 -69.123004 -67.920315 -66.758115 -65.638483 -64.563343 -63.534407 -62.553119 -61.620604 -60.737621 -59.904519 -59.121199
-117.284189 -117.448237 -117.563396 -117.615391 -117.588990 -117.468731 -117.237876 -116.882497 -116.412435 -115.838223 -115.166724 -114.402725 -113.550271 -112.613276 -111.595794 -110.502171 -109.337136 -108.105859 -106.813974 -105.467558 -104.073086 -102.637328 -101.167214 -99.669667 -98.151411 -96.618779 -95.077539 -93.532803 -91.989021 -90.449987 -88.918741 -87.397376 -85.886896 -84.387510 -82.899584 -81.424403 -79.964509 -78.523092 -77.103168 -75.707373 -74.338060 -72.997445 -71.687720 -70.411117 -69.169929 -67.966499 -66.803162 -65.682176 -64.605639 -63.575408 -62.593035 -61.659702 -60.776167 -59.942720 -59.159146
-117.421414 -117.616255 -117.765990 -117.850248 -117.854065 -117.760844 -117.553661 -117.199983 -116.732176 -116.160399 -115.489883 -114.724798 -113.869006 -112.926367 -111.900928 -110.797052 -109.619513 -108.373551 -107.064920 -105.699889 -104.285224 -102.828104 -101.335999 -99.816484 -98.277028 -96.724737 -95.166087 -93.606676 -92.051140 -90.503225 -88.965806 -87.440720 -85.928776 -84.430239 -82.945462 -81.475164 -80.020682 -78.584109 -77.167950 -75.774745 -74.406927 -73.066821 -71.756710 -70.478908 -69.235803 -68.029861 -66.863577 -65.739395 -64.659596 -63.626197 -62.640856 -61.704800 -60.818764 -59.982945 -59.196985
