MFC+VTK/函数库及接口制作/重磁三维基本处理/张双喜的程序/经验模态分解_2D/三峡gra_ε=0.001_BIMF_A2.grd
DSAA
196 196
305000.000000 695000.000000
3265000.000000 3655000.000000
-152.27227 -15.21482
[rows 125 to 149 of 196, columns 110 to 164 of 196]
-89.988102 -88.992482 -87.894452 -86.720934 -85.501150 -84.262938 -83.035330 -81.849789 -80.732207 -79.686579 -78.697173 -77.730406 -76.754249 -75.750381 -74.715001 -73.655644 -72.589044 -71.539978 -70.536763 -69.600130 -68.739447 -67.953972 -67.241877 -66.603006 -66.037767 -65.545392 -65.122328 -64.760392 -64.443885 -64.143735 -63.805652 -63.335207 -62.609364 -61.782529 -60.952439 -60.170278 -59.459669 -58.827021 -58.266348 -57.762071 -57.291259 -56.824669 -56.325508 -55.749373 -55.046920 -54.172064 -53.096747 -51.820247 -50.359498 -48.759858 -47.085658 -45.403778 -43.773464 -42.242733 -40.847635
-89.685434 -88.652044 -87.506102 -86.268569 -84.965371 -83.625204 -82.282667 -80.984434 -79.789777 -78.741313 -77.787602 -76.865653 -75.932942 -74.968678 -73.967159 -72.933246 -71.880921 -70.835045 -69.834646 -68.922005 -68.085456 -67.313668 -66.604214 -65.958338 -65.376977 -64.858699 -64.398174 -63.984205 -63.596564 -63.201481 -62.748823 -62.181547 -61.470837 -60.667133 -59.841940 -59.050176 -58.323088 -57.671916 -57.092550 -56.569363 -56.078067 -55.587298 -55.059615 -54.453439 -53.727841 -52.850007 -51.801588 -50.578823 -49.190740 -47.665514 -46.052833 -44.416707 -42.824275 -41.336665 -40.003971
-89.268843 -88.187304 -86.991086 -85.701577 -84.341441 -82.936725 -81.520081 -80.137973 -78.868938 -77.864665 -76.964676 -76.084388 -75.187161 -74.255434 -73.282457 -72.270381 -71.229622 -70.179757 -69.158219 -68.262597 -67.428057 -66.645940 -65.918451 -65.248039 -64.634817 -64.075265 -63.560977 -63.077074 -62.600515 -62.099973 -61.540926 -60.898804 -60.172763 -59.381771 -58.567141 -57.774368 -57.037806 -56.374749 -55.785597 -55.256715 -54.763945 -54.275739 -53.756083 -53.167730 -52.476050 -51.652601 -50.676945 -49.537311 -48.233650 -46.783497 -45.227661 -43.629740 -42.067263 -40.617830 -39.348858
-88.739195 -87.609245 -86.372211 -85.049711 -83.662407 -82.235148 -80.800560 -79.405387 -78.129495 -77.140192 -76.263411 -75.401625 -74.528052 -73.621498 -72.671153 -71.676574 -70.647362 -69.606290 -68.593120 -67.652793 -66.776873 -65.956722 -65.191230 -64.480972 -63.823967 -63.213842 -62.639003 -62.082191 -61.521030 -60.930899 -60.291044 -59.591628 -58.835610 -58.035057 -57.215739 -56.413219 -55.661986 -54.985474 -54.390802 -53.868653 -53.396788 -52.944768 -52.478265 -51.962422 -51.363565 -50.649798 -49.792221 -48.768298 -47.567623 -46.198826 -44.696596 -43.125948 -41.578985 -40.158726 -38.954026
-88.089058 -86.927810 -85.671001 -84.339346 -82.954707 -81.544310 -80.145013 -78.808505 -77.601720 -76.575550 -75.670885 -74.813295 -73.955953 -73.068823 -72.135238 -71.152184 -70.128504 -69.086660 -68.057636 -67.067313 -66.130652 -65.251710 -64.431531 -63.669626 -62.961992 -62.299656 -61.668674 -61.051041 -60.426587 -59.775997 -59.084536 -58.344856 -57.557502 -56.731419 -55.886575 -55.054155 -54.270687 -53.568075 -52.964004 -52.457097 -52.028954 -51.650398 -51.286896 -50.901500 -50.454394 -49.902885 -49.205097 -48.326788 -47.248781 -45.973735 -44.532156 -42.988328 -41.446176 -40.047088 -38.930720
-87.318590 -86.161592 -84.909934 -83.592669 -82.237002 -80.873934 -79.541227 -78.281721 -77.131917 -76.101862 -75.174843 -74.309745 -73.460816 -72.588995 -71.666658 -70.684402 -69.650421 -68.587709 -67.523432 -66.481079 -65.480617 -64.534910 -63.650890 -62.830881 -62.071682 -61.363592 -60.691535 -60.037352 -59.381801 -58.706090 -57.993968 -57.234215 -56.422858 -55.565498 -54.679563 -53.795657 -52.955279 -52.202977 -51.573963 -51.082162 -50.716693 -50.449173 -50.241529 -50.047174 -49.809557 -49.466787 -48.961124 -48.248749 -47.307181 -46.140132 -44.779767 -43.288967 -41.769740 -40.388758 -39.434072
-86.473133 -85.337213 -84.110345 -82.826500 -81.518315 -80.218916 -78.961737 -77.775471 -76.676391 -75.665567 -74.735432 -73.864523 -73.019227 -72.159943 -71.245503 -70.246798 -69.181966 -68.081379 -66.973093 -65.879918 -64.821003 -63.811865 -62.864362 -61.986580 -61.180803 -60.440599 -59.751292 -59.094002 -58.446698 -57.784616 -57.084010 -56.327032 -55.505079 -54.620712 -53.689270 -52.740832 -51.821355 -50.989661 -50.306465 -49.814740 -49.521609 -49.400048 -49.404586 -49.464528 -49.489249 -49.388791 -49.090786 -48.548309 -47.745038 -46.696152 -45.445211 -44.062491 -42.652308 -41.385451 -40.595968
-85.604374 -84.490133 -83.295410 -82.053870 -80.800910 -79.569079 -78.385411 -77.266651 -76.218212 -75.237503 -74.317436 -73.444492 -72.596329 -71.741382 -70.834267 -69.798141 -68.687822 -67.543288 -66.392722 -65.256764 -64.151972 -63.092723 -62.092528 -61.165065 -60.322498 -59.568703 -58.892734 -58.273418 -57.678767 -57.069984 -56.412082 -55.681058 -54.865737 -53.967307 -52.999374 -51.989733 -50.983843 -50.048894 -49.272105 -48.743223 -48.514999 -48.570492 -48.848450 -49.223992 -49.549516 -49.702270 -49.603229 -49.213408 -48.536116 -47.609207 -46.495144 -45.278864 -44.075131 -43.033092 -42.288318
-84.754321 -83.656305 -82.489642 -81.287315 -80.086747 -78.918983 -77.803542 -76.747357 -75.749080 -74.802409 -73.897789 -73.022500 -72.158837 -71.280958 -70.348201 -69.284961 -68.134994 -66.954295 -65.772089 -64.608183 -63.477351 -62.391403 -61.361773 -60.403391 -59.538156 -58.790139 -58.163796 -57.630769 -57.134473 -56.614706 -56.026364 -55.342881 -54.553626 -53.660784 -52.677673 -51.629552 -50.555783 -49.519184 -48.617329 -47.990148 -47.786607 -48.053199 -48.665434 -49.395323 -50.028818 -50.415145 -50.477002 -50.200476 -49.625798 -48.819999 -47.862179 -46.841573 -45.856208 -44.997032 -44.314116
-83.957886 -82.865535 -81.715817 -80.542223 -79.383296 -78.273476 -77.218752 -76.217692 -75.265194 -74.351450 -73.462253 -72.580616 -71.687285 -70.757782 -69.760163 -68.668623 -67.502286 -66.302796 -65.105045 -63.932918 -62.801827 -61.721660 -60.699997 -59.746896 -58.883989 -58.157369 -57.623226 -57.228029 -56.866473 -56.460304 -55.962208 -55.346723 -54.605127 -53.742459 -52.774296 -51.725751 -50.630182 -49.536507 -48.525579 -47.747746 -47.470492 -48.004490 -48.970575 -50.023431 -50.921887 -51.495303 -51.648351 -51.431407 -50.934856 -50.246753 -49.449108 -48.619724 -47.827110 -47.118475 -46.513674
-83.221402 -82.132993 -80.992279 -79.840355 -78.709560 -77.649989 -76.641952 -75.682705 -74.766012 -73.878955 -73.001569 -72.109050 -71.177029 -70.185904 -69.120610 -67.983836 -66.795273 -65.586611 -64.390473 -63.232679 -62.130465 -61.093755 -60.128128 -59.238748 -58.435828 -57.755670 -57.358002 -57.130787 -56.912329 -56.629767 -56.239031 -55.713992 -55.045486 -54.241702 -53.325275 -52.320337 -51.265291 -50.194485 -49.171265 -48.310718 -47.871692 -48.684184 -49.864967 -51.089953 -52.149981 -52.847240 -52.999381 -52.801293 -52.371990 -51.797560 -51.149924 -50.489506 -49.860280 -49.284944 -48.767412
-82.556813 -81.457960 -80.332315 -79.207578 -78.112992 -77.073371 -76.087721 -75.152156 -74.255385 -73.382038 -72.508747 -71.603233 -70.630885 -69.573237 -68.435075 -67.242782 -66.026279 -64.814566 -63.635728 -62.514705 -61.470634 -60.515469 -59.655525 -58.897649 -58.259404 -57.780036 -57.506881 -57.377573 -57.278668 -57.124224 -56.859512 -56.452332 -55.889411 -55.178346 -54.358398 -53.439756 -52.487421 -51.517252 -50.611653 -49.930583 -49.743865 -50.318256 -51.345556 -52.505993 -53.559048 -54.229746 -54.372192 -54.207557 -53.851950 -53.384719 -52.867914 -52.348409 -51.855519 -51.399772 -50.974639
-81.986675 -80.876799 -79.757967 -78.652001 -77.579057 -76.551526 -75.574130 -74.642489 -73.744209 -72.862652 -71.976359 -71.053833 -70.047135 -68.909941 -67.692085 -66.445647 -65.206699 -64.002287 -62.856750 -61.793540 -60.834055 -59.994996 -59.286498 -58.716212 -58.297028 -58.037626 -57.925836 -57.918085 -57.943329 -57.926862 -57.809369 -57.552029 -57.137173 -56.570723 -55.887185 -55.114506 -54.293885 -53.477200 -52.760249 -52.287707 -52.209764 -52.573543 -53.294360 -54.171308 -54.979579 -55.516178 -55.684756 -55.580544 -55.303649 -54.932027 -54.522812 -54.115205 -53.731407 -53.377028 -53.040975
-81.532064 -80.412347 -79.289737 -78.186161 -77.119025 -76.095250 -75.116790 -74.174228 -73.251380 -72.331654 -71.399317 -70.435368 -69.400814 -68.164572 -66.876635 -65.593530 -64.348848 -63.168546 -62.075278 -61.090913 -60.238089 -59.539992 -59.014647 -58.665365 -58.482917 -58.445309 -58.521914 -58.674516 -58.852939 -58.998340 -59.055393 -58.982496 -58.757380 -58.379650 -57.870343 -57.270862 -56.615454 -55.969162 -55.420701 -55.065520 -54.967103 -55.128450 -55.514147 -56.020107 -56.502440 -56.836277 -56.960111 -56.887362 -56.673305 -56.378450 -56.051918 -55.727445 -55.423581 -55.144231 -54.877926
-81.209352 -80.084327 -78.949797 -77.830360 -76.751832 -75.724444 -74.739331 -73.772137 -72.800614 -71.809946 -70.788971 -69.720741 -68.570795 -67.303443 -65.989732 -64.696558 -63.467743 -62.333004 -61.315105 -60.433255 -59.706661 -59.160600 -58.828330 -58.720250 -58.772133 -58.951356 -59.229634 -59.572726 -59.938725 -60.278826 -60.543218 -60.689562 -60.690052 -60.535516 -60.236890 -59.824416 -59.338978 -58.839097 -58.391142 -58.050517 -57.845399 -57.777609 -57.831584 -57.964793 -58.111853 -58.209640 -58.216413 -58.117272 -57.927951 -57.680893 -57.409524 -57.139277 -56.884387 -56.646906 -56.414775
-81.029419 -79.909406 -78.764836 -77.615390 -76.501383 -75.470375 -74.472149 -73.461395 -72.414767 -71.321696 -70.176662 -68.974946 -67.712633 -66.386332 -65.055314 -63.772491 -62.581706 -61.516109 -60.599250 -59.846451 -59.268851 -58.881681 -58.728441 -58.868769 -59.128380 -59.511628 -59.995470 -60.547245 -61.128404 -61.694765 -62.199147 -62.597173 -62.853784 -62.948337 -62.878186 -62.659967 -62.327636 -61.926224 -61.501671 -61.089677 -60.712587 -60.384327 -60.113136 -59.898744 -59.728678 -59.580934 -59.429966 -59.254299 -59.046017 -58.811641 -58.565111 -58.319494 -58.081537 -57.848796 -57.607623
-80.997756 -79.895101 -78.760330 -77.587621 -76.410682 -75.379803 -74.343529 -73.259746 -72.113036 -70.896864 -69.611242 -68.264207 -66.875149 -65.477161 -64.120400 -62.853194 -61.716012 -60.741864 -59.950738 -59.350310 -58.945763 -58.750956 -58.790501 -59.067225 -59.511016 -60.087939 -60.773568 -61.539494 -62.350694 -63.165127 -63.934954 -64.610646 -65.147064 -65.508820 -65.674950 -65.644676 -65.436758 -65.080729 -64.609619 -64.056332 -63.453980 -62.838882 -62.248121 -61.713078 -61.252394 -60.867989 -60.546435 -60.265760 -60.004946 -59.750975 -59.499356 -59.249075 -58.996861 -58.734012 -58.443606
-81.117407 -80.038619 -78.941115 -77.786184 -76.620507 -75.494581 -74.359793 -73.172162 -71.909572 -70.564604 -69.140764 -67.654216 -66.138423 -64.646213 -63.241078 -61.981224 -60.905531 -60.042503 -59.396773 -58.960553 -58.730235 -58.711382 -58.909712 -59.315948 -59.906800 -60.651724 -61.523959 -62.496533 -63.537319 -64.606073 -65.653092 -66.620878 -67.450383 -68.088389 -68.490583 -68.634621 -68.520769 -68.163036 -67.585670 -66.832233 -65.960584 -65.040060 -64.138059 -63.308449 -62.586017 -61.984560 -61.497933 -61.104529 -60.774766 -60.480045 -60.199256 -59.918188 -59.623389 -59.301937 -58.938506
-81.385851 -80.356017 -79.272498 -78.133630 -76.955659 -75.747228 -74.500562 -73.194726 -71.811986 -70.346038 -68.801934 -67.196961 -65.565476 -63.965595 -62.481294 -61.206600 -60.198160 -59.462565 -58.967060 -58.684221 -58.604349 -58.727704 -59.054217 -59.579093 -60.292979 -61.178397 -62.213292 -63.372434 -64.625793 -65.935464 -67.251622 -68.509023 -69.629800 -70.538291 -71.168946 -71.475113 -71.430598 -71.033694 -70.300303 -69.295921 -68.122636 -66.892353 -65.697208 -64.602228 -63.647916 -62.852949 -62.215612 -61.715487 -61.316976 -60.976528 -60.654062 -60.322435 -59.962373 -59.565596 -59.126434
-81.764406 -80.767383 -79.692609 -78.548692 -77.340053 -76.065628 -74.723592 -73.308832 -71.816955 -70.249633 -68.614160 -66.925060 -65.208664 -63.512704 -61.924321 -60.589712 -59.665663 -59.059017 -58.687118 -58.519183 -58.550035 -58.779662 -59.206165 -59.828065 -60.643025 -61.643581 -62.813374 -64.129387 -65.563096 -67.078948 -68.630156 -70.150404 -71.542471 -72.687796 -73.531294 -73.997712 -74.006941 -73.533932 -72.609700 -71.314463 -69.832309 -68.313785 -66.858905 -65.532779 -64.376402 -63.410914 -62.638607 -62.042530 -61.585581 -61.211206 -60.852268 -60.456884 -60.017473 -59.544297 -59.043754
-82.186550 -81.201041 -80.121671 -78.957702 -77.714023 -76.390827 -74.983438 -73.484437 -71.909807 -70.271621 -68.579776 -66.847374 -65.094484 -63.354881 -61.690811 -60.241010 -59.419154 -58.883492 -58.564744 -58.453349 -58.549551 -58.851724 -59.352270 -60.042395 -60.934982 -62.026075 -63.300809 -64.737461 -66.308122 -67.977600 -69.700922 -71.418144 -73.035441 -74.347281 -75.378417 -76.009494 -76.072885 -75.455385 -74.333454 -72.745106 -71.001551 -69.249491 -67.581010 -66.060291 -64.730176 -63.614923 -62.721221 -62.037516 -61.531111 -61.141924 -60.774496 -60.305615 -59.789730 -59.259884 -58.725786
-82.584816 -81.585043 -80.484091 -79.292479 -78.018666 -76.667156 -75.233940 -73.685434 -72.070248 -70.401003 -68.689312 -66.951363 -65.210026 -63.500415 -61.890823 -60.520889 -59.559245 -58.935743 -58.582136 -58.469458 -58.587047 -58.927935 -59.480101 -60.206739 -61.155790 -62.311339 -63.657702 -65.173754 -66.831000 -68.592022 -70.407054 -72.206706 -73.892272 -75.347294 -76.515964 -77.262476 -77.395455 -76.540479 -75.187294 -73.478633 -71.592839 -69.679509 -67.845495 -66.164814 -64.686782 -63.440687 -62.437917 -61.671745 -61.114681 -60.711276 -60.357060 -59.834870 -59.284048 -58.740995 -58.209693
-82.885515 -81.845871 -80.708653 -79.489538 -78.199946 -76.841689 -75.405532 -73.879624 -72.280160 -70.623576 -68.926328 -67.210782 -65.513907 -63.881106 -62.359475 -60.999977 -59.914072 -59.155816 -58.711678 -58.552123 -58.652641 -58.993536 -59.555549 -60.322599 -61.303294 -62.491690 -63.872353 -65.422644 -67.111638 -68.897789 -70.725567 -72.522256 -74.199629 -75.662482 -76.797860 -77.454248 -77.452012 -76.670090 -75.307674 -73.570340 -71.623268 -69.611778 -67.655675 -65.844982 -64.241330 -62.882164 -61.784296 -60.943908 -60.332786 -59.889611 -59.508076 -59.032297 -58.528665 -58.027246 -57.535065
-83.008854 -81.908954 -80.726205 -79.489346 -78.212338 -76.891078 -75.510044 -74.055211 -72.522434 -70.920563 -69.267701 -67.587141 -65.931566 -64.357406 -62.902888 -61.487689 -60.309867 -59.444469 -58.907454 -58.682265 -58.741503 -59.058556 -59.611890 -60.387423 -61.375109 -62.564888 -63.940427 -65.477431 -67.142294 -68.890104 -70.662793 -72.388709 -73.983531 -75.347492 -76.356230 -76.874104 -76.788532 -76.072104 -74.795435 -73.104270 -71.152677 -69.087076 -67.039558 -65.119465 -63.406825 -61.951428 -60.776722 -59.880649 -59.230942 -58.759966 -58.373785 -57.988482 -57.584239 -57.166626 -56.742310
-82.875329 -81.699287 -80.471850 -79.241979 -78.021369 -76.794587 -75.531265 -74.200156 -72.779942 -71.267277 -69.675703 -68.033518 -66.386751 -64.785905 -63.266685 -61.850846 -60.640445 -59.718472 -59.118525 -58.835984 -58.848372 -59.129838 -59.657715 -60.413211 -61.378341 -62.535896 -63.865880 -65.342039 -66.929205 -68.581349 -70.240580 -71.836957 -73.287746 -74.495527 -75.351317 -75.752769 -75.630734 -74.968021 -73.791821 -72.184327 -70.266421 -68.175962 -66.053543 -64.031122 -62.216901 -60.681191 -59.455950 -58.541725 -57.899652 -57.454955 -57.121617 -56.830341 -56.534466 -56.215986 -55.873490
