MFC+VTK/函数库及接口制作/重磁三维基本处理/张双喜的程序/经验模态分解_2D/三峡gra_ε=0.001_BIMF_A4.grd
DSAA
196 196
305000.000000 695000.000000
3265000.000000 3655000.000000
-151.46812 -22.10811
[rows 125 to 149 of 196, columns 0 to 54 of 196]
-151.454344 -150.830915 -150.207436 -149.583824 -148.959984 -148.335806 -147.711174 -147.085962 -146.460034 -145.833251 -145.205466 -144.576531 -143.946293 -143.314599 -142.681299 -142.046253 -141.409344 -140.770490 -140.129670 -139.486941 -138.842463 -138.196522 -137.549549 -136.902137 -136.255058 -135.609274 -134.965955 -134.326479 -133.692434 -133.065600 -132.447918 -131.841430 -131.248200 -130.670205 -130.109182 -129.566441 -129.042700 -128.538112 -128.052359 -127.584478 -127.132803 -126.695198 -126.269350 -125.852996 -125.444039 -125.040595 -124.641002 -124.243815 -123.847793 -123.451879 -123.055183 -122.656963 -122.256603 -121.853592 -121.447497
-151.468116 -150.860527 -150.252895 -149.645150 -149.037193 -148.428895 -147.820093 -147.210595 -146.600196 -145.988687 -145.375865 -144.761534 -144.145500 -143.527577 -142.907584 -142.285357 -141.660754 -141.033676 -140.404085 -139.772027 -139.137650 -138.501223 -137.863146 -137.223966 -136.584386 -135.945277 -135.307688 -134.672846 -134.042150 -133.417151 -132.799509 -132.190934 -131.593106 -131.007568 -130.435614 -129.878186 -129.335853 -128.808854 -128.297113 -127.800168 -127.317084 -126.846485 -126.386708 -125.935982 -125.492572 -125.054866 -124.621426 -124.190999 -123.762525 -123.335123 -122.908077 -122.480817 -122.052898 -121.623966 -121.193737
-151.437072 -150.846764 -150.256443 -149.666076 -149.075582 -148.484805 -147.893511 -147.301417 -146.708225 -146.113644 -145.517406 -144.919263 -144.318984 -143.716353 -143.111165 -142.503238 -141.892416 -141.278597 -140.661743 -140.041908 -139.419240 -138.793997 -138.166545 -137.537365 -136.907063 -136.276376 -135.646183 -135.017507 -134.391505 -133.769445 -133.152671 -132.542543 -131.940367 -131.347318 -130.764375 -130.192283 -129.631571 -129.082572 -128.545411 -128.019972 -127.505827 -127.002216 -126.508089 -126.022218 -125.543314 -125.070125 -124.601510 -124.136474 -123.674188 -123.213988 -122.755367 -122.297955 -121.841492 -121.385800 -120.930748
-151.360630 -150.788963 -150.217354 -149.645850 -149.074391 -148.502770 -147.930658 -147.357654 -146.783340 -146.207324 -145.629258 -145.048839 -144.465797 -143.879888 -143.290891 -142.698612 -142.102899 -141.503662 -140.900896 -140.294683 -139.685193 -139.072679 -138.457463 -137.839940 -137.220583 -136.599954 -135.978714 -135.357630 -134.737567 -134.119477 -133.504360 -132.893224 -132.287036 -131.686672 -131.092893 -130.506337 -129.927533 -129.356907 -128.794766 -128.241270 -127.696381 -127.159831 -126.631116 -126.109545 -125.594316 -125.084609 -124.579648 -124.078764 -123.581417 -123.087212 -122.595889 -122.107308 -121.621419 -121.138230 -120.657769
-151.238221 -150.686480 -150.134954 -149.583796 -149.032932 -148.482076 -147.930784 -147.378524 -146.824740 -146.268907 -145.710574 -145.149368 -144.584975 -144.017124 -143.445579 -142.870147 -142.290699 -141.707195 -141.119695 -140.528347 -139.933363 -139.334989 -138.733495 -138.129163 -137.522300 -136.913252 -136.302418 -135.690267 -135.077336 -134.464225 -133.851583 -133.240075 -132.630362 -132.023076 -131.418816 -130.818150 -130.221621 -129.629745 -129.042997 -128.461778 -127.886381 -127.316953 -126.753473 -126.195761 -125.643523 -125.096406 -124.554068 -124.016226 -123.482694 -122.953395 -122.428365 -121.907726 -121.391661 -120.880375 -120.374060
-151.069221 -150.538681 -150.008675 -149.479384 -148.950645 -148.422078 -147.893152 -147.363221 -146.831578 -146.297529 -145.760472 -145.219932 -144.675534 -144.126975 -143.574005 -143.016447 -142.454233 -141.887426 -141.316204 -140.740815 -140.161526 -139.578576 -138.992158 -138.402418 -137.809468 -137.213404 -136.614334 -136.012391 -135.407755 -134.800660 -134.191391 -133.580283 -132.967713 -132.354098 -131.739900 -131.125626 -130.511834 -129.899123 -129.288119 -128.679446 -128.073697 -127.471392 -126.872953 -126.278693 -125.688826 -125.103505 -124.522866 -123.947076 -123.376360 -122.811021 -122.251428 -121.698003 -121.151181 -120.611375 -120.078934
-150.852786 -150.344999 -149.838173 -149.332300 -148.827120 -148.322224 -147.817054 -147.310904 -146.802934 -146.292248 -145.778010 -145.259568 -144.736456 -144.208314 -143.674880 -143.136028 -142.591819 -142.042498 -141.488422 -140.929966 -140.367445 -139.801072 -139.230946 -138.657051 -138.079286 -137.497481 -136.911426 -136.320907 -135.725725 -135.125731 -134.520843 -133.911062 -133.296490 -132.677336 -132.053923 -131.426696 -130.796215 -130.163147 -129.528256 -128.892371 -128.256364 -127.621113 -126.987465 -126.356219 -125.728111 -125.103830 -124.484041 -123.869416 -123.260652 -122.658480 -122.063650 -121.476909 -120.898959 -120.330422 -119.771793
-150.587541 -150.105216 -149.623446 -149.142447 -148.662103 -148.182072 -147.701842 -147.220717 -146.737799 -146.251995 -145.762141 -145.267248 -144.766665 -144.259939 -143.746806 -143.227274 -142.701658 -142.170485 -141.634335 -141.093701 -140.548923 -140.000158 -139.447385 -138.890422 -138.328946 -137.762520 -137.190619 -136.612670 -136.028093 -135.436341 -134.836953 -134.229587 -133.614054 -132.990340 -132.358619 -131.719251 -131.072780 -130.419926 -129.761565 -129.098718 -128.432520 -127.764194 -127.095016 -126.426281 -125.759279 -125.095279 -124.435531 -123.781274 -123.133734 -122.494116 -121.863587 -121.243237 -120.634040 -120.036814 -119.452179
-150.275675 -149.820083 -149.364746 -148.909880 -148.455484 -148.001332 -147.546999 -147.091869 -146.635097 -146.175522 -145.711633 -145.241835 -144.764992 -144.280511 -143.788198 -143.288388 -142.781837 -142.269441 -141.751984 -141.230029 -140.703884 -140.173622 -139.639094 -139.099955 -138.555676 -138.005570 -137.448813 -136.884490 -136.311636 -135.729306 -135.136639 -134.532922 -133.917646 -133.290543 -132.651601 -132.001071 -131.339455 -130.667495 -129.986165 -129.296648 -128.600328 -127.898766 -127.193673 -126.486871 -125.780254 -125.075743 -124.375250 -123.680648 -122.993750 -122.316280 -121.649839 -120.995864 -120.355591 -119.730010 -119.119824
-149.918824 -149.490689 -149.062662 -148.634870 -148.207332 -147.779894 -147.352211 -146.923759 -146.493824 -146.061402 -145.624922 -145.181993 -144.730074 -144.268422 -143.797167 -143.317360 -142.830394 -142.337503 -141.839572 -141.337136 -140.830428 -140.319415 -139.803833 -139.283192 -138.756790 -138.223727 -137.682919 -137.133136 -136.573052 -136.001322 -135.416664 -134.817958 -134.204325 -133.575186 -132.930301 -132.269764 -131.594002 -130.903754 -130.200055 -129.484233 -128.757898 -128.022938 -127.281508 -126.535998 -125.788981 -125.043128 -124.301118 -123.565552 -122.838887 -122.123395 -121.421116 -120.733824 -120.062981 -119.409702 -118.774714
-149.518367 -149.118162 -148.717998 -148.317919 -147.917911 -147.517837 -147.117394 -146.716104 -146.313325 -145.908295 -145.499975 -145.085850 -144.660143 -144.221540 -143.771394 -143.312044 -142.845474 -142.373035 -141.895549 -141.413450 -140.926871 -140.435689 -139.939542 -139.437835 -138.929737 -138.414186 -137.889892 -137.355364 -136.808955 -136.248934 -135.673590 -135.081347 -134.470889 -133.841254 -133.191895 -132.522696 -131.833959 -131.126383 -130.401040 -129.659372 -128.903192 -128.134706 -127.356522 -126.571644 -125.783412 -124.995376 -124.211121 -123.434090 -122.667454 -121.914048 -121.176339 -120.456397 -119.755860 -119.075895 -118.417157
-149.075574 -148.703615 -148.331661 -147.959702 -147.587675 -147.215424 -146.842656 -146.468907 -146.093520 -145.715678 -145.334916 -144.949733 -144.552563 -144.136807 -143.708224 -143.270453 -142.825566 -142.374749 -141.918671 -141.457658 -140.991769 -140.520814 -140.044374 -139.561787 -139.072146 -138.574286 -138.066781 -137.547951 -137.015890 -136.468529 -135.903733 -135.319436 -134.713805 -134.085390 -133.433233 -132.756919 -132.056563 -131.332776 -130.586638 -129.819680 -129.033906 -128.231832 -127.416538 -126.591691 -125.761494 -124.930508 -124.103386 -123.284556 -122.477987 -121.687092 -120.914731 -120.163212 -119.434267 -118.728996 -118.047846
-148.591674 -148.248155 -147.904620 -147.561018 -147.217241 -146.873093 -146.528263 -146.182294 -145.834600 -145.484505 -145.131125 -144.772193 -144.402024 -144.010187 -143.605349 -143.191238 -142.769692 -142.341747 -141.907992 -141.468707 -141.023913 -140.573398 -140.116716 -139.653186 -139.181871 -138.701569 -138.210792 -137.707755 -137.190387 -136.656358 -136.103155 -135.528219 -134.929124 -134.303805 -133.650745 -132.969093 -132.258676 -131.519961 -130.753995 -129.962386 -129.147331 -128.311681 -127.459040 -126.593812 -125.721138 -124.846688 -123.976309 -123.115577 -122.269392 -121.441780 -120.635951 -119.854375 -119.098749 -118.369913 -117.667908
-148.067892 -147.752909 -147.437893 -147.122761 -146.807363 -146.491454 -146.174679 -145.856547 -145.536406 -145.213324 -144.885731 -144.550814 -144.204092 -143.839763 -143.462025 -143.073939 -142.677385 -142.273475 -141.862841 -141.445783 -141.022332 -140.592284 -140.155204 -139.710424 -139.257029 -138.793831 -138.319354 -137.831802 -137.329041 -136.808598 -136.267686 -135.703303 -135.112404 -134.492173 -133.840330 -133.155376 -132.436696 -131.684509 -130.899784 -130.084204 -129.240193 -128.371031 -127.480982 -126.575314 -125.660169 -124.742303 -123.828748 -122.926338 -122.041129 -121.177917 -120.340230 -119.530619 -118.750502 -118.000137 -117.278910
-147.505469 -147.219035 -146.932554 -146.645913 -146.358915 -146.071256 -145.782500 -145.492037 -145.198994 -144.902064 -144.599276 -144.287931 -143.965033 -143.628561 -143.279398 -142.918903 -142.548620 -142.169687 -141.782801 -141.388310 -140.986285 -140.576555 -140.158723 -139.732166 -139.296019 -138.849163 -138.390189 -137.917372 -137.428628 -136.921477 -136.393017 -135.839942 -135.258651 -134.645499 -133.997203 -133.311296 -132.586437 -131.822430 -131.020095 -130.181191 -129.308468 -128.405858 -127.478577 -126.532978 -125.576233 -124.616008 -123.660237 -122.716894 -121.793475 -120.896046 -120.028576 -119.193535 -118.391529 -117.621755 -116.882772
-146.905677 -146.647743 -146.389747 -146.131544 -145.872883 -145.613381 -145.352485 -145.089411 -144.823055 -144.551892 -144.273979 -143.987195 -143.689765 -143.380744 -143.059796 -142.727238 -142.383856 -142.030476 -141.667721 -141.295948 -140.915260 -140.525529 -140.126410 -139.717341 -139.297537 -138.865972 -138.421353 -137.962088 -137.486235 -136.991443 -136.474880 -135.933162 -135.362338 -134.758008 -134.115702 -133.431542 -132.702959 -131.929026 -131.110274 -130.248547 -129.347150 -128.411138 -127.447169 -126.462967 -125.466709 -124.466653 -123.471092 -122.488563 -121.527969 -120.597694 -119.703125 -118.845878 -118.024696 -117.237314 -116.481554
-146.269836 -146.040309 -145.810703 -145.580834 -145.350387 -145.118888 -144.885655 -144.649754 -144.409947 -144.164708 -143.912350 -143.651289 -143.380300 -143.098543 -142.805359 -142.500466 -142.183987 -141.856281 -141.517730 -141.168597 -140.808971 -140.438751 -140.057638 -139.665140 -139.260560 -138.842985 -138.411263 -137.963971 -137.499371 -137.015347 -136.509300 -135.978031 -135.417576 -134.823106 -134.189038 -133.509655 -132.780315 -131.998652 -131.164680 -130.280288 -129.349945 -128.380704 -127.381285 -126.360946 -125.328702 -124.293050 -123.262106 -122.244090 -121.248251 -120.285886 -119.367872 -118.491813 -117.653511 -116.849444 -116.077158
-145.599328 -145.398092 -145.196755 -144.995090 -144.792715 -144.589064 -144.383355 -144.174566 -143.961445 -143.742583 -143.516553 -143.282064 -143.038035 -142.783541 -142.517759 -142.240066 -141.950113 -141.647810 -141.333209 -141.006388 -140.667351 -140.315980 -139.952005 -139.574993 -139.184335 -138.779232 -138.358681 -137.921448 -137.466027 -136.990588 -136.492874 -135.970065 -135.418548 -134.833609 -134.209113 -133.537536 -132.811096 -132.024348 -131.176214 -130.268682 -129.308956 -128.307333 -127.274993 -126.222502 -125.159287 -124.093762 -123.033710 -121.986737 -120.960958 -119.967415 -119.029693 -118.136510 -117.281398 -116.460331 -115.671056
-144.895614 -144.722555 -144.549370 -144.375787 -144.201360 -144.025455 -143.847228 -143.665639 -143.479487 -143.287493 -143.088390 -142.880991 -142.664191 -142.436943 -142.198263 -141.947281 -141.683311 -141.405883 -141.114717 -140.809645 -140.490525 -140.157173 -139.809313 -139.446548 -139.068344 -138.674010 -138.262688 -137.833330 -137.384671 -136.915175 -136.422957 -135.905649 -135.360188 -134.782469 -134.166751 -133.504809 -132.785518 -131.997279 -131.135200 -130.203409 -129.214617 -128.183260 -127.122606 -126.043741 -124.955920 -123.867251 -122.785302 -121.717721 -120.673146 -119.662347 -118.697261 -117.784466 -116.910705 -116.071297 -115.264187
-144.160258 -144.015287 -143.870166 -143.724579 -143.578032 -143.429843 -143.279148 -143.124922 -142.966029 -142.801274 -142.629456 -142.449385 -142.259879 -142.059756 -141.847859 -141.623099 -141.384510 -141.131303 -140.862882 -140.578815 -140.278770 -139.962452 -139.629538 -139.279640 -138.912276 -138.526848 -138.122630 -137.698756 -137.254190 -136.787683 -136.297694 -135.782267 -135.238851 -134.664026 -134.053034 -133.398763 -132.689427 -131.905541 -131.026745 -130.071057 -129.056486 -128.001333 -126.919574 -125.821779 -124.716688 -123.612157 -122.515768 -121.435339 -120.379322 -119.356506 -118.374440 -117.437736 -116.542011 -115.682691 -114.857007
-143.394947 -143.278026 -143.160932 -143.043315 -142.924644 -142.804211 -142.681146 -142.554445 -142.423010 -142.285681 -142.141258 -141.988506 -141.826149 -141.652874 -141.467356 -141.268290 -141.054452 -140.824758 -140.578306 -140.314388 -140.032454 -139.732058 -139.412798 -139.074261 -138.715991 -138.337464 -137.938077 -137.517135 -137.073826 -136.607169 -136.115923 -135.598450 -135.052529 -134.475105 -133.861947 -133.207156 -132.501967 -131.728208 -130.827375 -129.856489 -128.825284 -127.756580 -126.663181 -125.554884 -124.440212 -123.327041 -122.223007 -121.135752 -120.072827 -119.041075 -118.045732 -117.089802 -116.173265 -115.293951 -114.449534
-142.601518 -142.512674 -142.423638 -142.334032 -142.243297 -142.150702 -142.055368 -141.956293 -141.852381 -141.742461 -141.625302 -141.499610 -141.364026 -141.217126 -141.057433 -140.883446 -140.693688 -140.486776 -140.261490 -140.016820 -139.751966 -139.466300 -139.159304 -138.830513 -138.479473 -138.105719 -137.708763 -137.288087 -136.843109 -136.373105 -135.877081 -135.353596 -134.800548 -134.214887 -133.592148 -132.925443 -132.203164 -131.405970 -130.513627 -129.544277 -128.516060 -127.447431 -126.352546 -125.242203 -124.125396 -123.010223 -121.904287 -120.814779 -119.748245 -118.710169 -117.704642 -116.734332 -115.800610 -114.903257 -114.041113
-141.781983 -141.721312 -141.660433 -141.598942 -141.536249 -141.471590 -141.404056 -141.332614 -141.256130 -141.173394 -141.083129 -140.983988 -140.874551 -140.753317 -140.618695 -140.469020 -140.302580 -140.117690 -139.912774 -139.686465 -139.437657 -139.165496 -138.869314 -138.548568 -138.202789 -137.831565 -137.434539 -137.011402 -136.561832 -136.085362 -135.581186 -135.047936 -134.483412 -133.884216 -133.245168 -132.558481 -131.813375 -130.998538 -130.109329 -129.150121 -128.133881 -127.075328 -125.988057 -124.883528 -123.771380 -122.660017 -121.556967 -120.468952 -119.401767 -118.360137 -117.347699 -116.367149 -115.420343 -114.508133 -113.630442
-140.938543 -140.906208 -140.873649 -140.840428 -140.805909 -140.769274 -140.729547 -140.685625 -140.636308 -140.580325 -140.516349 -140.442996 -140.358818 -140.262275 -140.151719 -140.025372 -139.881333 -139.717625 -139.532284 -139.323504 -139.089767 -138.829909 -138.543071 -138.228607 -137.886027 -137.514988 -137.115321 -136.687011 -136.230059 -135.744255 -135.228920 -134.682650 -134.103038 -133.486358 -132.827262 -132.118854 -131.353855 -130.527242 -129.638313 -128.689412 -127.688106 -126.645075 -125.571901 -124.479555 -123.377797 -122.275153 -121.179047 -120.095865 -119.030973 -117.988754 -116.972724 -115.985666 -115.029700 -114.106232 -113.215932
-140.073607 -140.069828 -140.065802 -140.061041 -140.054837 -140.046275 -140.034275 -140.017626 -139.995036 -139.965165 -139.926644 -139.878074 -139.818006 -139.744907 -139.657124 -139.552838 -139.430034 -139.286501 -139.119890 -138.927868 -138.708344 -138.459682 -138.180745 -137.870759 -137.529219 -137.155921 -136.751035 -136.314993 -135.848190 -135.350660 -134.821793 -134.260118 -133.663127 -133.027185 -132.347680 -131.619679 -130.839190 -130.004401 -129.115816 -128.175785 -127.189221 -126.163613 -125.108084 -124.032215 -122.945156 -121.855165 -120.769455 -119.694187 -118.634523 -117.594743 -116.578374 -115.588305 -114.626847 -113.695733 -112.796101
