MFC+VTK/函数库及接口制作/重磁三维基本处理/张双喜的程序/经验模态分解_2D/三峡gra_ε=0.001_BIMF_D4.grd
DSAA
196 196
305000.000000 695000.000000
3265000.000000 3655000.000000
-14.54017 14.78031
[rows 108 to 134 of 196, columns 0 to 59 of 196]
2.858516 2.531580 2.205490 1.880258 1.555421 1.230320 0.904139 0.575860 0.244182 -0.092555 -0.436429 -0.789862 -1.155293 -1.534600 -1.928574 -2.336406 -2.755965 -3.184010 -3.616483 -4.048843 -4.476411 -4.894594 -5.298950 -5.685181 -6.049086 -6.386555 -6.693576 -6.966291 -7.201064 -7.394567 -7.543838 -7.646319 -7.699873 -7.702816 -7.653976 -7.552639 -7.398548 -7.191807 -6.932860 -6.622533 -6.262010 -5.852512 -5.394871 -4.889722 -4.338085 -3.741735 -3.103137 -2.425800 -1.714471 -0.974777 -0.212685 0.565894 1.355267 2.149957 2.944634 3.734000 4.512676 5.275067 6.015214 6.726619
2.864256 2.537471 2.212721 1.890000 1.568655 1.247838 0.926613 0.603916 0.278475 -0.051308 -0.387525 -0.732938 -1.090927 -1.464782 -1.856604 -2.265931 -2.689792 -3.123874 -3.563103 -4.002244 -4.436314 -4.860680 -5.270988 -5.663057 -6.032808 -6.376234 -6.689408 -6.968522 -7.209944 -7.410289 -7.566483 -7.675804 -7.735893 -7.744765 -7.700955 -7.603911 -7.453519 -7.249909 -6.993448 -6.684857 -6.325422 -5.916992 -5.460469 -4.954107 -4.397160 -3.790765 -3.137346 -2.441441 -1.709246 -0.947512 -0.162786 0.638849 1.451754 2.270609 3.090281 3.905683 4.711655 5.502824 6.273462 7.017301
2.834228 2.512529 2.192661 1.874951 1.558980 1.243990 0.929055 0.613117 0.294953 -0.026918 -0.354387 -0.690100 -1.038012 -1.403384 -1.789653 -2.198044 -2.623973 -3.061544 -3.504457 -3.946983 -4.384147 -4.811503 -5.224904 -5.620354 -5.993931 -6.341759 -6.660006 -6.944901 -7.192777 -7.400124 -7.563666 -7.680425 -7.747770 -7.763365 -7.724969 -7.632611 -7.486307 -7.286229 -7.032783 -6.726665 -6.369017 -5.962551 -5.509755 -5.005134 -4.445388 -3.830012 -3.162234 -2.449101 -1.698789 -0.918940 -0.116282 0.703216 1.534112 2.371290 3.209802 4.044735 4.871081 5.683610 6.476712 7.244221
2.769690 2.456894 2.145063 1.834792 1.526053 1.218345 0.910871 0.602629 0.292427 -0.021160 -0.339882 -0.665996 -1.002977 -1.358597 -1.735406 -2.139041 -2.563866 -3.001184 -3.443484 -3.885084 -4.321343 -4.748107 -5.161451 -5.557563 -5.932685 -6.283075 -6.604999 -6.894727 -7.148543 -7.362778 -7.533875 -7.658482 -7.733547 -7.756301 -7.724091 -7.637038 -7.495239 -7.298969 -7.048894 -6.746169 -6.392515 -5.989997 -5.539517 -5.038530 -4.479023 -3.854130 -3.172118 -2.444200 -1.679945 -0.887040 -0.071915 0.759758 1.602772 2.452190 3.303204 4.151006 4.990667 5.816999 6.624406 7.406695
2.674429 2.372208 2.070427 1.769544 1.469697 1.170607 0.871640 0.571871 0.270124 -0.035064 -0.345568 -0.663971 -0.994075 -1.340827 -1.707362 -2.096525 -2.515237 -2.946392 -3.382370 -3.818038 -4.249038 -4.671385 -5.081305 -5.475133 -5.849255 -6.200060 -6.523917 -6.817145 -7.075996 -7.296654 -7.475257 -7.607976 -7.691176 -7.721605 -7.696404 -7.615344 -7.478403 -7.286046 -7.039362 -6.740011 -6.390013 -5.991219 -5.544353 -5.047222 -4.490583 -3.853954 -3.160189 -2.422691 -1.650469 -0.850553 -0.028954 0.808909 1.657992 2.513465 3.370585 4.224574 5.070497 5.903124 6.716778 7.505145
2.551267 2.260482 1.969879 1.679697 1.390030 1.100684 0.811127 0.520495 0.227595 -0.069145 -0.371792 -0.683062 -1.006295 -1.344973 -1.702337 -2.081161 -2.482662 -2.898933 -3.322258 -3.746854 -4.168139 -4.582120 -4.985091 -5.373491 -5.743822 -6.092593 -6.416273 -6.711248 -6.973777 -7.199949 -7.385658 -7.526619 -7.618497 -7.657289 -7.640020 -7.565495 -7.433506 -7.244878 -7.001205 -6.704489 -6.356767 -5.959572 -5.513186 -5.015253 -4.457455 -3.817373 -3.121283 -2.382409 -1.609371 -0.808980 0.012869 0.850832 1.699905 2.555270 3.412167 4.265771 5.111068 5.942716 6.754895 7.541130
2.402589 2.123702 1.844870 1.566155 1.287530 1.008768 0.729355 0.448440 0.164800 -0.123207 -0.417684 -0.721166 -1.036432 -1.366232 -1.713067 -2.078371 -2.461233 -2.858087 -3.263521 -3.672164 -4.079341 -4.480981 -4.873385 -5.253056 -5.616589 -5.960596 -6.281645 -6.576203 -6.840571 -7.070823 -7.262736 -7.411744 -7.512954 -7.561405 -7.552844 -7.484967 -7.357629 -7.172315 -6.931081 -6.636076 -6.289157 -5.891331 -5.441990 -4.937897 -4.372818 -3.741727 -3.054626 -2.323175 -1.556673 -0.762421 0.053451 0.885476 1.728558 2.577795 3.428330 4.275223 5.113325 5.937139 6.740681 7.517336
2.230596 1.963803 1.696995 1.430114 1.163014 0.895385 0.626675 0.356020 0.082196 -0.196407 -0.481750 -0.776036 -1.081520 -1.400273 -1.733845 -2.082700 -2.445848 -2.821204 -3.205325 -3.594015 -3.983052 -4.368493 -4.746701 -5.114243 -5.467800 -5.804078 -6.119741 -6.411343 -6.675262 -6.907618 -7.104194 -7.260355 -7.370955 -7.430230 -7.431790 -7.370209 -7.247087 -7.064793 -6.825617 -6.531742 -6.184812 -5.785413 -5.332696 -4.824537 -4.259048 -3.637410 -2.964048 -2.246615 -1.493317 -0.711525 0.092351 0.912601 1.743939 2.581292 3.419642 4.253884 5.078694 5.888410 6.676906 7.437493
2.037434 1.782711 1.527933 1.272969 1.017584 0.761396 0.503813 0.243971 -0.019299 -0.287469 -0.562251 -0.845460 -1.138838 -1.443829 -1.761305 -2.091350 -2.433251 -2.785595 -3.146136 -3.511852 -3.879305 -4.244980 -4.605459 -4.957450 -5.297743 -5.623148 -5.930429 -6.216233 -6.477028 -6.709020 -6.908058 -7.069527 -7.188208 -7.258085 -7.271616 -7.216037 -7.097623 -6.918655 -6.681735 -6.389306 -6.042980 -5.643358 -5.190237 -4.683343 -4.123490 -3.513160 -2.855738 -2.156354 -1.421417 -0.657603 0.128751 0.931779 1.745988 2.566098 3.386886 4.203051 5.009088 5.799179 6.567111 7.306213
1.825263 1.582397 1.339456 1.096276 0.852586 0.607975 0.361853 0.113408 -0.138411 -0.394876 -0.657397 -0.927405 -1.206189 -1.494724 -1.793532 -2.102625 -2.421539 -2.749319 -3.084455 -3.424833 -3.767837 -4.110557 -4.449973 -4.783047 -5.106749 -5.418026 -5.713757 -5.990691 -6.245387 -6.474135 -6.672858 -6.836959 -6.961037 -7.038335 -7.060052 -7.016497 -6.905061 -6.730348 -6.496898 -6.207648 -5.864342 -5.467983 -5.019309 -4.519418 -3.970244 -3.374482 -2.735339 -2.056848 -1.344051 -0.602662 0.161411 0.942367 1.734596 2.532636 3.331058 4.124365 4.906878 5.672661 6.415473 7.128762
1.596301 1.364904 1.133436 0.901743 0.669575 0.436564 0.202189 -0.034248 -0.273632 -0.517002 -0.765474 -1.020139 -1.281941 -1.551571 -1.829411 -2.115521 -2.409652 -2.711209 -3.019203 -3.332192 -3.648284 -3.965213 -4.280468 -4.591383 -4.895193 -5.189043 -5.469957 -5.734798 -5.980210 -6.202540 -6.397730 -6.561145 -6.687298 -6.769562 -6.800067 -6.769629 -6.664907 -6.496479 -6.269395 -5.986658 -5.650384 -5.262175 -4.823517 -4.336200 -3.802507 -3.225144 -2.607207 -1.952285 -1.264637 -0.549181 0.188718 0.943505 1.709593 2.481408 3.253361 4.019777 4.774835 5.512522 6.226632 6.910807
1.352839 1.132368 0.911856 0.691214 0.470286 0.248826 0.026456 -0.197360 -0.423311 -0.652207 -0.884908 -1.122242 -1.364921 -1.613492 -1.868307 -2.129521 -2.397083 -2.670701 -2.949798 -3.233459 -3.520394 -3.808953 -4.097169 -4.382831 -4.663524 -4.936658 -5.199451 -5.448901 -5.681733 -5.894327 -6.082612 -6.241932 -6.366894 -6.451231 -6.487552 -6.466257 -6.372728 -6.215254 -5.998714 -5.726966 -5.402856 -5.028464 -4.605633 -4.136362 -3.622964 -3.068082 -2.474697 -1.846182 -1.186397 -0.499748 0.208867 0.934195 1.670768 2.412993 3.155172 3.891498 4.616038 5.322742 6.005486 6.658161
1.097240 0.887003 0.676794 0.466653 0.256606 0.046605 -0.163527 -0.374135 -0.585716 -0.798877 -1.014272 -1.232543 -1.454266 -1.679925 -1.909899 -2.144452 -2.383721 -2.627683 -2.876112 -3.128532 -3.384169 -3.641930 -3.900398 -4.157856 -4.412308 -4.661494 -4.902883 -5.133644 -5.350601 -5.550171 -5.728289 -5.880316 -6.000963 -6.084130 -6.122555 -6.107396 -6.029627 -5.886928 -5.685226 -5.429721 -5.123620 -4.769074 -4.367936 -3.922151 -3.433915 -2.905740 -2.340488 -1.741394 -1.112112 -0.456758 0.220085 0.913421 1.617931 2.328050 3.038019 3.741928 4.433758 5.107448 5.756992 6.376549
0.831907 0.631076 0.430393 0.230118 0.030550 -0.168098 -0.365784 -0.562666 -0.759068 -0.955430 -1.152251 -1.350044 -1.549307 -1.750507 -1.954071 -2.160379 -2.369743 -2.582384 -2.798390 -3.017673 -3.239920 -3.464549 -3.690676 -3.917102 -4.142297 -4.364393 -4.581169 -4.790016 -4.987905 -5.171334 -5.336283 -5.478164 -5.591773 -5.671245 -5.710146 -5.701947 -5.640110 -5.512774 -5.330321 -5.096832 -4.814780 -4.486070 -4.112395 -3.695488 -3.237313 -2.740176 -2.206777 -1.640230 -1.044066 -0.422252 0.220812 0.880297 1.550992 2.227351 2.903553 3.573582 4.231337 4.870761 5.485980 6.071432
0.559216 0.366839 0.174810 -0.016264 -0.205734 -0.393118 -0.578184 -0.760931 -0.941537 -1.120300 -1.297593 -1.473837 -1.649478 -1.824985 -2.000839 -2.177527 -2.355527 -2.535283 -2.717173 -2.901468 -3.088280 -3.277513 -3.468803 -3.661481 -3.854518 -4.046497 -4.235567 -4.419415 -4.595224 -4.759644 -4.908773 -5.038147 -5.142760 -5.217149 -5.255571 -5.252111 -5.200438 -5.094793 -4.937375 -4.731268 -4.478735 -4.181430 -3.840723 -3.457976 -3.034767 -2.573069 -2.075340 -1.544534 -0.984081 -0.397859 0.209812 0.834180 1.470052 2.111823 2.753536 3.389019 4.012068 4.616634 5.196990 5.747855
0.281396 0.096428 -0.087832 -0.270279 -0.449924 -0.626095 -0.798429 -0.966797 -1.131235 -1.291905 -1.449064 -1.603046 -1.754254 -1.903157 -2.050282 -2.196214 -2.341580 -2.487034 -2.633227 -2.780770 -2.930185 -3.081845 -3.235906 -3.392239 -3.550353 -3.709329 -3.867762 -4.023708 -4.174654 -4.317498 -4.448555 -4.563596 -4.657925 -4.726502 -4.764090 -4.765410 -4.725574 -4.641291 -4.511377 -4.336563 -4.118098 -3.857088 -3.554408 -3.210875 -2.827489 -2.405691 -1.947534 -1.455720 -0.933535 -0.384787 0.186238 0.774764 1.375490 1.982585 2.589813 3.190751 3.779060 4.348708 4.894133 5.410338
0.000329 -0.178282 -0.355448 -0.529548 -0.699449 -0.864432 -1.024043 -1.178008 -1.326199 -1.468621 -1.605400 -1.736776 -1.863097 -1.984816 -2.102493 -2.216793 -2.328478 -2.438401 -2.547474 -2.656642 -2.766830 -2.878879 -2.993467 -3.111019 -3.231613 -3.354883 -3.479937 -3.605295 -3.728847 -3.847853 -3.958965 -4.058301 -4.141553 -4.204138 -4.241380 -4.248794 -4.222526 -4.159688 -4.058131 -3.916866 -3.735760 -3.514990 -3.254718 -2.955051 -2.616203 -2.238811 -1.824244 -1.374750 -0.893372 -0.383805 0.149673 0.702160 1.268030 1.840973 2.414265 2.981135 3.535100 4.070174 4.580984 5.062806
-0.282813 -0.455808 -0.625846 -0.791370 -0.951431 -1.105304 -1.252383 -1.392185 -1.524368 -1.648740 -1.765267 -1.874066 -1.975405 -2.069698 -2.157517 -2.239588 -2.316798 -2.390187 -2.460928 -2.530299 -2.599631 -2.670237 -2.743325 -2.819889 -2.900598 -2.985687 -3.074850 -3.167162 -3.261036 -3.354212 -3.443807 -3.526392 -3.598128 -3.654938 -3.692722 -3.707616 -3.696196 -3.655493 -3.582919 -3.476476 -3.334836 -3.157145 -2.942737 -2.690931 -2.401026 -2.072555 -1.705768 -1.302070 -0.864050 -0.395195 0.100230 0.617005 1.148810 1.688504 2.228689 2.762218 3.282506 3.783661 4.260505 4.708550
-0.569550 -0.734848 -0.896340 -1.052631 -1.202731 -1.345701 -1.480657 -1.606819 -1.723563 -1.830447 -1.927225 -2.013851 -2.090472 -2.157436 -2.215300 -2.264838 -2.307052 -2.343166 -2.374620 -2.403036 -2.430162 -2.457794 -2.487671 -2.521359 -2.560132 -2.604858 -2.655882 -2.712932 -2.775058 -2.840616 -2.907309 -2.972277 -3.032221 -3.083588 -3.122768 -3.146262 -3.150749 -3.133052 -3.090166 -3.019382 -2.918455 -2.785621 -2.619436 -2.418521 -2.181336 -1.906168 -1.591605 -1.237474 -0.845448 -0.418614 0.038748 0.520617 1.019381 1.526740 2.034600 2.535545 3.022987 3.491149 3.935007 4.350223
-0.859367 -1.012701 -1.163637 -1.309991 -1.450086 -1.582496 -1.705934 -1.819245 -1.921446 -2.011769 -2.089685 -2.154915 -2.207440 -2.247505 -2.275631 -2.292631 -2.299617 -2.298010 -2.289531 -2.276167 -2.260107 -2.243636 -2.229018 -2.218377 -2.213580 -2.216135 -2.227082 -2.246893 -2.275380 -2.311646 -2.354113 -2.400602 -2.448427 -2.494544 -2.535726 -2.568664 -2.589964 -2.596125 -2.583624 -2.549101 -2.489563 -2.402496 -2.285807 -2.137597 -1.955796 -1.737739 -1.480077 -1.179853 -0.836671 -0.452760 -0.032836 0.415134 0.881555 1.356992 1.832949 2.301973 2.757536 3.193925 3.606148 3.989865
-1.142919 -1.284255 -1.424038 -1.560064 -1.690178 -1.812453 -1.925132 -2.026617 -2.115485 -2.190539 -2.250859 -2.295843 -2.325240 -2.339158 -2.338072 -2.322828 -2.294659 -2.255206 -2.206509 -2.150961 -2.091208 -2.030023 -1.970172 -1.914300 -1.864826 -1.823871 -1.793179 -1.774028 -1.767117 -1.772449 -1.789295 -1.816269 -1.851398 -1.892149 -1.935627 -1.978608 -2.017459 -2.048172 -2.066583 -2.068668 -2.050783 -2.009783 -1.943003 -1.848104 -1.722772 -1.564118 -1.367652 -1.126690 -0.835627 -0.494595 -0.110986 0.303375 0.736942 1.179890 1.623863 2.061541 2.486396 2.892596 3.274963 3.628941
-1.413735 -1.544179 -1.673341 -1.799206 -1.919556 -2.032200 -2.134996 -2.225874 -2.302905 -2.364339 -2.408707 -2.434954 -2.442526 -2.431364 -2.401886 -2.354983 -2.292041 -2.214974 -2.126208 -2.028586 -1.925224 -1.819354 -1.714194 -1.612845 -1.518220 -1.432991 -1.359562 -1.300026 -1.256068 -1.228776 -1.218436 -1.224537 -1.245971 -1.280829 -1.326590 -1.379983 -1.436867 -1.492490 -1.541963 -1.580639 -1.604319 -1.609301 -1.592351 -1.550585 -1.481311 -1.381761 -1.248245 -1.072839 -0.837739 -0.537833 -0.190538 0.188001 0.586208 0.995024 1.406538 1.813479 2.209085 2.587112 2.941891 3.268365
-1.666900 -1.787798 -1.907286 -2.023555 -2.134590 -2.238214 -2.332090 -2.413731 -2.480659 -2.530427 -2.560834 -2.570208 -2.557587 -2.522713 -2.465946 -2.388246 -2.291224 -2.177181 -2.049025 -1.910087 -1.763922 -1.614154 -1.464365 -1.318033 -1.178486 -1.048881 -0.932201 -0.831274 -0.748764 -0.687032 -0.647704 -0.631230 -0.637341 -0.665336 -0.713139 -0.777058 -0.851981 -0.932239 -1.012306 -1.087074 -1.151892 -1.202539 -1.235155 -1.246155 -1.232058 -1.189318 -1.114689 -1.007420 -0.831165 -0.571753 -0.266611 0.069955 0.428552 0.800948 1.179378 1.556323 1.924468 2.276804 2.606788 2.908504
-1.898776 -2.011174 -2.121817 -2.229223 -2.331601 -2.426901 -2.512843 -2.586718 -2.645423 -2.685650 -2.704348 -2.699064 -2.668240 -2.611329 -2.528629 -2.421238 -2.291161 -2.141280 -1.975088 -1.796388 -1.609084 -1.417064 -1.224158 -1.034119 -0.850619 -0.677240 -0.517474 -0.374753 -0.252537 -0.154416 -0.083872 -0.042965 -0.031321 -0.051172 -0.100673 -0.174712 -0.266728 -0.370331 -0.479712 -0.589529 -0.694763 -0.790631 -0.872535 -0.936002 -0.976585 -0.989675 -0.969698 -0.906858 -0.781535 -0.586911 -0.338884 -0.052343 0.262023 0.595580 0.940281 1.288085 1.630837 1.960389 2.268889 2.549121
-2.107139 -2.210763 -2.313087 -2.412479 -2.507070 -2.594816 -2.673668 -2.741338 -2.793623 -2.826320 -2.835650 -2.818280 -2.771679 -2.694734 -2.587660 -2.451889 -2.290197 -2.106298 -1.904297 -1.688349 -1.462531 -1.230833 -0.997193 -0.765532 -0.539790 -0.323926 -0.121919 0.062246 0.224544 0.360698 0.465573 0.533204 0.564907 0.554544 0.503993 0.421619 0.315102 0.190742 0.054182 -0.089140 -0.233824 -0.374441 -0.505498 -0.621378 -0.716168 -0.783213 -0.814198 -0.798657 -0.727338 -0.596977 -0.411956 -0.181632 0.084206 0.376588 0.686934 1.006480 1.326015 1.635954 1.926708 2.189238
-2.286992 -2.382751 -2.477556 -2.569851 -2.657712 -2.738941 -2.811377 -2.874300 -2.921432 -2.948152 -2.950247 -2.923601 -2.864253 -2.769656 -2.639850 -2.477259 -2.286064 -2.070949 -1.836455 -1.586842 -1.326145 -1.058285 -0.787173 -0.516790 -0.251255 0.005146 0.247953 0.472567 0.674302 0.848516 0.990707 1.094740 1.140081 1.141429 1.092590 1.006675 0.890303 0.748954 0.588057 0.413199 0.230220 0.045290 -0.135031 -0.303701 -0.453043 -0.574540 -0.658941 -0.697511 -0.684351 -0.616629 -0.494629 -0.322707 -0.107899 0.141632 0.417144 0.709210 1.007530 1.300957 1.577868 1.826886
-2.434636 -2.523658 -2.611918 -2.698045 -2.780245 -2.856496 -2.924694 -2.982313 -3.024596 -3.046410 -3.042849 -3.009351 -2.940980 -2.831607 -2.680665 -2.493470 -2.276104 -2.033900 -1.771444 -1.492825 -1.201857 -0.902257 -0.597788 -0.292385 0.009746 0.304065 0.585669 0.849306 1.089419 1.300069 1.474331 1.602840 1.674927 1.692611 1.657533 1.576574 1.456318 1.302489 1.120633 0.916563 0.696595 0.467695 0.237594 0.014866 -0.191103 -0.370417 -0.513460 -0.612133 -0.660703 -0.655573 -0.595266 -0.481181 -0.317682 -0.111444 0.129167 0.394352 0.672911 0.952299 1.218899 1.458703
