MFC+VTK/函数库及接口制作/重磁三维基本处理/张双喜的程序/经验模态分解_2D/三峡gra_ε=0.001局部异常（BIMF1～BIMF3）.grd
DSAA
196 196
305000.000000 695000.000000
3265000.000000 3655000.000000
-23.83080 26.89736
[rows 0 to 26 of 196, columns 0 to 60 of 196]
11.549875 11.520316 11.417818 11.263300 11.068935 10.932236 10.926679 10.900756 10.779269 10.563259 10.201929 9.695509 9.096434 8.481393 7.859624 7.231221 6.625550 5.863975 4.883697 3.590128 2.172054 0.947160 0.182218 -0.257102 -0.056825 0.582314 1.044650 1.330693 1.652692 2.117571 2.634423 3.142180 3.360388 3.331932 3.534454 4.132059 4.556849 4.731698 5.009091 5.494754 6.197275 7.032303 7.895106 8.553246 8.662244 8.327596 7.884321 7.428813 6.994535 6.666437 6.048214 5.166508 4.030523 3.050813 2.463229 1.773800 0.843166 -0.055811 -0.860837 -1.264578 -1.453602
10.851575 10.852621 10.820921 10.674884 10.453499 10.339377 10.462624 10.575324 10.569400 10.427631 10.061444 9.521986 8.885663 8.268666 7.656578 7.073282 6.512725 5.844524 4.963437 3.452105 1.404731 0.097169 -0.747380 -1.376816 -1.015021 -0.028178 0.519214 0.777463 1.062932 1.417543 1.819030 2.233794 2.281272 1.870067 1.982780 2.962302 3.515855 3.491162 3.750309 4.369350 5.321337 6.459227 7.533092 8.269678 8.437516 8.217614 7.880052 7.555197 7.246294 6.998578 6.699655 5.605210 4.145162 3.148759 2.852113 2.327938 1.141512 0.024908 -0.721216 -1.077627 -1.119502
10.107419 10.066480 10.170901 9.992045 9.770668 9.691312 9.906308 10.164191 10.321720 10.232021 9.817663 9.233516 8.588779 7.981067 7.377919 6.814134 6.252568 5.691039 5.007818 3.524627 1.224698 -0.185597 -1.261924 -2.278803 -1.979167 -0.872066 -0.213897 0.088279 0.324186 0.565719 0.812270 0.908236 0.533840 -0.353022 -0.412922 0.788662 1.606628 1.785432 2.080292 2.796340 4.070085 5.579253 6.872868 7.605486 7.766469 7.662116 7.477774 7.260522 7.038706 6.925950 6.910666 5.883567 3.931616 2.887589 3.063752 2.728069 1.209512 -0.140652 -0.919114 -1.113965 -0.907933
9.691096 9.640469 9.447613 9.185890 8.999999 8.978339 9.256158 9.670458 10.004641 9.917474 9.385157 8.716190 8.063761 7.458226 6.882788 6.318526 5.775994 5.261856 4.682387 3.457017 1.575354 0.073241 -1.200372 -2.508326 -2.556190 -1.720129 -1.045615 -0.668025 -0.419473 -0.226546 -0.155589 -0.394735 -1.131269 -2.319121 -2.583527 -1.450387 -0.505598 -0.109122 0.138740 0.793947 2.400563 4.318966 5.690786 6.449675 6.735286 6.805241 6.811393 6.760042 6.655175 6.684317 7.139982 6.579603 4.664708 3.330886 3.086247 2.445697 0.966242 -0.545411 -1.359883 -1.293405 -0.655854
9.065351 8.938309 8.685060 8.352229 8.106695 8.060450 8.373291 8.969912 9.548247 9.424696 8.753977 8.031364 7.381054 6.818658 6.299985 5.755677 5.213403 4.689954 4.067830 3.044828 1.665825 0.309126 -0.970627 -2.258519 -2.658187 -2.231224 -1.691274 -1.314578 -1.003393 -0.804892 -0.889663 -1.255335 -2.000311 -3.053819 -3.449121 -2.761392 -2.046912 -1.745658 -1.758364 -1.501364 0.169428 2.382429 3.889468 4.841415 5.399269 5.712161 5.954307 6.137950 6.291838 6.730383 7.764540 8.100770 6.163210 4.301373 3.245509 2.172597 0.724524 -0.826153 -1.821209 -1.619953 -0.289617
8.290481 8.052754 7.904226 7.417788 7.037105 6.868601 7.152386 7.918361 8.621124 8.520125 7.853816 7.134740 6.530853 6.072142 5.658000 5.124561 4.573980 4.128380 3.585325 2.762018 1.689060 0.435652 -0.999580 -2.471835 -2.913733 -2.594115 -2.208878 -1.911682 -1.573275 -1.365124 -1.468549 -1.674175 -2.155893 -2.847735 -3.285022 -3.183946 -2.884578 -2.830934 -3.090474 -3.192176 -1.894586 0.124243 1.790317 3.071937 3.907332 4.405022 4.828442 5.231185 5.679214 6.483333 7.766422 8.532515 6.888922 4.900141 3.400845 2.121194 0.765431 -0.736222 -2.106567 -2.095305 0.144581
7.729766 7.435678 7.094345 6.490411 5.934446 5.519283 5.649342 6.581552 7.349129 7.292684 6.720667 6.009604 5.469357 5.217167 5.081631 4.577788 3.970476 3.654031 3.221565 2.557622 1.711311 0.611841 -1.008071 -2.692609 -3.519284 -3.238645 -2.886775 -2.542726 -2.133616 -1.967946 -1.924908 -1.660644 -1.864647 -2.420144 -2.888964 -3.067132 -3.115812 -3.328611 -3.693341 -3.829010 -3.206849 -1.915919 -0.240363 1.416642 2.430313 2.921765 3.398412 3.929623 4.531209 5.361368 6.399900 6.960183 6.089947 4.620783 3.225987 2.102340 1.099152 0.006271 -1.189670 -1.284963 0.849279
7.298182 6.874366 6.301239 5.607124 4.916909 4.324999 4.331646 5.221266 6.034114 6.082603 5.501323 4.671885 4.133665 4.166455 4.628864 4.703064 3.939747 3.404089 2.917664 2.325953 1.673898 0.867751 -0.876158 -3.019135 -4.644796 -4.499129 -3.899791 -3.205159 -2.475185 -1.971156 -1.674799 -0.877545 -1.283377 -1.978707 -2.443005 -2.707847 -2.978707 -3.406683 -3.927412 -4.323959 -4.387605 -3.932006 -2.306935 -0.057152 1.046941 1.338712 1.788029 2.344132 2.943899 3.609785 4.241098 4.539947 4.303142 3.517878 2.568358 1.922670 1.571270 1.355346 1.109495 1.165756 1.930795
6.811378 6.262722 5.542643 4.777157 4.034778 3.435232 3.506513 4.325954 5.049782 5.128262 4.373880 3.127129 2.416106 2.702342 3.767768 4.880688 4.127811 3.202063 2.570121 1.975425 1.483895 0.636131 -1.089794 -3.284881 -5.119756 -5.430034 -4.813885 -3.825676 -2.701661 -1.210628 0.553576 0.696661 -0.843033 -1.766534 -2.125285 -2.289483 -2.616642 -3.197348 -3.938434 -4.667557 -5.333168 -5.869332 -4.481709 -1.619910 -0.509965 -0.291236 0.101762 0.605157 1.123051 1.577283 1.870640 1.966380 1.944990 1.708434 1.404319 1.400848 1.855873 2.760327 3.598232 3.448313 3.010651
6.301317 5.634766 4.828721 3.980449 3.214513 2.714320 2.945436 3.784871 4.387817 4.570421 3.584967 1.393178 0.320906 0.773439 1.899029 2.998411 3.047958 2.611630 2.081057 1.339727 1.065266 0.389655 -1.232913 -3.102034 -4.731767 -5.712669 -5.404181 -4.361828 -3.298999 -1.613157 0.495406 0.342412 -1.582445 -2.183763 -2.067524 -1.863670 -2.102398 -2.857317 -3.833708 -4.783958 -5.738616 -6.597258 -5.888443 -3.872164 -2.627678 -2.129580 -1.691767 -1.215512 -0.786557 -0.492507 -0.469263 -0.645463 -0.514347 -0.356208 -0.125775 0.427686 1.549255 3.376038 5.343414 4.784365 3.479936
5.899942 5.116636 4.178069 3.223501 2.428108 1.988064 2.306225 3.148193 3.392223 3.865820 3.132922 0.426420 -1.096119 -1.035506 -0.212777 0.698999 1.365023 1.717360 1.653117 0.811290 0.310033 -0.251917 -1.419770 -2.738347 -3.943496 -4.903704 -5.095816 -4.726511 -4.579556 -3.923899 -3.657502 -3.786361 -3.944492 -3.307262 -2.294027 -1.451630 -1.506594 -2.543486 -3.741151 -4.794223 -5.758774 -6.505193 -6.341495 -5.380894 -4.531632 -3.985604 -3.475498 -2.989000 -2.620180 -2.410949 -2.654924 -2.894946 -2.786854 -2.423659 -1.875035 -0.981205 0.459495 2.433120 4.127041 3.806175 2.890982
5.604978 4.739075 3.616361 2.561234 1.743147 1.370980 1.658397 2.285712 2.168923 2.537628 2.221491 0.107156 -1.456051 -1.906615 -1.510358 -0.828952 -0.122218 0.577487 1.277478 0.373856 -0.484654 -0.997720 -1.684643 -2.409644 -2.983528 -3.635837 -4.600817 -5.600973 -6.666280 -6.685970 -7.939163 -8.194605 -6.891546 -4.703595 -2.799081 -1.506092 -1.334025 -2.522569 -3.825665 -4.935208 -5.840709 -6.492377 -6.639765 -6.363503 -6.019574 -5.651497 -5.082607 -4.563024 -4.273727 -4.309588 -4.728118 -5.101882 -4.901918 -4.345356 -3.628966 -2.635920 -1.132205 0.670412 1.821333 1.615212 1.586238
5.368741 4.405195 3.197887 2.068586 1.235838 1.009914 1.244556 1.550878 1.496416 1.446415 1.106438 -0.123224 -1.396645 -2.043212 -2.042987 -1.736653 -1.461717 -1.316192 -0.845268 -1.152477 -1.542612 -1.776274 -2.074521 -2.329345 -2.433278 -2.865999 -4.416395 -6.199686 -7.655008 -8.266330 -9.555766 -9.851320 -8.123745 -5.173629 -3.490170 -2.658581 -2.172900 -2.929059 -4.164982 -5.238120 -6.036262 -6.582182 -6.878717 -7.026147 -7.075804 -6.825303 -6.270726 -5.767983 -5.551692 -5.750194 -6.435255 -7.182433 -6.862288 -5.816850 -5.010056 -4.185432 -2.618474 -0.669918 0.667458 0.931977 0.559488
5.271532 4.220203 2.976240 1.811494 0.995414 0.835317 0.987691 1.210384 1.414148 1.466604 0.887186 -0.307376 -1.441003 -2.139682 -2.381727 -2.388681 -2.540901 -3.290114 -3.867644 -3.313719 -2.786759 -2.583196 -2.587890 -2.625126 -2.704194 -3.184867 -4.604826 -6.210375 -7.551353 -8.502524 -9.339721 -9.392154 -7.841176 -5.638059 -5.512297 -5.170273 -3.178800 -3.475002 -4.679487 -5.659018 -6.249643 -6.633912 -6.981679 -7.386192 -7.722900 -7.527968 -6.991235 -6.498965 -6.240073 -6.416829 -7.265954 -8.683931 -7.898668 -6.047677 -5.359573 -5.301776 -3.089109 -0.703818 0.846425 1.406058 1.273193
5.342831 4.184424 2.880430 1.763763 1.066773 0.840714 0.829617 0.928416 1.226121 1.479855 0.754789 -0.621645 -1.687815 -2.376291 -2.720504 -2.907872 -3.214117 -4.190260 -4.922728 -4.442713 -3.727235 -3.286312 -3.089155 -3.084101 -3.372863 -4.040990 -4.842164 -5.937820 -7.123881 -8.122989 -8.774278 -8.700047 -7.710172 -6.766044 -7.334082 -6.729220 -4.904226 -5.032846 -5.023068 -6.171248 -6.363038 -6.521717 -6.800743 -7.325928 -7.824252 -7.740902 -7.286875 -6.756241 -6.305036 -6.113800 -6.435857 -7.088467 -5.906040 -3.940984 -3.360735 -3.382260 -1.469234 0.712388 2.112307 2.782882 3.030052
5.533063 4.273110 2.836201 1.670076 1.147823 0.931283 0.685963 0.508223 0.443859 0.374298 -0.249721 -1.291722 -2.145853 -2.781025 -3.175703 -3.533450 -3.930993 -4.598434 -5.043207 -4.868624 -4.339374 -3.861127 -3.499028 -3.399295 -3.646999 -4.211192 -4.584866 -5.425078 -6.484650 -7.515422 -8.217670 -8.379409 -8.075626 -7.739707 -7.490104 -6.216148 -5.530422 -5.183523 -4.583684 -6.143784 -6.030149 -6.371607 -6.342653 -6.992074 -7.632056 -7.614324 -7.272421 -6.668997 -5.898817 -5.038328 -4.184756 -3.222493 -1.405940 0.426840 0.835163 0.823996 1.878277 3.146738 3.954230 4.421457 4.637656
5.889051 4.577075 2.807661 1.219084 0.894389 0.991435 0.511922 0.022260 -0.563516 -1.233685 -1.731321 -2.150465 -2.684505 -3.313766 -3.946620 -4.426514 -4.761066 -5.067177 -5.245104 -5.103078 -4.718669 -4.259289 -3.801672 -3.542173 -3.496181 -3.573697 -3.811721 -4.736711 -5.827048 -6.851284 -7.739517 -8.206567 -8.292716 -8.038613 -7.156822 -5.423736 -3.659268 -2.325113 -3.441986 -5.217928 -5.436177 -6.306694 -6.020427 -6.770250 -7.357480 -7.353385 -7.119778 -6.442505 -5.358623 -3.756188 -1.634212 0.766388 3.427961 5.685416 5.421255 4.969857 5.112468 5.469691 5.688515 5.828963 5.767099
6.471922 5.284817 3.072504 0.475187 -0.078100 0.852144 0.289923 -0.339162 -1.105999 -2.031932 -2.611757 -2.707659 -3.005658 -3.686441 -4.737325 -5.290776 -5.406755 -5.492655 -5.477857 -5.303071 -4.932270 -4.488276 -3.965991 -3.543360 -3.241853 -3.070476 -3.231787 -4.075987 -5.155465 -6.254350 -7.347969 -8.067054 -8.489275 -8.411774 -7.225990 -4.598513 -2.137381 -1.390225 -2.456963 -4.056102 -5.093915 -5.795233 -5.774375 -6.363252 -6.806354 -7.125767 -6.922789 -6.224691 -5.091436 -2.931464 0.118041 3.254409 6.141617 8.804410 7.915109 7.213110 6.875563 6.889071 6.943393 6.927798 6.618940
7.218710 6.548878 4.322031 1.098413 -0.016279 0.389404 0.060046 -0.479890 -1.174947 -1.975752 -2.518508 -2.684680 -2.913751 -3.499457 -4.535482 -5.350428 -5.680058 -5.779067 -5.705107 -5.500099 -5.150283 -4.694398 -4.145705 -3.563652 -2.996516 -2.590442 -2.669355 -3.379752 -4.393078 -5.685932 -6.919890 -7.949501 -8.686449 -9.046054 -8.061296 -4.552844 -1.418395 -1.611225 -2.491174 -3.465003 -4.189456 -4.556138 -4.605354 -4.841155 -5.709996 -6.500922 -6.223064 -5.947996 -5.477173 -3.102503 0.318336 3.227998 5.565089 7.279871 7.427605 7.203344 7.205933 7.478047 7.775857 7.851956 7.435384
7.449689 7.107160 5.312152 2.323903 0.684979 0.221456 0.001702 -0.361264 -0.915644 -1.545916 -2.039142 -2.310970 -2.500566 -2.787341 -3.678009 -4.909710 -5.733313 -5.968216 -5.864498 -5.650556 -5.345716 -4.934950 -4.361363 -3.648629 -2.835423 -2.092303 -1.693574 -2.349784 -3.733046 -5.233884 -6.567811 -7.736388 -8.697535 -9.351229 -8.831748 -5.991299 -3.548030 -2.918103 -3.030393 -3.261811 -3.389829 -3.299538 -3.015947 -2.756020 -3.092407 -3.784996 -4.423772 -5.478297 -6.801289 -4.470702 -1.021974 1.302801 3.276468 4.776413 5.549111 6.024942 6.616218 7.462425 8.277113 8.726464 8.286854
6.842723 6.207226 4.921783 2.908889 1.393879 0.593563 0.333033 0.042707 -0.428245 -1.002141 -1.517251 -1.870536 -2.086167 -2.301251 -3.021689 -4.568303 -5.879320 -6.127648 -5.907126 -5.714341 -5.549655 -5.264877 -4.736787 -3.909992 -2.907249 -1.809583 -0.886537 -1.543468 -3.242755 -4.842934 -6.161530 -7.523212 -8.463692 -9.052464 -8.752994 -7.445915 -5.883734 -4.621651 -3.773126 -3.183130 -2.721167 -2.209061 -1.493177 -0.538939 0.338743 -0.697258 -2.749661 -5.092167 -7.798248 -6.701337 -3.832077 -1.442392 0.492842 1.984032 3.119363 4.121044 5.328088 6.879306 8.501907 9.638737 9.309853
6.000797 5.015466 4.077328 3.032818 2.014878 1.351325 1.028057 0.705357 0.221455 -0.409552 -1.026583 -1.502782 -1.859086 -2.242051 -2.986050 -4.613942 -6.024881 -6.102100 -5.754706 -5.679740 -5.750282 -5.707589 -5.370531 -4.511233 -3.350017 -2.085897 -1.148500 -1.701537 -3.223891 -4.743182 -5.988468 -7.253716 -8.112820 -8.686953 -8.848384 -8.714307 -7.914150 -6.067840 -4.356425 -3.082654 -2.145976 -1.341600 -0.401240 0.766585 1.651666 0.589573 -1.828677 -4.447275 -6.779892 -7.053228 -6.287649 -3.934304 -2.170143 -0.792481 0.456380 1.805218 3.510940 5.729645 8.517074 10.881656 10.718659
5.443262 4.722263 3.956789 3.188633 2.517170 2.093217 1.829523 1.545003 1.001480 0.204375 -0.587633 -1.213174 -1.733500 -2.305545 -3.151804 -4.543554 -5.636219 -5.603050 -5.300964 -5.525081 -5.971172 -6.242165 -6.103752 -5.308871 -4.130785 -2.908951 -2.113338 -2.535052 -3.700533 -4.927691 -5.984841 -7.039463 -7.805691 -8.329001 -8.746863 -9.130543 -8.695349 -6.675567 -4.419493 -2.709223 -1.526069 -0.648863 0.210654 1.084261 1.484178 0.574243 -1.323534 -3.490278 -5.356871 -6.270190 -6.491534 -5.207501 -4.389400 -3.170033 -2.107473 -0.722515 1.288374 3.858000 7.826542 12.494887 13.044990
5.025372 4.465838 3.874294 3.302040 2.840012 2.543884 2.499168 2.520953 1.926002 0.801997 -0.239668 -0.969795 -1.584534 -2.258420 -3.087342 -4.087236 -4.836452 -4.936370 -4.913704 -5.473616 -6.270875 -6.886023 -6.907449 -6.195110 -5.110873 -4.069684 -3.471048 -3.773119 -4.572450 -5.422339 -6.158679 -6.881233 -7.356876 -7.714935 -8.063884 -8.406959 -8.147082 -6.268623 -3.677102 -1.898480 -0.800820 -0.081995 0.512827 1.017984 1.188275 0.577886 -0.814068 -2.518858 -3.996769 -4.866844 -5.021304 -4.746581 -4.929033 -4.575544 -4.221091 -3.090281 -0.906810 1.223591 5.448890 11.962454 13.779590
4.573545 4.202370 3.752793 3.351085 3.034034 2.829049 2.996431 3.609194 2.914763 1.318300 0.015946 -0.735571 -1.385455 -2.080342 -2.845616 -3.645178 -4.291994 -4.643889 -5.006667 -5.791156 -6.756281 -7.616361 -7.757897 -7.137359 -6.179311 -5.308486 -4.952365 -5.214623 -5.701202 -6.131074 -6.428897 -6.664419 -6.728885 -6.747805 -6.753511 -6.689418 -6.131505 -4.230789 -1.844820 -0.575216 0.049305 0.408614 0.655853 0.816820 0.970954 0.775580 -0.275260 -1.681956 -2.807098 -3.442435 -3.466151 -3.602407 -4.341782 -4.742082 -4.866934 -4.086416 -2.323508 -0.729192 2.020111 7.083009 9.249003
4.063050 3.834689 3.548188 3.322880 3.167871 3.144200 3.553722 4.278718 3.502091 1.751016 0.385091 -0.414418 -1.106464 -1.810580 -2.532705 -3.246199 -3.912991 -4.553096 -5.231134 -6.296959 -7.446141 -8.303502 -8.469181 -8.042709 -7.237166 -6.351901 -6.219645 -6.635803 -6.901515 -6.834282 -6.640169 -6.334862 -6.003523 -5.550230 -5.046791 -4.362664 -2.996469 -0.744289 0.869473 1.010620 0.923496 0.833040 0.696503 0.445806 0.349047 0.418494 -0.107389 -1.068953 -1.879512 -2.392212 -2.571874 -2.936668 -3.631245 -4.135862 -4.390734 -3.995330 -2.944537 -2.006750 -0.794943 1.980908 3.950848
3.529386 3.386222 3.295720 3.215728 3.196897 3.297859 3.638209 3.872033 3.265902 2.022174 0.861131 -0.012008 -0.767080 -1.503105 -2.165196 -2.768525 -3.449313 -4.382684 -5.335060 -6.625725 -7.840426 -8.627167 -8.790848 -8.849510 -8.460475 -7.322039 -7.377892 -7.945508 -7.946286 -7.333139 -6.673192 -5.941986 -5.167336 -4.314369 -3.340713 -2.098175 -0.150800 2.213268 3.060201 2.228143 1.612183 1.180842 0.744507 0.122663 -0.453147 -0.342749 -0.215743 -0.624537 -1.167039 -1.626010 -2.018471 -2.511186 -2.946967 -3.255616 -3.593658 -3.537465 -3.038159 -2.486751 -1.862665 -0.512600 0.825868
