MFC+VTK/函数库及接口制作/重磁三维基本处理/张双喜的程序/经验模态分解_2D/三峡gra_ε=0.001区域异常（BIMF4～BIMF6）.grd
DSAA
196 196
305000.000000 695000.000000
3265000.000000 3655000.000000
-152.75156 -21.01980
[rows 50 to 74 of 196, columns 55 to 109 of 196]
-117.615185 -117.840900 -118.013887 -118.119670 -118.144277 -118.063542 -117.858952 -117.524078 -117.069796 -116.506460 -115.840781 -115.077532 -114.220820 -113.274651 -112.243178 -111.130842 -109.942474 -108.683369 -107.359345 -105.976784 -104.542650 -103.064454 -101.550154 -100.007983 -98.446224 -96.872930 -95.295592 -93.720708 -92.153407 -90.597449 -89.055469 -87.528646 -86.016985 -84.520073 -83.037698 -81.570125 -80.118244 -78.683663 -77.268565 -75.875418 -74.506729 -73.164938 -71.852418 -70.571534 -69.324718 -68.114503 -66.943504 -65.814333 -64.729463 -63.691079 -62.700947 -61.760324 -60.869887 -60.029708 -59.239248
-117.862823 -118.113578 -118.304983 -118.424201 -118.455648 -118.378911 -118.182826 -117.864734 -117.427252 -116.876675 -116.219423 -115.460892 -114.605723 -113.658267 -112.622901 -111.504210 -110.307110 -109.036938 -107.699529 -106.301288 -104.849256 -103.351143 -101.815291 -100.250547 -98.666024 -97.070824 -95.473730 -93.882730 -92.304188 -90.742129 -89.198404 -87.672471 -86.162692 -84.667541 -83.186194 -81.718694 -80.265931 -78.829555 -77.411808 -76.015267 -74.642598 -73.296384 -71.979082 -70.693068 -69.440734 -68.224580 -67.047245 -65.911452 -64.819848 -63.774792 -62.778166 -61.831232 -60.934574 -60.088082 -59.291011
-118.161007 -118.431662 -118.636667 -118.763069 -118.796692 -118.724100 -118.537058 -118.232421 -117.810147 -117.273247 -116.626474 -115.874948 -115.023578 -114.077065 -113.040065 -111.917362 -110.713986 -109.435317 -108.087172 -106.675899 -105.208485 -103.692661 -102.136979 -100.550783 -98.944018 -97.326883 -95.709542 -94.101939 -92.512974 -90.948188 -89.406461 -87.883927 -86.376861 -84.882696 -83.400231 -81.929564 -80.471900 -79.029303 -77.604429 -76.200240 -74.819735 -73.465751 -72.140876 -70.847479 -69.587830 -68.364252 -67.179244 -66.035500 -64.935772 -63.882588 -62.877945 -61.923095 -61.018467 -60.163721 -59.357878
-118.507170 -118.793989 -119.009071 -119.140333 -119.176339 -119.107758 -118.928144 -118.633930 -118.223964 -117.699407 -117.063356 -116.320058 -115.474224 -114.530682 -113.494310 -112.370085 -111.163171 -109.878995 -108.523341 -107.102449 -105.623143 -104.092995 -102.520515 -100.915316 -99.288111 -97.650363 -96.013698 -94.389871 -92.791435 -91.228941 -89.692589 -88.174637 -86.669756 -85.174724 -83.688239 -82.210668 -80.743720 -79.290088 -77.853097 -76.436362 -75.043468 -73.677711 -72.341955 -71.038628 -69.769843 -68.537598 -67.344018 -66.191511 -65.082741 -64.020334 -63.006403 -62.042167 -61.127850 -60.262834 -59.445927
-118.899450 -119.200115 -119.423556 -119.559311 -119.598313 -119.533443 -119.359475 -119.073001 -118.672438 -118.158019 -117.531695 -116.796796 -115.957542 -115.018634 -113.985022 -112.861818 -111.654294 -110.367926 -109.008464 -107.582024 -106.095219 -104.555337 -102.970600 -101.350511 -99.706245 -98.050738 -96.397914 -94.761417 -93.157901 -91.600446 -90.069595 -88.555065 -87.050274 -85.551514 -84.057540 -82.569077 -81.088368 -79.618783 -78.164441 -76.729821 -75.319374 -73.937156 -72.586579 -71.270325 -69.990430 -68.748501 -67.546031 -66.384739 -65.266789 -64.194643 -63.170474 -62.195478 -61.269646 -60.392101 -59.561593
-119.336373 -119.649627 -119.880831 -120.021213 -120.063459 -120.001833 -119.832026 -119.551066 -119.157369 -118.650794 -118.032659 -117.305613 -116.473360 -115.540334 -114.511409 -113.391732 -112.186632 -110.901610 -109.542385 -108.114963 -106.625762 -105.081776 -103.490833 -101.861988 -100.206200 -98.537350 -96.873113 -95.233467 -93.633757 -92.076704 -90.547874 -89.033565 -87.525392 -86.019285 -84.514119 -83.010877 -81.512188 -80.021973 -78.545121 -77.087093 -75.653460 -74.249412 -72.879322 -71.546490 -70.253131 -69.000558 -67.789488 -66.620482 -65.494462 -64.413026 -63.378089 -62.390896 -61.451356 -60.558524 -59.711561
-119.816358 -120.141454 -120.380210 -120.525300 -120.570729 -120.511791 -120.344945 -120.067740 -119.678834 -119.178072 -118.566527 -117.846479 -117.021263 -116.095034 -115.072516 -113.958795 -112.759186 -111.479179 -110.124453 -108.700929 -107.214887 -105.673117 -104.083149 -102.453599 -100.794767 -99.119823 -97.447204 -95.803087 -94.213067 -92.662536 -91.134121 -89.615622 -88.099623 -86.582285 -85.062440 -83.541033 -82.020773 -80.505879 -79.001833 -77.515045 -76.052378 -74.620539 -73.225405 -71.871468 -70.561598 -69.297138 -68.078153 -66.903736 -65.772596 -64.683970 -63.638385 -62.637160 -61.680853 -60.769256 -59.902785
-120.337220 -120.673474 -120.919549 -121.069260 -121.117643 -121.060842 -120.895997 -120.621190 -120.235456 -119.738855 -119.132517 -118.418639 -117.600385 -116.681719 -115.667202 -114.561800 -113.370746 -112.099474 -110.753606 -109.339007 -107.861882 -106.328933 -104.747579 -103.126276 -101.474942 -99.805480 -98.132727 -96.479965 -94.907049 -93.362032 -91.829718 -90.302399 -88.774542 -87.242646 -85.705328 -84.163209 -82.618754 -81.076148 -79.541159 -78.020929 -76.523596 -75.057665 -73.631135 -72.250511 -70.920079 -69.641771 -68.415422 -67.238822 -66.107705 -65.016636 -63.961829 -62.943863 -61.965905 -61.031696 -60.142902
-120.895812 -121.242362 -121.495369 -121.649490 -121.700557 -121.645422 -121.481835 -121.208402 -120.824623 -120.330947 -119.728795 -119.020516 -118.209295 -117.299015 -116.294098 -115.199364 -114.019916 -112.761087 -111.428430 -110.027767 -108.565290 -107.047711 -105.482477 -103.878074 -102.244460 -100.593901 -98.942803 -97.313995 -95.729686 -94.174114 -92.631254 -91.091489 -89.549047 -88.000392 -86.443846 -84.879556 -83.309501 -81.737500 -80.169224 -78.612155 -77.075413 -75.569305 -74.104445 -72.690393 -71.334098 -70.038957 -68.805080 -67.629536 -66.505017 -65.419389 -64.359653 -63.321362 -62.313656 -61.354581 -60.441008
-121.487799 -121.843533 -122.102976 -122.261280 -122.314829 -122.261029 -122.098155 -121.825340 -121.442648 -120.951087 -120.352555 -119.649733 -118.845966 -117.945138 -116.951565 -115.869907 -114.705109 -113.462372 -112.147168 -110.765288 -109.322941 -107.826902 -106.284728 -104.705066 -103.098116 -101.476226 -99.853978 -98.245605 -96.658210 -95.090211 -93.533146 -91.978456 -90.419917 -88.853544 -87.277208 -85.690510 -84.094800 -82.493285 -80.891160 -79.295760 -77.716640 -76.165464 -74.655482 -73.200246 -71.811275 -70.495249 -69.252958 -68.080847 -66.968106 -65.896234 -64.840497 -63.779445 -62.733319 -61.750358 -60.807403
-122.107576 -122.471118 -122.736495 -122.898906 -122.954916 -122.902301 -122.739762 -122.467020 -122.084876 -121.595082 -121.000157 -120.303218 -119.507830 -118.617912 -117.637678 -116.571623 -115.424515 -114.201413 -112.907696 -111.549124 -110.131922 -108.662924 -107.149746 -105.601022 -104.026565 -102.437175 -100.843417 -99.253189 -97.670115 -96.095352 -94.525960 -92.956623 -91.382075 -89.798296 -88.202799 -86.594663 -84.974586 -83.345035 -81.710461 -80.077597 -78.455776 -76.857202 -75.297009 -73.792755 -72.362513 -71.020236 -69.769269 -68.602549 -67.501406 -66.442628 -65.399414 -64.318993 -63.255284 -62.233325 -61.249980
-122.748316 -123.117945 -123.388823 -123.555619 -123.614405 -123.563022 -123.400530 -123.127508 -122.745765 -122.257956 -121.667298 -120.977354 -120.191887 -119.314815 -118.350229 -117.302446 -116.176056 -114.975972 -113.707473 -112.376264 -110.988545 -109.551101 -108.071391 -106.557561 -105.018227 -103.461814 -101.895415 -100.323831 -98.749778 -97.174655 -95.597934 -94.017080 -92.428583 -90.829118 -89.216250 -87.588754 -85.946802 -84.292149 -82.628402 -80.961405 -79.299734 -77.655282 -76.043818 -74.485440 -73.004611 -71.627853 -70.371484 -69.212121 -68.115591 -67.050737 -65.989772 -64.912884 -63.838209 -62.783084 -61.755672
-123.402234 -123.775649 -124.051487 -124.223457 -124.285960 -124.235952 -124.073257 -123.799920 -123.419003 -122.934138 -122.349225 -121.668176 -120.894840 -120.033049 -119.086732 -118.060021 -116.957333 -115.783434 -114.543487 -113.243094 -111.888329 -110.485747 -109.042336 -107.565322 -106.061754 -104.537877 -102.998543 -101.447079 -99.885669 -98.315619 -96.737252 -95.149666 -93.550970 -91.938917 -90.311568 -88.667758 -87.007402 -85.331745 -83.643657 -81.948055 -80.252501 -78.568038 -76.910183 -75.299947 -73.764968 -72.342448 -71.088675 -69.931594 -68.824915 -67.738707 -66.653758 -65.562882 -64.468925 -63.380946 -62.308321
-124.061106 -124.435111 -124.714617 -124.892697 -124.961018 -124.912338 -124.749512 -124.476523 -124.097712 -123.617716 -123.040983 -122.371565 -121.613216 -120.769591 -119.844427 -118.841673 -117.765579 -116.620760 -115.412230 -114.145413 -112.826124 -111.460490 -110.054785 -108.615137 -107.147127 -105.655394 -104.143452 -102.613799 -101.068184 -99.507751 -97.933072 -96.344041 -94.739877 -93.119384 -91.481368 -89.825067 -88.150488 -86.458705 -84.752165 -83.035103 -81.314182 -79.599481 -77.906012 -76.255868 -74.681185 -73.228069 -71.960707 -70.779977 -69.640266 -68.516704 -67.395612 -66.271543 -65.143442 -64.015156 -62.893658
-124.716905 -125.087405 -125.367651 -125.551054 -125.628151 -125.581206 -125.419843 -125.149015 -124.774752 -124.302757 -123.737685 -123.083413 -122.343446 -121.521217 -120.620268 -119.644377 -118.597631 -117.484474 -116.309723 -115.078536 -113.796347 -112.468717 -111.101117 -109.698642 -108.265719 -106.805919 -105.321940 -103.815739 -102.288704 -100.741781 -99.175545 -97.590212 -95.985640 -94.361436 -92.717185 -91.052741 -89.368538 -87.665870 -85.947213 -84.216630 -82.480410 -80.748127 -79.034585 -77.363231 -75.771774 -74.324841 -73.001676 -71.759922 -70.561810 -69.382873 -68.209544 -67.035218 -65.857449 -64.677574 -63.500298
-125.362221 -125.724802 -126.001425 -126.185159 -126.265827 -126.230456 -126.074444 -125.808795 -125.443171 -124.983730 -124.434742 -123.799712 -123.081883 -122.284490 -121.410906 -120.464746 -119.449925 -118.370687 -117.231594 -116.037466 -114.793273 -113.503966 -112.174259 -110.808411 -109.410034 -107.982018 -106.526556 -105.045242 -103.539183 -102.009114 -100.455498 -98.878605 -97.278587 -95.655565 -94.009779 -92.341778 -90.652654 -88.944288 -87.219665 -85.483296 -83.741883 -82.005407 -80.289141 -78.618095 -77.037162 -75.559663 -74.172165 -72.853344 -71.578522 -70.327122 -69.085372 -67.845347 -66.603512 -65.359956 -64.118071
-125.990396 -126.340954 -126.609656 -126.789919 -126.874123 -126.852663 -126.702426 -126.447595 -126.097060 -125.655884 -125.127933 -124.516527 -123.824766 -123.055741 -122.212681 -121.299035 -120.318528 -119.275165 -118.173204 -117.017076 -115.811265 -114.560145 -113.267803 -111.937877 -110.573448 -109.176996 -107.750421 -106.295098 -104.811946 -103.301518 -101.764112 -100.199901 -98.609072 -96.991987 -95.349337 -93.682310 -91.992760 -90.283417 -88.558166 -86.822472 -85.084077 -83.354106 -81.648658 -79.989604 -78.399169 -76.881037 -75.428164 -74.028856 -72.668478 -71.332398 -70.008757 -68.689589 -67.370833 -66.052044 -64.736163
-126.595723 -126.931323 -127.189300 -127.363036 -127.444743 -127.424799 -127.294238 -127.060655 -126.732394 -126.315235 -125.813299 -125.229936 -124.568192 -123.831061 -123.021630 -122.143173 -121.199191 -120.193414 -119.129761 -118.012257 -116.844920 -115.631628 -114.375983 -113.081199 -111.750035 -110.384757 -108.987138 -107.558469 -106.099591 -104.610950 -103.092691 -101.544804 -99.967330 -98.360606 -96.725508 -95.063675 -93.377681 -91.671187 -89.949168 -88.218248 -86.487174 -84.767276 -83.072228 -81.415707 -79.806368 -78.245353 -76.729023 -75.250970 -73.802946 -72.375797 -70.960973 -69.551979 -68.145304 -66.740841 -65.341980
-127.173508 -127.492566 -127.738358 -127.904195 -127.982899 -127.967837 -127.855627 -127.647039 -127.346348 -126.958342 -126.487099 -125.936020 -125.308127 -124.606315 -123.833518 -122.992802 -122.087412 -121.120766 -120.096424 -119.018010 -117.889124 -116.713236 -115.493591 -114.233133 -112.934450 -111.599735 -110.230766 -108.828881 -107.394973 -105.929495 -104.432517 -102.903851 -101.343269 -99.750832 -98.127269 -96.474340 -94.795083 -93.093944 -91.376857 -89.651323 -87.926389 -86.212191 -84.518592 -82.852891 -81.218058 -79.613656 -78.037028 -76.484194 -74.950425 -73.430529 -71.919381 -70.412940 -68.909432 -67.410321 -65.920645
-127.719940 -128.022252 -128.255994 -128.414916 -128.493148 -128.486188 -128.391594 -128.208371 -127.937759 -127.582535 -127.145899 -126.630918 -126.040439 -125.377186 -124.643883 -123.843341 -122.978502 -122.052445 -121.068357 -120.029478 -118.939036 -117.800174 -116.615878 -115.388927 -114.121840 -112.816841 -111.475814 -110.100258 -108.691247 -107.249390 -105.774826 -104.267283 -102.726249 -101.151314 -99.542669 -97.901677 -96.231325 -94.536385 -92.823289 -91.099819 -89.374591 -87.656123 -85.951512 -84.265155 -82.598326 -80.949753 -79.316306 -77.693946 -76.078806 -74.467740 -72.858369 -71.249485 -69.642229 -68.041286 -66.454931
-128.231922 -128.518615 -128.741862 -128.896176 -128.976797 -128.980111 -128.903632 -128.745767 -128.506168 -128.185827 -127.786640 -127.310892 -126.760959 -126.139221 -125.448085 -124.690028 -123.867635 -122.983609 -122.040751 -121.041932 -119.990043 -118.887952 -117.738451 -116.544219 -115.307772 -114.031425 -112.717238 -111.366958 -109.981952 -108.563132 -107.110888 -105.625055 -104.104963 -102.549672 -100.958474 -99.331651 -97.671278 -95.981639 -94.268976 -92.540766 -90.804919 -89.068915 -87.339075 -85.619910 -83.913471 -82.218782 -80.531729 -78.846109 -77.155912 -75.457498 -73.750051 -72.035390 -70.319135 -68.611477 -66.925669
-128.706810 -128.980075 -129.195234 -129.347588 -129.433083 -129.448425 -129.390993 -129.258813 -129.050688 -128.766365 -128.406486 -127.972326 -127.465519 -126.887884 -126.241353 -125.527965 -124.749875 -123.909360 -123.008813 -122.050730 -121.037683 -119.972288 -118.857174 -117.694947 -116.488151 -115.239221 -113.950425 -112.623807 -111.261098 -109.863629 -108.432212 -106.967024 -105.467502 -103.932354 -102.359828 -100.748442 -99.098156 -97.411482 -95.693598 -93.951293 -92.191937 -90.423101 -88.652493 -86.887113 -85.131651 -83.386786 -81.648005 -79.905841 -78.148800 -76.368703 -74.564190 -72.740892 -70.911996 -69.096229 -67.312849
-129.142148 -129.404841 -129.614659 -129.767615 -129.860125 -129.889052 -129.851684 -129.745756 -129.569526 -129.321904 -129.002508 -128.611600 -128.149926 -127.618562 -127.018809 -126.352140 -125.620185 -124.824732 -123.967724 -123.051256 -122.077567 -121.049017 -119.968069 -118.837254 -117.659138 -116.436272 -115.171139 -113.866080 -112.523217 -111.144347 -109.730808 -108.283314 -106.801728 -105.284814 -103.730080 -102.134017 -100.493219 -98.806453 -97.076402 -95.308962 -93.511364 -91.693030 -89.865438 -88.039752 -86.224157 -84.421900 -82.629642 -80.835927 -79.021707 -77.167614 -75.266746 -73.331660 -71.389591 -69.470248 -67.597521
-129.535532 -129.790793 -129.998041 -130.153958 -130.255361 -130.299271 -130.282938 -130.203891 -130.060000 -129.849571 -129.571421 -129.224907 -128.809870 -128.326541 -127.775462 -127.157417 -126.473412 -125.724660 -124.912590 -124.038848 -123.105295 -122.114000 -121.067222 -119.967389 -118.817055 -117.618856 -116.375453 -115.089460 -113.763358 -112.399390 -110.999426 -109.564784 -108.095961 -106.592242 -105.051138 -103.467796 -101.835054 -100.145488 -98.396048 -96.591133 -94.738779 -92.853763 -90.953891 -89.054824 -87.167471 -85.297217 -83.443178 -81.595842 -79.732048 -77.813502 -75.816127 -73.767825 -71.720166 -69.710921 -67.764059
-129.884677 -130.135596 -130.342882 -130.503874 -130.615808 -130.675910 -130.681463 -130.629869 -130.518714 -130.345846 -130.109453 -129.808114 -129.440818 -129.006932 -128.506160 -127.938504 -127.304243 -126.603924 -125.838378 -125.008720 -124.116365 -123.163023 -122.150687 -121.081617 -119.958295 -118.783384 -117.559664 -116.289953 -114.977024 -113.623488 -112.231661 -110.803387 -109.339779 -107.840840 -106.304804 -104.727023 -103.098338 -101.404302 -99.629871 -97.772970 -95.847713 -93.880671 -91.896805 -89.914271 -87.944657 -85.993945 -84.062742 -82.145380 -80.224770 -78.246179 -76.156062 -74.007037 -71.877792 -69.802193 -67.801588
