MFC+VTK/函数库及接口制作/重磁三维基本处理/张双喜的程序/经验模态分解_2D/三峡gra_ε=0.001_BIMF_A4.grd
DSAA
196 196
305000.000000 695000.000000
3265000.000000 3655000.000000
-151.46812 -22.10811
[rows 0 to 24 of 196, columns 55 to 109 of 196]
-99.677391 -99.040323 -98.394652 -97.739780 -97.075114 -96.400063 -95.714039 -95.016459 -94.306746 -93.584335 -92.848673 -92.099222 -91.335469 -90.556923 -89.763122 -88.953633 -88.128055 -87.286019 -86.427180 -85.551221 -84.657838 -83.746739 -82.817628 -81.870199 -80.904116 -79.919000 -78.914405 -77.889793 -76.844491 -75.777633 -74.688059 -73.574119 -72.433304 -71.264958 -70.069635 -68.846457 -67.596602 -66.319788 -65.017105 -63.688049 -62.334792 -60.957761 -59.555238 -58.133964 -56.698754 -55.253224 -53.801870 -52.348640 -50.897189 -49.451022 -48.013588 -46.588346 -45.178839 -43.788754 -42.422013
-100.012399 -99.380077 -98.738410 -98.086819 -97.424733 -96.751588 -96.066832 -95.369920 -94.660320 -93.937515 -93.201005 -92.450313 -91.684983 -90.904589 -90.108732 -89.297040 -88.469173 -87.624816 -86.763676 -85.885478 -84.989958 -84.076852 -83.145893 -82.196793 -81.229233 -80.242849 -79.237210 -78.211794 -77.165958 -76.098888 -75.009559 -73.896727 -72.759136 -71.596107 -70.407472 -69.193175 -67.953551 -66.688949 -65.399941 -64.087130 -62.751580 -61.394307 -60.016749 -58.622327 -57.214925 -55.798325 -54.376358 -52.952733 -51.531006 -50.114624 -48.706995 -47.311545 -45.931775 -44.571329 -43.234067
-100.347403 -99.719828 -99.082166 -98.433856 -97.774348 -97.103109 -96.419618 -95.723371 -95.013880 -94.290677 -93.553317 -92.801379 -92.034470 -91.252225 -90.454310 -89.640417 -88.810263 -87.963590 -87.100155 -86.219727 -85.322078 -84.406979 -83.474185 -82.523431 -81.554416 -80.566792 -79.560148 -78.533989 -77.487719 -76.420631 -75.331922 -74.220785 -73.086548 -71.928692 -70.746946 -69.541354 -68.312124 -67.059704 -65.784694 -64.487952 -63.170513 -61.833879 -60.480184 -59.111889 -57.732027 -56.343969 -54.951140 -53.556977 -52.164880 -50.778212 -49.400325 -48.034595 -46.684478 -45.353555 -44.045590
-100.682384 -100.059562 -99.425909 -98.780879 -98.123948 -97.454610 -96.772378 -96.076788 -95.367396 -94.643784 -93.905562 -93.152368 -92.383871 -91.599772 -90.799798 -89.983707 -89.151275 -88.302301 -87.436589 -86.553955 -85.654208 -84.737149 -83.802562 -82.850204 -81.879797 -80.891014 -79.883476 -78.856736 -77.810285 -76.743566 -75.656023 -74.547165 -73.416606 -72.264039 -71.089299 -69.892443 -68.673720 -67.433612 -66.172819 -64.892306 -63.593317 -62.277527 -60.946999 -59.603956 -58.250939 -56.890824 -55.526667 -54.161626 -52.798910 -51.441754 -50.093419 -48.757210 -47.436502 -46.134770 -44.855614
-101.017311 -100.399252 -99.769612 -99.127864 -98.473506 -97.806061 -97.125076 -96.430127 -95.720815 -94.996773 -94.257669 -93.503201 -92.733103 -91.947141 -91.145110 -90.326831 -89.492142 -88.640895 -87.772947 -86.888155 -85.986368 -85.067418 -84.131118 -83.177253 -82.205571 -81.215781 -80.207552 -79.180510 -78.134259 -77.068406 -75.982604 -74.876580 -73.750137 -72.603154 -71.435614 -70.247650 -69.039589 -67.811975 -66.565597 -65.301513 -64.021081 -62.725968 -61.418082 -60.099496 -58.772483 -57.439550 -56.103420 -54.766976 -53.433208 -52.105188 -50.786047 -49.478973 -48.187213 -46.914077 -45.662915
-101.352127 -100.738849 -100.113233 -99.474769 -98.822978 -98.157412 -97.477653 -96.783317 -96.074055 -95.349552 -94.609535 -93.853767 -93.082050 -92.294219 -91.490138 -90.669693 -89.832783 -88.979316 -88.109198 -87.222329 -86.318596 -85.397865 -84.459981 -83.504761 -82.531990 -81.541425 -80.532798 -79.505828 -78.460240 -77.395794 -76.312307 -75.209664 -74.087825 -72.946821 -71.786779 -70.607952 -69.410761 -68.195833 -66.964029 -65.716465 -64.454511 -63.179763 -61.893997 -60.599146 -59.297295 -57.990706 -56.681830 -55.373293 -54.067861 -52.768411 -51.477906 -50.199366 -48.935859 -47.690465 -46.466232
-101.686747 -101.078278 -100.456701 -99.821524 -99.172292 -98.508584 -97.830021 -97.136261 -96.427004 -95.701994 -94.961023 -94.203923 -93.430568 -92.640867 -91.834755 -91.012183 -90.173114 -89.317508 -88.445320 -87.556493 -86.650952 -85.728599 -84.789315 -83.832954 -82.859349 -81.868316 -80.859663 -79.833206 -78.788789 -77.726300 -76.645691 -75.546978 -74.430249 -73.295669 -72.143496 -70.974105 -69.788021 -68.585953 -67.368817 -66.137743 -64.894068 -63.639304 -62.375116 -61.103303 -59.825803 -58.544694 -57.262215 -55.980767 -54.702894 -53.431264 -52.168632 -50.917814 -49.681645 -48.462936 -47.264420
-102.021053 -101.417431 -100.799917 -100.168032 -99.521346 -98.859468 -98.182058 -97.488820 -96.779509 -96.053935 -95.311959 -94.553491 -93.778484 -92.986924 -92.178819 -91.354187 -90.513050 -89.655422 -88.781305 -87.890683 -86.983520 -86.059756 -85.119311 -84.162086 -83.187967 -82.196838 -81.188586 -80.163125 -79.120404 -78.060425 -76.983250 -75.889007 -74.777897 -73.650201 -72.506293 -71.346660 -70.171920 -68.982852 -67.780405 -66.565703 -65.340034 -64.104830 -62.861653 -61.612189 -60.358241 -59.101741 -57.844752 -56.589478 -55.338252 -54.093523 -52.857821 -51.633723 -50.423805 -49.230594 -48.056514
-102.354881 -101.756162 -101.142741 -100.514157 -99.870000 -99.209915 -98.533600 -97.840814 -97.131375 -96.405165 -95.662129 -94.902261 -94.125600 -93.332212 -92.522180 -91.695587 -90.852514 -89.993023 -89.117162 -88.224956 -87.316406 -86.391495 -85.450186 -84.492429 -83.518172 -82.527365 -81.519980 -80.496019 -79.455526 -78.398600 -77.325402 -76.236156 -75.131164 -74.010805 -72.875553 -71.725986 -70.562801 -69.386828 -68.199034 -67.000526 -65.792542 -64.576441 -63.353693 -62.125879 -60.894687 -59.661915 -58.429471 -57.199383 -55.973786 -54.754909 -53.545047 -52.346525 -51.161654 -49.992681 -48.841753
-102.688021 -102.094277 -101.484992 -100.859718 -100.218069 -99.559725 -98.884433 -98.192010 -97.482352 -96.755427 -96.011275 -95.249988 -94.471693 -93.676541 -92.864685 -92.036274 -91.191439 -90.330292 -89.452921 -88.559390 -87.649740 -86.723997 -85.782168 -84.824261 -83.850281 -82.860252 -81.854221 -80.832271 -79.794534 -78.741194 -77.672496 -76.588754 -75.490351 -74.377755 -73.251519 -72.112295 -70.960836 -69.798006 -68.624782 -67.442247 -66.251593 -65.054113 -63.851196 -62.644326 -61.435084 -60.225143 -59.016271 -57.810330 -56.609265 -55.415095 -54.229881 -53.055702 -51.894610 -50.748594 -49.619553
-103.020199 -102.431527 -101.826434 -101.204483 -100.565314 -99.908645 -99.234280 -98.542111 -97.832129 -97.104410 -96.359101 -95.596399 -94.816528 -94.019717 -93.206190 -92.376151 -91.529781 -90.667233 -89.788633 -88.894085 -87.983669 -87.057452 -86.115493 -85.157852 -84.184598 -83.195820 -82.191638 -81.172211 -80.137747 -79.088506 -78.024809 -76.947043 -75.855669 -74.751222 -73.634319 -72.505666 -71.366057 -70.216375 -69.057595 -67.890779 -66.717076 -65.537716 -64.354016 -63.167372 -61.979261 -60.791240 -59.604941 -58.422069 -57.244392 -56.073726 -54.911913 -53.760798 -52.622195 -51.497864 -50.389488
-103.351068 -102.767593 -102.166766 -101.548155 -100.911426 -100.256345 -99.582787 -98.890745 -98.180330 -97.451747 -96.705269 -95.941202 -95.159862 -94.361555 -93.546564 -92.715143 -91.867515 -91.003871 -90.124373 -89.229159 -88.318351 -87.392058 -86.450390 -85.493460 -84.521396 -83.534353 -82.532517 -81.516115 -80.485422 -79.440768 -78.382540 -77.311190 -76.227239 -75.131278 -74.023974 -72.906070 -71.778384 -70.641810 -69.497315 -68.345936 -67.188780 -66.027024 -64.861914 -63.694764 -62.526953 -61.359925 -60.195183 -59.034283 -57.878824 -56.730434 -55.590754 -54.461416 -53.344025 -52.240138 -51.151254
-103.680192 -103.102077 -102.505611 -101.890359 -101.256016 -100.602407 -99.929507 -99.237451 -98.526504 -97.797026 -97.049419 -96.284098 -95.501463 -94.701885 -93.885700 -93.053201 -92.204647 -91.340259 -90.460234 -89.564746 -88.653954 -87.728014 -86.787080 -85.831321 -84.860923 -83.876098 -82.877095 -81.864203 -80.837758 -79.798149 -78.745821 -77.681282 -76.605100 -75.517911 -74.420417 -73.313386 -72.197649 -71.074102 -69.943696 -68.807444 -67.666413 -66.521729 -65.374570 -64.226171 -63.077818 -61.930848 -60.786638 -59.646604 -58.512189 -57.384850 -56.266044 -55.157218 -54.059793 -52.975152 -51.904637
-104.007011 -103.434473 -102.842492 -102.230621 -101.598583 -100.946291 -100.273877 -99.581673 -98.870139 -98.139797 -97.391179 -96.624795 -95.841117 -95.040569 -94.223524 -93.390308 -92.541207 -91.676472 -90.796330 -89.900990 -88.990650 -88.065508 -87.125768 -86.171649 -85.203390 -84.221259 -83.225562 -82.216642 -81.194892 -80.160751 -79.114714 -78.057333 -76.989216 -75.911032 -74.823506 -73.727420 -72.623611 -71.512966 -70.396423 -69.274963 -68.149616 -67.021455 -65.891597 -64.761198 -63.631456 -62.503604 -61.378903 -60.258638 -59.144106 -58.036612 -56.937452 -55.847911 -54.769251 -53.702709 -52.649491
-104.330809 -103.764136 -103.176807 -102.568335 -101.938477 -101.287301 -100.615198 -99.922765 -99.210674 -98.479602 -97.730191 -96.963033 -96.178652 -95.377508 -94.560001 -93.726481 -92.877257 -92.012607 -91.132787 -90.238040 -89.328606 -88.404722 -87.466641 -86.514628 -85.548975 -84.570000 -83.578060 -82.573549 -81.556906 -80.528617 -79.489217 -78.439294 -77.379487 -76.310486 -75.233032 -74.147915 -73.055967 -71.958064 -70.855123 -69.748097 -68.637972 -67.525774 -66.412554 -65.299400 -64.187421 -63.077753 -61.971549 -60.869972 -59.774190 -58.685371 -57.604671 -56.533237 -55.472196 -54.422657 -53.385712
-104.650631 -104.090221 -103.507779 -102.902709 -102.274826 -101.624540 -100.952643 -100.260021 -99.547538 -98.815999 -98.066137 -97.298598 -96.513942 -95.712648 -94.895135 -94.061769 -93.212881 -92.348776 -91.469739 -90.576049 -89.667983 -88.745823 -87.809862 -86.860416 -85.897820 -84.922443 -83.934685 -82.934987 -81.923828 -80.901733 -79.869270 -78.827056 -77.775751 -76.716062 -75.648736 -74.574562 -73.494366 -72.409009 -71.319380 -70.226402 -69.131022 -68.034211 -66.936965 -65.840297 -64.745239 -63.652834 -62.564133 -61.480191 -60.402062 -59.330792 -58.267418 -57.212967 -56.168451 -55.134873 -54.113225
-104.965199 -104.411557 -103.834391 -103.232637 -102.606435 -101.956910 -101.285307 -100.592733 -99.880194 -99.148605 -98.398762 -97.631344 -96.846923 -96.045990 -95.228971 -94.396253 -93.548188 -92.685107 -91.807328 -90.915166 -90.008935 -89.088958 -88.155573 -87.209138 -86.250033 -85.278670 -84.295491 -83.300974 -82.295636 -81.280034 -80.254762 -79.220459 -78.177800 -77.127501 -76.070310 -75.007012 -73.938421 -72.865375 -71.788741 -70.709405 -69.628273 -68.546267 -67.464323 -66.383389 -65.304418 -64.228370 -63.156206 -62.088883 -61.027351 -59.972553 -58.925424 -57.886888 -56.857860 -55.839251 -54.831968
-105.272880 -104.726368 -104.155212 -103.556415 -102.931729 -102.283216 -101.612309 -100.920245 -100.208178 -99.477119 -98.727900 -97.961201 -97.177596 -96.377579 -95.561593 -94.730041 -93.883302 -93.021737 -92.145697 -91.255534 -90.351599 -89.434259 -88.503890 -87.560893 -86.605688 -85.638727 -84.660488 -83.671485 -82.672264 -81.663408 -80.645535 -79.619297 -78.585381 -77.544503 -76.497412 -75.444881 -74.387707 -73.326710 -72.262726 -71.196605 -70.129212 -69.061420 -67.994107 -66.928158 -65.864457 -64.803886 -63.747323 -62.695638 -61.649695 -60.610345 -59.578434 -58.554801 -57.540277 -56.535693 -55.541883
-105.572017 -105.031955 -104.467614 -103.871353 -103.249017 -102.602397 -101.932873 -101.241998 -100.531141 -99.801363 -99.053488 -98.288183 -97.506021 -96.707510 -95.893113 -95.063260 -94.218360 -93.358806 -92.484986 -91.597287 -90.696103 -89.781837 -88.854906 -87.915749 -86.964826 -86.002621 -85.029650 -84.046453 -83.053604 -82.051706 -81.041393 -80.023329 -78.998204 -77.966737 -76.929667 -75.887755 -74.841781 -73.792540 -72.740836 -71.687486 -70.633311 -69.579136 -68.525787 -67.474087 -66.424857 -65.378907 -64.337043 -63.300060 -62.268742 -61.243866 -60.226201 -59.216511 -58.215556 -57.224102 -56.242913
-105.861832 -105.325593 -104.764212 -104.174452 -103.557234 -102.913592 -102.246296 -101.557580 -100.848910 -100.121310 -99.375575 -98.612378 -97.832311 -97.035911 -96.223672 -95.396056 -94.553508 -93.696458 -92.825331 -91.940553 -91.042556 -90.131782 -89.208688 -88.273747 -87.327456 -86.370331 -85.402916 -84.425778 -83.439512 -82.444739 -81.442104 -80.432278 -79.415953 -78.393843 -77.366677 -76.335203 -75.300179 -74.262373 -73.222561 -72.181521 -71.140035 -70.098880 -69.058832 -68.020658 -66.985120 -65.952965 -64.924935 -63.901756 -62.884149 -61.872823 -60.868481 -59.871825 -58.883555 -57.904375 -56.934994
-106.142691 -105.609238 -105.051043 -104.466766 -103.855730 -103.215766 -102.552066 -101.866883 -101.161554 -100.437084 -99.694306 -98.933940 -98.156627 -97.362946 -96.553432 -95.728589 -94.888901 -94.034837 -93.166863 -92.285445 -91.391054 -90.484168 -89.565282 -88.634904 -87.693562 -86.741802 -85.780194 -84.809328 -83.829816 -82.842292 -81.847410 -80.845845 -79.838286 -78.825441 -77.808028 -76.786777 -75.762424 -74.735711 -73.707382 -72.678181 -71.648848 -70.620117 -69.592716 -68.567361 -67.544758 -66.525602 -65.510575 -64.500347 -63.495580 -62.496927 -61.505035 -60.520552 -59.544125 -58.576405 -57.618055
-106.415898 -105.885042 -105.329981 -104.749236 -104.142118 -103.508419 -102.850434 -102.170248 -101.469364 -100.748935 -100.009905 -99.253081 -98.479170 -97.688807 -96.882576 -96.061030 -95.224695 -94.374086 -93.509708 -92.632069 -91.741677 -90.839049 -89.924713 -88.999212 -88.063102 -87.116957 -86.161368 -85.196946 -84.224317 -83.244125 -82.257031 -81.263708 -80.264845 -79.261138 -78.253292 -77.242019 -76.228034 -75.212051 -74.194782 -73.176938 -72.159219 -71.142319 -70.126921 -69.113693 -68.103295 -67.096371 -66.093552 -65.095460 -64.102705 -63.115892 -62.135622 -61.162494 -60.197109 -59.240076 -58.292011
-106.682903 -106.154372 -105.602233 -105.024299 -104.421438 -103.793997 -103.142559 -102.468349 -101.772805 -101.057223 -100.322678 -99.570072 -98.800185 -98.013717 -97.211309 -96.393563 -95.561057 -94.714348 -93.853986 -92.980518 -92.094493 -91.196462 -90.286989 -89.366644 -88.436013 -87.495694 -86.546299 -85.588452 -84.622795 -83.649979 -82.670667 -81.685532 -80.695256 -79.700526 -78.702033 -77.700468 -76.696524 -75.690890 -74.684246 -73.677270 -72.670626 -71.664969 -70.660940 -69.659167 -68.660265 -67.664835 -66.673463 -65.686729 -64.705199 -63.729436 -62.760000 -61.797449 -60.842346 -59.895260 -58.956768
-106.945223 -106.418492 -105.868208 -105.293917 -104.696223 -104.075159 -103.430187 -102.762213 -102.072546 -101.362450 -100.633031 -99.885254 -99.119968 -98.337935 -97.539856 -96.726387 -95.898155 -95.055766 -94.199812 -93.330881 -92.449559 -91.556434 -90.652100 -89.737157 -88.812215 -87.877896 -86.934828 -85.983651 -85.025016 -84.059580 -83.088008 -82.110970 -81.129141 -80.143196 -79.153812 -78.161661 -77.167413 -76.171730 -75.175265 -74.178663 -73.182555 -72.187559 -71.194280 -70.203307 -69.215216 -68.230569 -67.249916 -66.273797 -65.302741 -64.337276 -63.377925 -62.425211 -61.479664 -60.541818 -59.612217
-107.204428 -106.679750 -106.131737 -105.560576 -104.968768 -104.353920 -103.714846 -103.053012 -102.369476 -101.665289 -100.941490 -100.199054 -99.438872 -98.661759 -97.868471 -97.059717 -96.236172 -95.398488 -94.547302 -93.683240 -92.806925 -91.918979 -91.020025 -90.110692 -89.191613 -88.263429 -87.326785 -86.382334 -85.430733 -84.472645 -83.508735 -82.539669 -81.566114 -80.588735 -79.608191 -78.625138 -77.640222 -76.654080 -75.667341 -74.680616 -73.694506 -72.709597 -71.726460 -70.745649 -69.767707 -68.793160 -67.822527 -66.856311 -65.895014 -64.939129 -63.989148 -63.045567 -62.108882 -61.179600 -60.258235
