MFC+VTK/函数库及接口制作/重磁三维基本处理/张双喜的程序/经验模态分解_2D/三峡gra_ε=0.001_BIMF_D3.grd
DSAA
196 196
305000.000000 695000.000000
3265000.000000 3655000.000000
-12.59084 12.68441
[rows 108 to 134 of 196, columns 122 to 182 of 196]
2.549951 1.880695 1.248989 0.673834 0.170549 -0.249052 -0.577052 -0.809957 -0.948978 -0.999778 -0.971683 -0.876397 -0.726319 -0.532916 -0.305690 -0.052057 0.222223 0.512942 0.817941 1.137404 1.472974 1.825589 2.192879 2.566020 2.925280 3.237917 3.457887 3.525570 3.338411 2.588693 1.597343 0.477019 -0.703009 -1.876906 -2.967535 -3.884253 -4.578624 -5.092678 -5.465948 -5.721891 -5.875180 -5.936800 -5.915975 -5.816330 -5.628129 -5.295160 -4.810357 -4.202922 -3.525600 -2.831184 -2.160743 -1.543535 -1.000106 -0.543956 -0.182482 0.081602 0.248249 0.318525 0.293844 0.175782 -0.033970
2.132578 1.438488 0.804831 0.247230 -0.223800 -0.601789 -0.883874 -1.070752 -1.166696 -1.179353 -1.119160 -0.998365 -0.829710 -0.625139 -0.394996 -0.147763 0.110247 0.375141 0.645491 0.922464 1.208719 1.505834 1.811092 2.114308 2.395652 2.624964 2.757789 2.726540 2.428020 1.762430 0.845535 -0.202450 -1.294276 -2.358526 -3.328397 -4.148382 -4.791288 -5.260572 -5.578862 -5.768893 -5.847370 -5.825432 -5.708880 -5.496193 -5.179438 -4.748450 -4.206836 -3.573379 -2.882863 -2.177952 -1.497813 -0.872246 -0.322427 0.139187 0.506515 0.777192 0.949912 1.023688 0.998045 0.873245 0.650311
1.604997 0.901078 0.278383 -0.250613 -0.679536 -1.006728 -1.234219 -1.367032 -1.412716 -1.380988 -1.283405 -1.132929 -0.943193 -0.727399 -0.497279 -0.262661 -0.030785 0.195398 0.416361 0.635700 0.857437 1.082829 1.307779 1.520916 1.702258 1.821598 1.835483 1.686764 1.319359 0.717531 -0.083164 -1.004207 -1.962188 -2.885031 -3.716617 -4.417780 -4.967957 -5.361088 -5.605386 -5.715653 -5.705978 -5.586424 -5.362166 -5.034510 -4.605042 -4.081005 -3.473923 -2.801503 -2.090814 -1.377493 -0.698532 -0.082597 0.452370 0.899553 1.256263 1.519723 1.686150 1.752191 1.715631 1.575463 1.331801
0.963757 0.272081 -0.320829 -0.805223 -1.178693 -1.444270 -1.608779 -1.681472 -1.672999 -1.594819 -1.459101 -1.279001 -1.068901 -0.843840 -0.617745 -0.402045 -0.206104 -0.031708 0.126034 0.274933 0.420136 0.561706 0.693803 0.804055 0.872816 0.872547 0.768978 0.527778 0.128562 -0.424927 -1.113331 -1.890915 -2.694667 -3.460596 -4.138946 -4.698349 -5.123885 -5.409274 -5.555199 -5.568053 -5.456716 -5.229585 -4.893595 -4.455600 -3.925125 -3.315889 -2.643858 -1.927577 -1.190845 -0.465440 0.209915 0.800829 1.302280 1.718426 2.052614 2.297971 2.447371 2.495711 2.439570 2.276834 2.006535
0.217710 -0.436734 -0.977175 -1.397418 -1.699614 -1.891822 -1.985723 -1.994574 -1.931668 -1.809578 -1.640259 -1.435918 -1.210437 -0.980512 -0.764193 -0.575496 -0.424365 -0.314724 -0.230432 -0.159243 -0.096823 -0.045124 -0.011366 -0.007840 -0.051709 -0.163765 -0.364790 -0.669225 -1.079533 -1.586825 -2.174441 -2.813899 -3.463677 -4.072449 -4.583533 -4.981488 -5.260052 -5.413593 -5.438685 -5.336004 -5.110181 -4.768593 -4.320656 -3.778128 -3.155585 -2.469985 -1.739513 -0.983324 -0.222990 0.514244 1.189620 1.742319 2.201171 2.577180 2.882429 3.100283 3.222849 3.244716 3.161715 2.970745 2.669752
-0.611909 -1.204034 -1.667682 -2.002575 -2.216848 -2.324368 -2.341825 -2.286030 -2.172133 -2.013012 -1.819668 -1.602359 -1.372523 -1.145956 -0.946486 -0.800170 -0.700904 -0.665116 -0.655317 -0.661155 -0.681179 -0.718716 -0.780984 -0.878440 -1.023618 -1.228855 -1.502826 -1.847182 -2.255702 -2.716421 -3.213243 -3.725463 -4.226944 -4.689426 -5.022080 -5.249956 -5.370476 -5.376791 -5.263748 -5.029896 -4.678432 -4.217206 -3.658160 -3.016568 -2.310074 -1.557595 -0.778512 0.007519 0.779659 1.513266 2.173304 2.696986 3.123719 3.467406 3.732821 3.912977 4.000177 3.988368 3.872767 3.649487 3.315455
-1.491770 -1.997789 -2.361029 -2.590167 -2.701317 -2.715317 -2.653823 -2.536251 -2.378423 -2.192614 -1.988437 -1.774193 -1.558517 -1.352753 -1.178564 -1.099243 -1.071117 -1.090461 -1.142982 -1.218847 -1.315397 -1.435057 -1.583437 -1.767786 -1.995228 -2.270573 -2.594121 -2.960382 -3.358489 -3.773797 -4.189522 -4.587719 -4.947551 -5.239125 -5.417108 -5.485879 -5.446970 -5.297514 -5.034339 -4.657374 -4.171489 -3.586845 -2.918098 -2.183014 -1.401015 -0.592050 0.223940 1.026885 1.795529 2.505388 3.127670 3.637766 4.043523 4.356551 4.582166 4.719890 4.765707 4.714757 4.562388 4.304319 3.936716
-2.376135 -2.774710 -3.017481 -3.123941 -3.121118 -3.037957 -2.900116 -2.727916 -2.536448 -2.336618 -2.136499 -1.942934 -1.763744 -1.611260 -1.506517 -1.473362 -1.499533 -1.571197 -1.678890 -1.815580 -1.978060 -2.166889 -2.385036 -2.636111 -2.922517 -3.243801 -3.595531 -3.968856 -4.350574 -4.723646 -5.068498 -5.364902 -5.592477 -5.729242 -5.758762 -5.675658 -5.479655 -5.170699 -4.749763 -4.221427 -3.595277 -2.885602 -2.110089 -1.288287 -0.440369 0.413595 1.253817 2.060515 2.813441 3.492121 4.078639 4.563095 4.943312 5.223820 5.409551 5.503213 5.504520 5.411079 5.219420 4.925573 4.525403
-3.199678 -3.481641 -3.589871 -3.562915 -3.443531 -3.267816 -3.062697 -2.847254 -2.634779 -2.434569 -2.253455 -2.097381 -1.973212 -1.890199 -1.858596 -1.883227 -1.961245 -2.083306 -2.241324 -2.429536 -2.644562 -2.885312 -3.152221 -3.445961 -3.765977 -4.109202 -4.469296 -4.836409 -5.196776 -5.531818 -5.818277 -6.030308 -6.145692 -6.150569 -6.040030 -5.810100 -5.458951 -4.988190 -4.404381 -3.719756 -2.951226 -2.118456 -1.242097 -0.342679 0.559892 1.446416 2.298276 3.097374 3.826519 4.470799 5.019667 5.467653 5.812107 6.054214 6.197599 6.245984 6.201490 6.064157 5.832263 5.502816 5.071945
-3.911104 -4.061835 -4.023499 -3.864187 -3.639120 -3.385764 -3.128782 -2.884683 -2.664820 -2.477237 -2.327936 -2.221820 -2.163229 -2.155480 -2.199153 -2.291109 -2.426981 -2.600338 -2.804747 -3.035125 -3.287886 -3.560791 -3.852635 -4.162741 -4.490081 -4.831858 -5.182009 -5.530683 -5.864448 -6.164827 -6.407115 -6.558834 -6.585628 -6.482842 -6.248793 -5.879786 -5.374255 -4.738217 -3.987548 -3.145356 -2.237375 -1.288522 -0.321465 0.643415 1.587516 2.493484 3.344940 4.126658 4.825332 5.430741 5.936486 6.339417 6.638520 6.834965 6.931920 6.933350 6.842569 6.661311 6.389484 6.025349 5.565784
-4.426381 -4.437521 -4.259454 -3.991519 -3.687625 -3.380513 -3.091379 -2.834620 -2.620434 -2.456284 -2.347645 -2.298152 -2.309098 -2.378438 -2.500219 -2.665778 -2.866204 -3.093518 -3.341240 -3.604474 -3.879490 -4.163558 -4.455145 -4.754363 -5.062577 -5.380354 -5.704184 -6.024129 -6.325621 -6.591770 -6.799641 -6.917019 -6.881761 -6.704859 -6.370792 -5.871863 -5.210003 -4.403348 -3.483942 -2.488469 -1.450770 -0.399039 0.643843 1.658894 2.629665 3.541358 4.380519 5.135291 5.796076 6.356189 6.812011 7.162522 7.408729 7.553207 7.599725 7.552539 7.415470 7.191133 6.880528 6.482999 5.996366
-4.582648 -4.500371 -4.251697 -3.926424 -3.581589 -3.248926 -2.948652 -2.694785 -2.497534 -2.364467 -2.300854 -2.309300 -2.388862 -2.534130 -2.735049 -2.978068 -3.248384 -3.532723 -3.821383 -4.108358 -4.389794 -4.663315 -4.928968 -5.190514 -5.454476 -5.727069 -6.009915 -6.294242 -6.558559 -6.789519 -6.962357 -7.041705 -7.000596 -6.797430 -6.389633 -5.765901 -4.940770 -3.958917 -2.875613 -1.740157 -0.590706 0.544464 1.644085 2.691410 3.672526 4.575439 5.389801 6.107112 6.721124 7.228140 7.627019 7.918923 8.106908 8.195282 8.188874 8.092361 7.909732 7.643862 7.296228 6.866802 6.354176
-4.396532 -4.259391 -3.999619 -3.671579 -3.325104 -2.994664 -2.702966 -2.465638 -2.294016 -2.196384 -2.178177 -2.241521 -2.384474 -2.600323 -2.877144 -3.197877 -3.541493 -3.886246 -4.214590 -4.516554 -4.788029 -5.028119 -5.242066 -5.441681 -5.640862 -5.850813 -6.077920 -6.320841 -6.547566 -6.744231 -6.891692 -6.966381 -6.935154 -6.733541 -6.279294 -5.525268 -4.527217 -3.375623 -2.147455 -0.897125 0.338211 1.532563 2.666980 3.726963 4.700945 5.579532 6.355319 7.023043 7.579783 8.024991 8.360263 8.589001 8.716043 8.747045 8.687655 8.542837 8.316504 8.011397 7.628933 7.169204 6.631223
-3.995649 -3.815750 -3.560238 -3.254973 -2.933773 -2.627593 -2.360491 -2.150277 -2.010075 -1.949297 -1.973780 -2.085541 -2.282526 -2.558283 -2.901258 -3.293577 -3.709933 -4.118678 -4.488126 -4.797362 -5.040995 -5.222313 -5.359640 -5.478660 -5.601417 -5.740784 -5.899640 -6.075602 -6.288368 -6.452662 -6.575673 -6.641954 -6.618310 -6.439963 -5.987906 -5.083198 -3.919410 -2.630134 -1.295509 0.034042 1.324360 2.551316 3.697415 4.749636 5.698120 6.535596 7.257354 7.861453 8.348809 8.722834 8.988602 9.151887 9.218595 9.194502 9.085050 8.895096 8.628339 8.287141 7.872378 7.383842 6.820731
-3.437306 -3.238952 -2.995101 -2.719953 -2.434965 -2.164654 -1.931691 -1.754855 -1.648753 -1.623777 -1.685889 -1.836861 -2.074821 -2.394417 -2.786108 -3.234260 -3.713902 -4.187039 -4.603392 -4.915872 -5.109354 -5.203673 -5.244805 -5.274939 -5.320639 -5.393910 -5.497188 -5.628966 -5.781973 -5.915991 -6.011905 -6.050653 -6.000722 -5.808358 -5.360709 -4.338194 -3.080924 -1.721677 -0.333065 1.035586 2.349091 3.582321 4.717347 5.741336 6.645257 7.423450 8.073840 8.598344 9.002811 9.295957 9.487460 9.585893 9.597034 9.524347 9.371088 9.141439 8.839110 8.465823 8.021372 7.505164 6.916693
-2.774550 -2.581858 -2.357806 -2.112727 -1.862944 -1.629037 -1.431719 -1.289234 -1.216665 -1.224219 -1.316807 -1.495379 -1.758259 -2.101453 -2.517843 -2.995358 -3.513640 -4.037579 -4.506258 -4.828497 -4.938734 -4.922613 -4.864311 -4.813179 -4.793017 -4.812378 -4.870593 -4.959902 -5.063553 -5.158031 -5.215740 -5.206290 -5.087276 -4.790320 -4.209513 -3.248736 -2.028790 -0.679197 0.710323 2.079723 3.387112 4.602709 5.705571 6.681383 7.521007 8.220141 8.779855 9.207220 9.514733 9.717945 9.832128 9.869463 9.834161 9.723857 9.536960 9.275507 8.944179 8.543259 8.071310 7.528024 6.913721
-2.063414 -1.893001 -1.694690 -1.476439 -1.253822 -1.047825 -0.879896 -0.767495 -0.724858 -0.759203 -0.872483 -1.064466 -1.333933 -1.678215 -2.091948 -2.565326 -3.081669 -3.613360 -4.110634 -4.456692 -4.448620 -4.333333 -4.200540 -4.090601 -4.022612 -4.002321 -4.025653 -4.080327 -4.147176 -4.202548 -4.214975 -4.144927 -3.941948 -3.544177 -2.894637 -1.980628 -0.840213 0.445077 1.790959 3.128611 4.405934 5.584515 6.637077 7.545724 8.300431 8.898731 9.346544 9.658722 9.856559 9.963489 10.000694 9.983349 9.912991 9.779378 9.574326 9.292925 8.940836 8.515652 8.017508 7.447319 6.807125
-1.356896 -1.216908 -1.046106 -0.849980 -0.643583 -0.450568 -0.298703 -0.208593 -0.189675 -0.241275 -0.361484 -0.549819 -0.806060 -1.128477 -1.512196 -1.947372 -2.416317 -2.887705 -3.304809 -3.570706 -3.559963 -3.424857 -3.261420 -3.119678 -3.022700 -2.976963 -2.977154 -3.008917 -3.050995 -3.076092 -3.049429 -2.928592 -2.666252 -2.218465 -1.559478 -0.690959 0.367806 1.569245 2.846991 4.132303 5.364222 6.493149 7.481681 8.305470 8.953221 9.426276 9.739623 9.920438 10.000547 10.010376 9.979218 9.914884 9.815763 9.673634 9.472208 9.193713 8.828093 8.378071 7.854647 7.257467 6.592615
-0.698324 -0.589563 -0.444785 -0.266825 -0.067747 0.129200 0.286146 0.361507 0.367268 0.314838 0.206630 0.041420 -0.181555 -0.460452 -0.789231 -1.155644 -1.538058 -1.900973 -2.192230 -2.352576 -2.350925 -2.235560 -2.076140 -1.926235 -1.816375 -1.757741 -1.746767 -1.768837 -1.800975 -1.813281 -1.769847 -1.630722 -1.356812 -0.917439 -0.296677 0.506656 1.481012 2.595943 3.799846 5.027163 6.209506 7.284642 8.201328 8.924169 9.440680 9.760907 9.918363 9.957818 9.921205 9.842398 9.745378 9.639231 9.522652 9.386076 9.209052 8.959768 8.602421 8.124809 7.576286 6.951132 6.266070
-0.116536 -0.035505 0.086100 0.248151 0.442280 0.650784 0.837767 0.906729 0.923125 0.895836 0.822565 0.700598 0.529526 0.312670 0.058456 -0.217925 -0.492770 -0.733717 -0.904847 -0.979857 -0.955907 -0.849826 -0.700844 -0.552691 -0.438523 -0.375131 -0.363062 -0.389296 -0.430563 -0.456363 -0.431889 -0.321366 -0.092068 0.282068 0.818741 1.526892 2.403947 3.430186 4.563166 5.738199 6.877119 7.901964 8.744916 9.352731 9.710473 9.848558 9.837393 9.737706 9.594180 9.437529 9.286271 9.148201 9.021906 8.897635 8.755586 8.560210 8.252013 7.761509 7.169549 6.518111 5.825165
0.374516 0.431204 0.532605 0.681257 0.869709 1.077207 1.265709 1.391572 1.464040 1.492055 1.476565 1.416455 1.312926 1.171496 1.002995 0.824127 0.657020 0.526407 0.453555 0.449269 0.512067 0.631871 0.785283 0.939192 1.061220 1.129342 1.137034 1.093576 1.020779 0.948374 0.909642 0.937836 1.064300 1.317964 1.724485 2.303319 3.062303 3.990944 5.053422 6.184261 7.291408 8.272239 9.038431 9.519532 9.686799 9.623907 9.454175 9.235007 9.005011 8.788645 8.599384 8.441860 8.312657 8.200604 8.086534 7.940554 7.703511 7.199528 6.599115 5.951446 5.272813
0.771379 0.805205 0.889028 1.028136 1.215949 1.432089 1.647327 1.837115 1.987336 2.094250 2.156571 2.174001 2.149291 2.089859 2.008010 1.920192 1.845226 1.801365 1.802651 1.856291 1.962374 2.113559 2.292478 2.471286 2.616969 2.700587 2.706343 2.636414 2.509287 2.353681 2.202982 2.091916 2.056974 2.136914 2.369781 2.786656 3.404501 4.219426 5.200570 6.283989 7.366578 8.308010 8.969558 9.307591 9.253865 9.031308 8.742219 8.438599 8.151430 7.899337 7.691421 7.528607 7.404095 7.303020 7.200563 7.056310 6.807037 6.389100 5.853676 5.252707 4.615007
1.080609 1.091272 1.159657 1.297730 1.499700 1.744655 2.007095 2.264735 2.498329 2.695239 2.848204 2.953928 3.013951 3.035718 3.031700 3.017346 3.009228 3.023585 3.074403 3.171296 3.317710 3.508974 3.730250 3.955112 4.147338 4.267713 4.285152 4.187937 3.987640 3.712331 3.398282 3.088318 2.833906 2.691784 2.715471 2.945953 3.404280 4.086504 4.961137 5.966601 7.002532 7.903953 8.384269 8.487517 8.332052 8.038464 7.693825 7.351508 7.042152 6.782044 6.577125 6.424605 6.313395 6.223653 6.125598 5.979708 5.745231 5.401793 4.954803 4.431630 3.859941
1.321743 1.307642 1.360642 1.512790 1.748505 2.039450 2.359052 2.685433 2.999878 3.286857 3.534036 3.732261 3.877355 3.972887 4.029895 4.063230 4.090616 4.132331 4.207888 4.331798 4.510798 4.742336 5.013272 5.298117 5.557801 5.741854 5.797442 5.686629 5.403860 4.975757 4.443929 3.872217 3.343766 2.942404 2.736512 2.771115 3.062354 3.596131 4.330814 5.198537 6.097567 6.859648 7.153154 7.152130 6.962366 6.663378 6.322310 5.989123 5.695416 5.457375 5.278972 5.154075 5.067693 4.996865 4.912374 4.783402 4.585912 4.308408 3.947193 3.512173 3.021672
1.525448 1.490709 1.525886 1.711186 1.994495 2.337808 2.714197 3.103602 3.489468 3.856970 4.191803 4.479124 4.704919 4.862202 4.957301 5.005822 5.033226 5.071247 5.148346 5.283436 5.484528 5.749443 6.066021 6.410736 6.745701 7.014773 7.143902 7.054479 6.697761 6.088835 5.279670 4.383517 3.538438 2.861139 2.427802 2.277044 2.406973 2.782357 3.344073 4.010846 4.671602 5.180771 5.406284 5.392022 5.219335 4.957751 4.663724 4.381182 4.139805 3.954679 3.827731 3.749996 3.704059 3.666765 3.612851 3.519665 3.371115 3.157794 2.875242 2.526183 2.120893
1.720691 1.689106 1.736928 1.943541 2.268038 2.656366 3.080361 3.520455 3.961382 4.390268 4.794263 5.156897 5.454590 5.660690 5.765750 5.790547 5.781665 5.788974 5.848793 5.981133 6.192381 6.478445 6.826554 7.214803 7.610749 7.963336 8.192846 8.181292 7.794172 6.974215 5.825945 4.561440 3.385257 2.443707 1.813122 1.508882 1.493919 1.705460 2.069256 2.501109 2.907918 3.203422 3.341983 3.324053 3.189857 2.990468 2.772483 2.572834 2.416121 2.313398 2.263034 2.253315 2.265819 2.279059 2.272215 2.228229 2.135081 1.985188 1.774925 1.505079 1.181597
1.922842 1.920512 2.018361 2.246363 2.588427 3.004897 3.461870 3.935477 4.409386 4.871977 5.313347 5.720927 6.070999 6.316097 6.397220 6.356556 6.283808 6.243700 6.273152 6.389997 6.597822 6.888861 7.247283 7.650412 8.070555 8.468977 8.782713 8.893049 8.581039 7.493264 5.978379 4.366566 2.892086 1.723385 0.956766 0.545105 0.402870 0.447876 0.604498 0.801399 0.976296 1.087748 1.121108 1.076913 0.973902 0.842934 0.717252 0.623826 0.578318 0.583875 0.632965 0.710715 0.798412 0.876842 0.929087 0.942140 0.907100 0.818650 0.674669 0.476144 0.227428
