MFC+VTK/函数库及接口制作/重磁三维基本处理/张双喜的程序/经验模态分解_2D/三峡gra_ε=0.001_BIMF_D1.grd
DSAA
196 196
305000.000000 695000.000000
3265000.000000 3655000.000000
-10.76823 10.95858
[rows 108 to 134 of 196, columns 0 to 60 of 196]
1.402273 1.634859 1.772899 1.784132 1.777699 1.712997 1.645429 1.507616 1.270821 1.051947 0.714264 0.277085 -0.020178 -0.307709 -0.673182 -1.052678 -1.395384 -1.558986 -1.411980 -1.161563 -0.955065 -0.852497 -0.860696 -1.034909 -1.097402 -0.625603 -0.087602 0.308951 0.584127 0.768852 0.807450 0.785206 0.795252 0.569091 0.364159 0.250689 0.159218 0.107284 -0.073822 -0.301382 -0.004816 0.374425 0.395833 0.313992 0.123384 -0.122216 -0.465974 -0.816297 -1.226103 -1.313283 -0.808783 0.204206 1.509870 2.839751 3.922903 4.572949 4.586410 4.005109 3.149942 3.180060 4.576172
1.201807 1.465971 1.669525 1.703701 1.703403 1.738631 1.725310 1.499395 1.218657 0.976023 0.665019 0.304044 -0.011947 -0.285782 -0.636045 -1.071055 -1.629360 -1.865834 -1.432286 -1.053972 -0.780223 -0.599556 -0.503481 -0.489487 -0.447282 -0.244551 0.024291 0.294735 0.511650 0.671127 0.778753 0.804992 0.841558 0.732022 0.542116 0.339492 0.285994 0.210685 0.116966 -0.158469 0.104276 0.474054 0.493070 0.376511 0.135085 -0.025111 -0.419813 -1.048241 -1.608054 -1.935303 -1.425607 -0.019632 1.576707 2.844565 3.685073 4.202866 4.566014 4.614899 3.872760 3.651719 5.004062
0.977882 1.244790 1.446983 1.559828 1.706927 1.813427 1.741207 1.539920 1.283911 0.992438 0.658264 0.330834 0.054649 -0.158168 -0.406363 -0.746467 -1.216172 -1.422232 -1.080876 -0.741845 -0.468150 -0.222542 -0.007247 0.168603 0.256048 0.205771 0.193354 0.298745 0.444539 0.589209 0.746425 0.831150 0.853545 0.720290 0.552453 0.395217 0.189473 0.106234 0.163416 0.136930 0.256296 0.606743 0.632568 0.579904 0.366591 0.085671 -0.438388 -1.144700 -1.884480 -2.545231 -2.202367 -0.055373 1.944565 2.706296 2.906439 3.143706 3.539183 3.728454 3.009487 2.519681 3.184408
0.759836 1.011622 1.201015 1.393947 1.664839 1.842938 1.770899 1.604170 1.359118 1.025218 0.666595 0.354689 0.136102 0.030748 -0.016577 -0.071363 -0.250570 -0.405918 -0.377743 -0.273363 -0.093088 0.180370 0.496878 0.695278 0.663351 0.483168 0.338593 0.316603 0.413348 0.556456 0.730119 0.884657 0.931336 0.739742 0.505395 0.299954 0.142741 0.123185 0.112205 0.094329 0.381648 0.685519 0.761261 0.780687 0.620607 0.287701 -0.295493 -1.030553 -1.904114 -2.711337 -2.822101 0.368038 2.783180 2.321995 1.530262 1.462474 1.611620 1.337676 0.567721 0.221440 0.707503
0.545727 0.776377 0.961506 1.187965 1.501261 1.754367 1.798394 1.655022 1.366461 0.994773 0.627596 0.340211 0.186403 0.213188 0.411380 0.726930 0.915529 0.759967 0.421379 0.213692 0.247234 0.519502 0.955732 1.226707 1.014608 0.596911 0.345410 0.292423 0.339915 0.478133 0.665657 0.844951 0.900122 0.645448 0.337283 0.128951 0.014317 0.001531 0.098776 0.258372 0.525565 0.786842 0.909209 1.028699 0.921865 0.559709 -0.046729 -0.808730 -1.572527 -2.131974 -1.647487 0.751079 3.711454 0.902053 -0.660125 -0.567090 -0.381482 -1.081790 -2.332899 -2.668685 -2.021308
0.351681 0.535683 0.662947 0.877706 1.251103 1.630097 1.814817 1.675388 1.313507 0.890406 0.508961 0.240527 0.141242 0.284202 0.700687 1.420543 2.098142 1.877299 1.041523 0.511025 0.397342 0.636467 1.185388 1.659328 1.251810 0.496255 0.185314 0.157469 0.208293 0.342894 0.527326 0.682638 0.718490 0.430016 0.090698 -0.093415 -0.133638 -0.045364 0.156822 0.400450 0.627199 0.851944 1.013630 1.247580 1.243154 0.778681 0.152254 -0.511526 -1.154472 -1.573928 -1.256973 -0.175059 0.163603 -2.047723 -3.601165 -2.360761 -1.721176 -2.819918 -5.083037 -5.499676 -4.360141
0.205652 0.295834 0.380008 0.559530 0.981284 1.544224 1.845568 1.629497 1.147877 0.672002 0.282969 0.020000 -0.060179 0.131377 0.657019 1.601026 2.582283 2.294581 1.107470 0.423883 0.240886 0.390019 0.792524 1.071929 0.568225 -0.037653 -0.145587 -0.064697 0.033167 0.170039 0.336184 0.418230 0.349534 0.041444 -0.279105 -0.358437 -0.262012 -0.042504 0.241958 0.540952 0.779008 0.909166 0.950147 1.238579 1.339965 0.781530 0.237972 -0.216749 -0.713388 -1.200315 -1.273040 -1.320228 -2.073352 -3.810951 -4.613309 -2.933158 -1.750700 -2.833714 -5.448313 -5.941469 -4.953649
0.033809 0.079308 0.117155 0.211992 0.613612 1.316535 1.737980 1.414449 0.814258 0.331444 -0.045641 -0.319093 -0.430079 -0.288872 0.180935 0.977298 1.764356 1.367070 0.348527 -0.103822 -0.202962 -0.151548 -0.101732 -0.388477 -0.874124 -0.874549 -0.572378 -0.311691 -0.134015 0.005402 0.129807 0.118571 -0.038099 -0.409299 -0.781209 -0.688708 -0.447636 -0.139480 0.225509 0.626051 1.005366 1.004912 0.568636 0.297237 0.332042 0.238645 0.140460 0.092702 -0.176914 -0.671970 -1.111275 -1.949319 -3.000969 -3.926870 -3.809134 -2.246229 -0.768885 -1.271358 -3.075743 -3.057248 -2.388431
-0.163069 -0.121251 -0.128052 -0.084387 0.156753 0.675496 1.065436 0.751212 0.248755 -0.122380 -0.456732 -0.757475 -0.938861 -0.910774 -0.626582 -0.179540 0.066763 -0.372978 -0.876192 -0.841126 -0.769298 -0.757622 -0.901111 -1.400835 -1.778940 -1.419370 -0.871616 -0.468712 -0.221335 -0.084736 -0.006472 -0.059957 -0.225789 -0.620628 -1.043160 -0.927768 -0.652601 -0.316554 0.065008 0.473944 0.961261 1.002929 0.145735 -0.781768 -0.920259 -0.540393 -0.079651 0.392081 0.380681 -0.211289 -1.071123 -2.342901 -3.397246 -3.597298 -2.854597 -1.418859 -0.099599 0.089571 -0.171969 0.942050 3.046538
-0.334343 -0.297081 -0.359420 -0.408184 -0.426280 -0.493662 -0.524396 -0.463853 -0.450574 -0.587487 -0.872226 -1.237981 -1.534660 -1.630483 -1.530697 -1.342681 -1.224302 -1.524999 -1.714727 -1.403315 -1.247739 -1.252286 -1.394562 -1.647755 -1.742838 -1.417752 -0.887393 -0.425629 -0.167138 -0.057154 -0.023711 -0.048507 -0.162722 -0.482035 -0.894271 -0.983214 -0.812151 -0.479487 -0.149577 -0.014824 0.227417 0.572940 0.088842 -0.919181 -1.498158 -1.080542 -0.299363 0.544364 0.741055 0.095972 -1.106692 -2.714149 -3.935673 -3.446271 -2.241015 -0.901621 0.091982 0.661770 1.490766 3.253177 6.043169
-0.510117 -0.445895 -0.492866 -0.614284 -0.837015 -1.456168 -1.938651 -1.474126 -0.955283 -0.897682 -1.178468 -1.683369 -2.173371 -2.340594 -2.326744 -2.357538 -1.978277 -1.869617 -1.805301 -1.652672 -1.544452 -1.575876 -1.689126 -1.756625 -1.660926 -1.308696 -0.717510 -0.182938 0.059894 0.082445 0.038196 0.030565 0.083042 -0.089625 -0.638603 -1.006634 -0.951505 -0.595590 -0.270362 -0.512985 -0.756444 0.232757 0.570317 -0.352534 -1.265324 -1.300387 -0.446585 0.703387 1.175015 0.519296 -0.863539 -2.588698 -3.920087 -3.161977 -1.899294 -0.732634 -0.094219 0.462559 1.580885 2.686791 3.643556
-0.666412 -0.526019 -0.469176 -0.540842 -0.760925 -1.323977 -1.744756 -1.411043 -0.933460 -0.880706 -1.245021 -1.972598 -2.839274 -2.898932 -2.667868 -2.538907 -2.135912 -1.865878 -1.740935 -1.668648 -1.670828 -1.763085 -1.901518 -1.993573 -1.876305 -1.329804 -0.461976 0.228095 0.449171 0.307309 0.113014 0.101953 0.393381 0.519375 -0.219852 -0.909514 -1.014495 -0.586407 -0.243987 -0.517899 -1.015845 0.434322 1.247757 0.143095 -1.071410 -1.424087 -0.487822 1.149097 1.992184 1.171991 -0.329316 -1.809784 -2.773030 -2.589864 -1.868584 -1.158148 -0.970549 -0.643964 0.267035 0.074749 -1.985514
-0.775183 -0.527489 -0.328140 -0.233496 -0.242589 -0.445088 -0.627091 -0.538322 -0.372874 -0.472996 -0.947111 -1.823527 -2.884521 -2.867759 -2.469798 -2.156904 -1.831867 -1.611911 -1.515521 -1.527953 -1.638217 -1.832410 -2.044729 -2.226759 -2.175127 -1.410622 -0.143077 0.819869 0.951360 0.513076 0.070320 -0.034792 0.393142 0.831376 0.088685 -0.555033 -0.682752 -0.384330 -0.137045 -0.151996 -0.046460 0.693091 1.010170 0.186270 -0.973647 -1.467805 -0.603760 1.406201 2.599529 1.582210 0.150540 -1.009545 -1.817608 -2.152781 -2.144725 -2.092652 -2.230184 -1.968750 -1.122235 -1.897220 -5.127070
-0.946498 -0.505202 -0.151029 0.181391 0.459820 0.544088 0.571743 0.571152 0.491507 0.248404 -0.277834 -1.128913 -2.020874 -2.203259 -1.913664 -1.584335 -1.316451 -1.155694 -1.120478 -1.204893 -1.430011 -1.763862 -2.065301 -2.268313 -2.137369 -1.332657 0.028712 1.244046 1.322678 0.586381 -0.202170 -0.464045 -0.054117 0.315862 0.179775 -0.084191 -0.138390 0.004718 0.191440 0.375559 0.666752 0.974286 0.857582 0.095133 -0.999340 -1.681795 -1.086394 0.625264 1.709618 1.241484 0.330298 -0.476615 -1.185323 -1.957119 -2.523155 -2.860204 -2.930411 -2.369967 -1.284740 -1.562057 -3.292776
-1.086747 -0.530064 -0.047842 0.512086 1.055054 1.327556 1.590236 1.641551 1.383756 1.085480 0.610235 -0.188469 -0.959992 -1.295656 -1.228070 -0.991157 -0.749584 -0.652168 -0.659160 -0.812378 -1.131286 -1.569086 -1.997537 -2.250252 -2.117822 -1.426916 -0.264511 0.822445 1.120908 0.607264 -0.515511 -0.876338 -0.358160 0.094289 0.293014 0.355461 0.402371 0.456052 0.562759 0.807393 1.182881 1.332826 0.896732 0.032039 -1.084968 -1.994182 -1.588682 -0.149008 0.762662 0.691460 0.367395 -0.175395 -0.920761 -1.928203 -2.874369 -3.452042 -3.155092 -2.163591 -0.933051 -0.541131 -1.013374
-1.257248 -0.645327 -0.095604 0.548200 1.211399 1.665317 2.250522 2.396115 1.927755 1.713691 1.428466 0.597180 -0.223564 -0.594918 -0.604350 -0.433163 -0.217243 -0.133768 -0.170325 -0.351096 -0.740844 -1.276622 -1.857008 -2.281952 -2.310641 -1.812728 -0.894048 0.081138 0.780341 0.961480 0.305333 -0.278456 -0.245456 0.052647 0.417946 0.728976 0.894399 0.835412 0.793099 1.014119 1.419138 1.542593 0.995441 -0.002273 -1.056197 -1.661124 -1.273458 -0.177357 0.601712 0.744299 0.683320 0.105651 -0.817761 -1.873831 -2.981093 -3.809096 -3.109764 -1.884863 -0.612813 0.250639 0.731338
-1.435641 -0.834746 -0.287494 0.278659 0.873550 1.348621 2.023046 2.147352 1.619792 1.606462 1.546055 0.792267 0.064224 -0.199174 -0.136096 0.062925 0.286676 0.404018 0.363025 0.167432 -0.250728 -0.885189 -1.638203 -2.354737 -2.684217 -2.360080 -1.640380 -0.750862 0.376523 1.653254 1.633227 0.576184 -0.090566 -0.088899 0.349489 0.861402 1.247017 1.009273 0.786519 1.011178 1.455923 1.690317 1.249999 0.056087 -1.007423 -1.295965 -0.689155 0.326797 1.167040 1.688064 1.463343 0.480915 -0.668380 -1.741157 -2.686884 -3.145891 -2.588215 -1.426967 -0.129183 1.069118 2.082426
-1.620293 -1.052166 -0.588039 -0.135495 0.288359 0.523654 0.631620 0.469517 0.361798 0.564892 0.599606 0.213899 -0.104566 -0.104088 0.143655 0.476124 0.780709 0.943161 0.929902 0.713144 0.303229 -0.381301 -1.274154 -2.288313 -2.965376 -2.799412 -2.337832 -1.765325 -0.590566 1.367041 1.887682 0.646535 -0.451089 -0.620197 -0.182516 0.410559 0.865087 0.820261 0.729559 1.016842 1.479151 1.807587 1.511612 0.030525 -1.179278 -1.200168 -0.151300 0.976246 1.784676 2.386494 1.962493 0.687941 -0.587908 -1.612245 -2.301970 -2.462568 -1.918527 -0.833453 0.480868 1.852320 3.161000
-1.843258 -1.280730 -0.943116 -0.640454 -0.379128 -0.446760 -0.832069 -1.369697 -1.237783 -0.730566 -0.602810 -0.704425 -0.551336 -0.171556 0.314387 0.822669 1.250873 1.475589 1.500416 1.314521 0.910732 0.262262 -0.668248 -1.814002 -2.672028 -2.771072 -2.709524 -2.734553 -2.032618 -0.162667 0.678095 -0.279890 -1.510674 -1.553968 -1.132458 -0.487920 0.069459 0.378739 0.652093 1.088882 1.547516 1.777392 1.219708 -0.246860 -1.303502 -1.023535 0.319750 1.446270 1.930079 2.089272 1.573675 0.475169 -0.669563 -1.573091 -2.031203 -1.967498 -1.342736 -0.262970 1.047567 2.398763 3.601088
-1.981191 -1.567716 -1.262591 -1.035720 -0.935313 -1.276163 -1.844838 -2.536851 -2.322882 -1.677305 -1.527824 -1.508333 -0.976904 -0.233281 0.470942 1.165101 1.714134 2.003738 2.071428 1.945739 1.619433 1.044811 0.182382 -0.894345 -1.767465 -2.153515 -2.437294 -2.968366 -2.877115 -1.609696 -0.798714 -1.253124 -2.255712 -2.105811 -1.886464 -1.317004 -0.733480 -0.138363 0.518250 1.187125 1.642021 1.488930 0.537637 -0.738590 -1.314155 -0.647360 0.660354 1.515241 1.550372 1.191797 0.655912 -0.050092 -0.896176 -1.671615 -1.904420 -1.650413 -0.952844 0.129887 1.407558 2.600856 3.369184
-1.999428 -1.726239 -1.567635 -1.452691 -1.411335 -1.794240 -2.214312 -2.617802 -2.455118 -2.088042 -1.883282 -1.648975 -1.056620 -0.213861 0.650006 1.497043 2.183803 2.558044 2.594475 2.510387 2.336533 1.909052 1.153110 0.061899 -0.845759 -1.137862 -1.409434 -1.854537 -2.002512 -1.737017 -1.468530 -1.503199 -1.802319 -1.913578 -1.940472 -1.763348 -1.423143 -0.670606 0.324572 1.292078 1.885623 1.439969 0.008997 -1.477053 -1.586510 -0.287335 0.930013 1.365418 0.952370 0.195144 -0.347010 -0.586602 -0.973646 -1.583263 -1.708201 -1.421203 -0.765221 0.239648 1.403940 2.386234 2.791948
-2.007247 -1.859632 -1.829989 -1.784639 -1.803932 -2.123103 -2.355463 -2.577334 -2.464743 -2.200275 -1.920087 -1.561736 -0.956294 -0.110678 0.839274 1.853059 2.720433 3.081563 3.000402 2.942444 2.976131 2.771483 2.087747 0.977193 0.060665 0.305199 0.263232 0.066748 0.161924 -0.757045 -1.285033 -1.081352 -1.098907 -1.306279 -1.549189 -1.859672 -2.025610 -1.174317 0.099433 1.284090 2.061971 1.459540 -0.316756 -2.016081 -1.791565 0.165978 1.380688 1.342925 0.461025 -0.688519 -1.319354 -0.874711 -0.526810 -0.847367 -1.161114 -1.192460 -0.722342 0.121696 1.097259 1.887079 2.173989
-2.005147 -1.976308 -2.066457 -2.062144 -2.010479 -2.365014 -2.470289 -2.599789 -2.481281 -2.214994 -1.865826 -1.439518 -0.852359 -0.034857 0.956312 2.110621 3.332290 3.546469 3.110884 3.031807 3.427814 3.545381 2.944845 2.099682 1.548489 2.390286 2.546235 1.151300 1.010949 0.932397 0.487238 0.224481 -0.066420 -0.443614 -0.878362 -1.496316 -2.283256 -1.322935 -0.052309 1.048060 1.662848 1.122188 -0.337870 -1.586976 -1.156279 0.755925 1.864183 1.308964 0.108449 -1.174572 -1.828861 -0.566270 0.553879 0.318622 -0.389906 -0.885364 -0.648132 -0.025043 0.753329 1.418840 1.680767
-1.974138 -2.044330 -2.238319 -2.292150 -2.155992 -2.441339 -2.539829 -2.628924 -2.468705 -2.174233 -1.813279 -1.356913 -0.763816 0.013937 0.963010 2.064065 3.180918 3.276243 2.715865 2.538890 3.254453 3.673016 3.346384 3.023310 2.678999 3.442432 3.549969 1.435275 0.889704 2.861906 3.234042 1.942146 1.165710 0.598260 0.096412 -0.606357 -1.182749 -0.930008 -0.107346 0.763978 1.201059 0.775977 -0.278167 -1.051705 -0.567518 0.849929 1.582704 0.955610 -0.352359 -1.373578 -1.278880 0.169485 1.850127 1.282204 0.402055 -0.261882 -0.282556 0.000485 0.587461 1.156313 1.384226
-1.898242 -2.014175 -2.224939 -2.317898 -2.207681 -2.431340 -2.552020 -2.616045 -2.440933 -2.147606 -1.756901 -1.261331 -0.688265 0.008136 0.808481 1.659913 2.392671 2.478838 2.062181 1.938899 2.471876 2.801219 2.661140 2.405959 2.140018 2.256948 1.564229 -0.081235 -0.078362 2.011311 3.060582 2.750992 2.326984 1.652364 1.001763 0.296377 -0.398016 -0.611171 -0.227766 0.496254 0.952901 0.580414 -0.299996 -0.946897 -0.497818 0.581375 1.029869 0.490824 -0.844536 -1.720999 -1.079784 0.295293 1.470606 1.515691 1.010407 0.570069 0.414732 0.459394 0.770528 1.106062 1.235508
-1.729369 -1.881465 -2.091110 -2.144152 -2.146113 -2.428984 -2.544710 -2.578240 -2.390968 -2.099678 -1.662572 -1.157378 -0.639729 -0.050951 0.561737 1.122082 1.496838 1.542178 1.345510 1.284689 1.492571 1.539943 1.169212 0.568021 0.305071 0.206260 -0.609246 -1.655926 -1.353159 0.364851 1.860795 2.677860 2.934099 2.394846 1.659817 1.052708 0.119951 -0.546025 -0.490530 0.176832 0.614244 0.369414 -0.262616 -0.662384 -0.298405 0.440709 0.709746 0.260586 -0.707096 -1.326511 -0.920227 0.015664 0.896341 1.360585 1.307545 1.174725 1.168208 1.190280 1.161627 1.150485 1.134395
-1.410699 -1.643983 -1.940675 -2.080088 -2.063102 -2.364184 -2.467211 -2.482984 -2.275853 -1.984710 -1.546104 -1.055072 -0.577894 -0.090640 0.341847 0.649949 0.784337 0.731574 0.592783 0.513345 0.508180 0.360533 -0.300274 -1.304364 -1.545616 -1.526508 -2.090898 -2.775385 -2.478488 -0.971116 0.738106 2.089374 2.787448 2.477773 1.969774 1.655574 0.257928 -0.760887 -0.705091 -0.126605 0.215953 0.083967 -0.255089 -0.388569 -0.049410 0.490168 0.663603 0.304261 -0.336521 -0.814752 -0.796869 -0.411873 0.188221 0.909775 1.251040 1.494728 1.758148 1.836056 1.436350 1.136670 1.037453
