MFC+VTK/函数库及接口制作/重磁三维基本处理/张双喜的程序/经验模态分解_2D/三峡gra_ε=0.001局部异常（BIMF1～BIMF3）.grd
DSAA
196 196
305000.000000 695000.000000
3265000.000000 3655000.000000
-23.83080 26.89736
[rows 108 to 134 of 196, columns 0 to 60 of 196]
2.352578 2.156806 1.899772 1.568930 1.285771 1.015914 0.822529 0.641661 0.442176 0.334453 0.172931 -0.033146 -0.055167 -0.034828 -0.072883 -0.123166 -0.161570 -0.075116 0.282234 0.732347 1.149282 1.485837 1.739369 1.848892 2.079233 2.848575 3.734383 4.544731 5.301953 6.030043 6.658809 7.253984 7.884503 8.255148 8.596827 8.958575 9.256336 9.495012 9.497733 9.349169 9.647421 9.976958 9.924200 9.734864 9.420180 9.053944 8.605637 8.166773 7.666789 7.450051 7.738638 8.424775 9.305868 10.172720 10.848635 11.256655 11.267044 11.052062 11.009028 12.189056 14.904995
2.778339 2.566686 2.315726 1.943443 1.602382 1.375694 1.187351 0.876037 0.596569 0.435644 0.278506 0.133821 0.085810 0.119977 0.104985 0.017248 -0.207030 -0.194720 0.445591 1.030414 1.527515 1.957294 2.330415 2.646024 3.009968 3.553321 4.200774 4.902302 5.606242 6.302549 6.983636 7.601607 8.226374 8.680498 9.012107 9.275339 9.619695 9.861919 9.997448 9.863532 10.179562 10.544802 10.518200 10.325857 9.990063 9.729290 9.236889 8.516770 7.864910 7.421762 7.738615 8.812296 9.905556 10.542414 10.721074 10.685832 10.745486 10.883954 10.819012 11.659863 14.310863
3.149734 2.907939 2.614539 2.269167 2.015747 1.799310 1.498714 1.162179 0.860186 0.607480 0.390395 0.249997 0.220954 0.303951 0.384177 0.383935 0.234121 0.296675 0.868652 1.430143 1.941314 2.452345 2.964803 3.468134 3.911504 4.245073 4.649050 5.209915 5.852152 6.529700 7.246452 7.902874 8.488955 8.889081 9.218286 9.515913 9.714204 9.974025 10.303913 10.472795 10.707688 11.105781 11.108968 10.997922 10.702913 10.324147 9.693735 8.878070 8.029635 7.269396 7.509172 9.392142 10.845004 10.768035 9.953671 9.213698 8.899513 8.852091 8.492040 8.864656 10.711182
3.503928 3.228679 2.898966 2.596162 2.413662 2.203580 1.845892 1.482274 1.128501 0.772774 0.475642 0.303063 0.293895 0.459026 0.721717 0.992655 1.123775 1.246625 1.521536 1.862768 2.296716 2.858158 3.501884 4.063272 4.426003 4.670490 4.981058 5.444650 6.054782 6.733459 7.457263 8.167722 8.762776 9.076532 9.316996 9.554569 9.803621 10.146884 10.446495 10.675687 11.135170 11.529396 11.617168 11.595651 11.359064 10.918877 10.212300 9.344470 8.330491 7.395716 7.298932 10.328613 12.212596 10.672856 8.470942 6.947277 5.873067 4.884864 4.094360 4.411283 6.057245
3.857529 3.555442 3.209839 2.915407 2.734377 2.545392 2.226811 1.807053 1.328548 0.852671 0.467728 0.249675 0.250384 0.508832 0.995383 1.624187 2.122057 2.240733 2.145276 2.180169 2.485400 3.075615 3.879420 4.558394 4.779696 4.825791 5.069688 5.538491 6.125766 6.812405 7.547916 8.266672 8.847176 9.087511 9.238787 9.460247 9.746368 10.104389 10.538847 10.991604 11.488714 11.894726 12.068698 12.162218 11.980391 11.497145 10.748699 9.826955 8.901399 8.217968 8.641652 10.901884 13.421498 9.296240 6.020238 4.225254 2.622324 0.609156 -1.103720 -0.879424 1.154244
4.237290 3.893971 3.489068 3.167904 3.012476 2.891356 2.633339 2.127975 1.475044 0.839124 0.332507 0.036297 0.011888 0.329711 1.007383 2.044402 3.039635 3.068710 2.456543 2.172930 2.353875 2.945279 3.905046 4.838282 4.898704 4.647672 4.876531 5.413561 6.040941 6.749693 7.493255 8.183568 8.726105 8.917971 9.024139 9.252760 9.596585 10.046328 10.592954 11.162214 11.678565 12.121764 12.393420 12.619484 12.526946 11.948837 11.163974 10.288370 9.408951 8.761585 8.848571 9.603280 9.307722 5.902794 2.636850 1.698430 0.079183 -2.919203 -6.165091 -6.009772 -2.947258
4.679781 4.253848 3.809847 3.446249 3.312974 3.320312 3.098136 2.418716 1.521400 0.694662 0.043005 -0.373254 -0.484194 -0.198111 0.539499 1.791492 3.121187 3.040260 2.072656 1.657683 1.801543 2.337436 3.182808 3.950058 3.964195 3.911157 4.390970 5.085238 5.806490 6.558146 7.312407 7.942585 8.377080 8.530291 8.631520 8.937776 9.388106 9.940927 10.551456 11.180935 11.754273 12.194117 12.446600 12.792536 12.778363 12.145750 11.398799 10.621974 9.735439 8.821796 8.271075 7.630854 6.067645 3.221061 0.922162 0.316239 -0.885856 -4.106758 -8.161199 -8.006818 -4.483606
5.124638 4.654891 4.165412 3.714470 3.548718 3.666023 3.497143 2.580561 1.412025 0.413481 -0.390803 -0.969318 -1.240889 -1.108895 -0.506442 0.533692 1.613196 1.483040 0.740574 0.604293 0.872319 1.342943 1.860907 2.086746 2.155346 2.749278 3.684378 4.608417 5.463889 6.273615 7.036096 7.608069 7.965733 8.039219 8.053094 8.487612 9.039379 9.639159 10.288141 10.984868 11.699514 12.085494 12.010754 11.983682 12.030401 11.782471 11.350034 10.811465 9.942786 8.780656 7.582045 5.870209 3.816215 1.711872 0.351693 0.027911 -0.476387 -2.631385 -5.203337 -4.456077 -1.827021
5.564223 5.077922 4.536164 4.030263 3.698098 3.606888 3.335524 2.308958 1.076527 0.009090 -0.935641 -1.714801 -2.208804 -2.313972 -1.994052 -1.372023 -0.858630 -0.980282 -1.135698 -0.722851 -0.238696 0.222308 0.566524 0.595431 0.790697 1.769056 2.982998 4.093407 5.074531 5.947644 6.734447 7.325891 7.708361 7.749143 7.661389 8.047059 8.581339 9.163000 9.774291 10.413919 11.170769 11.570175 11.258413 10.833367 10.845611 11.011678 11.004722 10.818645 9.991718 8.507965 6.608762 4.171108 1.898739 0.486804 -0.069673 -0.028352 -0.027279 -0.738309 -1.111326 0.824228 4.388263
6.027693 5.514168 4.897907 4.285737 3.683661 2.989621 2.248153 1.474267 0.598464 -0.409601 -1.489033 -2.519268 -3.299875 -3.665369 -3.621372 -3.301435 -2.913045 -2.855505 -2.639373 -1.895441 -1.286872 -0.817252 -0.460102 -0.181687 0.295866 1.243417 2.453375 3.651789 4.692373 5.606598 6.432576 7.141145 7.641943 7.768981 7.629858 7.697043 8.072585 8.600541 9.106489 9.405343 9.838209 10.501008 10.515757 10.085440 9.924199 10.115086 10.387119 10.501100 9.763349 8.008190 5.515657 2.484183 -0.159130 -0.778861 -0.585534 -0.156287 0.153532 0.461974 1.605653 4.245855 8.252358
6.470294 5.949323 5.315689 4.600466 3.765214 2.495457 1.282002 0.789213 0.290832 -0.663259 -1.900715 -3.251932 -4.409862 -4.992209 -5.099188 -5.008589 -4.344256 -3.851180 -3.348140 -2.730063 -2.143051 -1.685952 -1.298087 -0.844057 -0.194304 0.759990 2.017336 3.292919 4.348300 5.232816 6.064142 6.890769 7.656681 7.976542 7.640211 7.330169 7.481796 7.959084 8.418212 8.311627 8.180879 9.326885 9.952006 9.549168 9.060480 9.027627 9.501974 9.958207 9.447281 7.548630 4.722426 1.463683 -1.310373 -1.559479 -1.058487 -0.417468 -0.005776 0.690046 2.318370 4.199806 5.973319
6.904495 6.411680 5.834430 5.121776 4.237908 2.957129 1.715091 1.074928 0.484153 -0.561714 -2.000233 -3.721569 -5.428829 -6.063049 -5.972645 -5.716671 -5.027040 -4.373916 -3.809261 -3.267349 -2.786694 -2.391186 -2.038152 -1.629822 -0.991468 0.115186 1.606027 3.007065 4.041853 4.801188 5.548179 6.449876 7.546981 8.247687 7.625438 6.913096 6.811571 7.274308 7.717275 7.598958 7.257791 8.588459 9.357735 8.741934 7.929851 7.678890 8.361351 9.402295 9.305161 7.190593 4.215951 1.272200 -0.962324 -1.706697 -1.579375 -1.153099 -0.946804 -0.320229 1.109287 1.536406 0.032658
7.348299 6.902022 6.405942 5.797307 5.060707 4.075010 3.017433 2.121243 1.205218 -0.029335 -1.635496 -3.582233 -5.581792 -6.257322 -6.022997 -5.618397 -5.049386 -4.486859 -3.985074 -3.554966 -3.203680 -2.929127 -2.671579 -2.382525 -1.850933 -0.581197 1.242386 2.846968 3.747518 4.228119 4.764117 5.589008 6.809118 7.797708 7.120991 6.418372 6.250561 6.569082 6.906618 7.015567 7.193136 7.874866 8.184985 7.572381 6.633930 6.179301 6.805049 8.287481 8.664474 6.359952 3.554418 1.120019 -0.737630 -1.830013 -2.268075 -2.376605 -2.430315 -1.899427 -0.660337 -0.985040 -3.788266
7.682480 7.361403 6.950443 6.509224 5.997418 5.260563 4.393600 3.402741 2.243162 0.867547 -0.788979 -2.703005 -4.508400 -5.345631 -5.355076 -5.054058 -4.638270 -4.216122 -3.845455 -3.546594 -3.358990 -3.263908 -3.129763 -2.896268 -2.327254 -1.072622 0.771461 2.534688 3.277461 3.442235 3.619455 4.240117 5.280956 6.016089 5.980669 5.701462 5.640017 5.838300 6.139757 6.446556 6.805925 7.118951 6.994713 6.243529 5.144817 4.337031 4.576978 5.701569 5.962836 4.432133 2.402779 0.591148 -0.905453 -2.208838 -3.060904 -3.496366 -3.539974 -2.870477 -1.609466 -1.661605 -3.149026
7.992947 7.719805 7.369404 7.089406 6.784001 6.225991 5.599367 4.660380 3.334376 1.937633 0.386672 -1.404394 -3.016072 -3.976255 -4.291428 -4.210497 -3.948169 -3.704880 -3.479750 -3.340846 -3.325023 -3.397460 -3.439424 -3.293782 -2.758942 -1.661310 -0.076160 1.481863 2.357772 2.584235 2.303375 2.743915 3.665612 4.332950 4.620919 4.713580 4.818504 5.004562 5.299543 5.721285 6.200514 6.356578 5.830065 4.786635 3.429215 2.197896 2.048253 2.809000 2.940204 2.030679 0.890182 -0.348636 -1.599092 -2.897233 -3.953711 -4.570239 -4.382302 -3.511217 -2.355861 -1.964425 -2.333803
8.213445 7.937847 7.599619 7.357275 7.144262 6.739035 6.446029 5.603072 4.097350 2.852779 1.585705 -0.134735 -1.710400 -2.674923 -3.107894 -3.192189 -3.082915 -2.986999 -2.920570 -2.929249 -3.091582 -3.352445 -3.614919 -3.684804 -3.334523 -2.449241 -1.141973 0.234778 1.377915 2.076246 2.011599 1.970600 2.334102 2.795632 3.232813 3.588027 3.852966 4.029641 4.274547 4.742845 5.281538 5.360411 4.561399 3.142636 1.568078 0.372145 0.083035 0.467811 0.552030 0.064481 -0.524497 -1.493727 -2.650884 -3.784536 -4.849916 -5.625822 -5.212333 -4.317130 -3.336423 -2.670065 -2.218462
8.364188 8.037356 7.658358 7.304125 6.989852 6.564241 6.327893 5.504438 4.017617 3.075222 2.151934 0.627928 -0.762167 -1.574426 -1.947507 -2.072953 -2.067011 -2.072007 -2.153630 -2.319580 -2.644181 -3.121950 -3.650960 -4.069097 -4.028200 -3.309653 -2.202416 -0.955562 0.485746 2.040367 2.352625 1.606343 1.155580 1.282027 1.792580 2.358358 2.829832 2.924637 3.036358 3.521201 4.091485 4.208817 3.269118 1.362271 -0.495047 -1.588073 -1.753115 -1.438068 -1.185076 -1.100441 -1.590615 -2.688584 -3.833917 -4.824523 -5.681080 -6.164678 -5.871228 -5.114480 -4.246743 -3.404193 -2.563923
8.445099 8.067404 7.585647 7.094365 6.577845 5.876232 5.054241 3.980994 3.000223 2.392634 1.699085 0.672442 -0.206269 -0.695629 -0.875108 -0.910347 -0.913733 -0.999092 -1.200276 -1.544123 -2.015447 -2.685511 -3.473422 -4.272527 -4.580950 -3.995177 -3.105399 -2.160442 -0.716608 1.402998 2.022154 0.840903 -0.214162 -0.328306 0.192197 0.893118 1.496475 1.683718 1.821204 2.260141 2.742725 2.857921 1.757027 -0.703815 -2.918231 -3.885349 -3.661522 -3.195715 -2.857936 -2.519261 -2.974858 -4.131479 -5.209476 -6.033322 -6.606529 -6.817157 -6.522576 -5.853580 -5.032078 -4.120810 -3.120409
8.422187 8.044849 7.439197 6.793265 6.099343 5.074592 3.749844 2.326485 1.662436 1.481550 1.023321 0.414524 0.114449 0.074892 0.161009 0.281455 0.333692 0.200200 -0.105836 -0.582195 -1.217420 -2.011835 -2.969042 -3.987035 -4.541879 -4.175918 -3.597748 -3.152257 -2.121741 -0.109203 0.711307 -0.384228 -1.780393 -1.874413 -1.376570 -0.625734 0.025049 0.400241 0.692793 1.050553 1.252170 0.935767 -0.546762 -3.133794 -5.323767 -6.065617 -5.552737 -5.024227 -4.886795 -4.820117 -5.196644 -5.998898 -6.786861 -7.381437 -7.675112 -7.647065 -7.259286 -6.584959 -5.779057 -4.932290 -4.108335
8.411930 7.920226 7.313459 6.614162 5.770526 4.474168 2.963555 1.395403 0.873373 0.955804 0.657657 0.294402 0.475242 0.876061 1.224586 1.534370 1.663698 1.503591 1.107224 0.527228 -0.208599 -1.102575 -2.142137 -3.201577 -3.827359 -3.738744 -3.401508 -3.284863 -2.685326 -1.159159 -0.318643 -0.973560 -2.336841 -2.379928 -2.172484 -1.661146 -1.197365 -0.780349 -0.368726 -0.067328 -0.184932 -1.179382 -3.223351 -5.733729 -7.515827 -7.885619 -7.366272 -7.028230 -7.227867 -7.550631 -7.821687 -8.100785 -8.455653 -8.805343 -8.810345 -8.565270 -8.081299 -7.374585 -6.577795 -5.885375 -5.524632
8.432890 7.876770 7.190974 6.432391 5.568068 4.257184 2.913387 1.640909 1.108299 1.031484 0.895354 0.842197 1.170943 1.747121 2.313796 2.805402 3.057356 2.913343 2.365538 1.666746 0.904770 -0.017436 -1.110278 -2.316757 -3.064342 -2.895667 -2.447072 -2.041833 -1.381225 -0.521335 0.027044 -0.064624 -0.676870 -1.181246 -1.618349 -1.908013 -2.064865 -1.796801 -1.322532 -1.001081 -1.253346 -2.772941 -5.473407 -8.321167 -9.695319 -9.397573 -8.896746 -8.891461 -9.453162 -10.100626 -10.308677 -10.041479 -9.840138 -9.910154 -9.746839 -9.436892 -8.949318 -8.269448 -7.538391 -7.025910 -7.036845
8.366872 7.808346 7.099741 6.351408 5.484425 4.286240 3.187900 2.178858 1.663900 1.493186 1.468713 1.595438 2.002236 2.649641 3.368695 4.080508 4.532655 4.335895 3.564109 2.739011 2.016665 1.157518 -0.006020 -1.363606 -2.239885 -1.599591 -0.840879 0.094868 1.442701 1.601523 1.744535 2.125803 1.828969 0.997771 -0.107631 -1.425963 -2.606422 -2.557568 -2.069036 -1.777143 -2.058516 -3.891369 -7.050986 -10.208336 -11.294824 -10.273604 -9.733571 -10.111733 -11.086495 -12.123441 -12.413536 -11.434896 -10.480842 -10.258564 -10.222047 -10.139940 -9.765453 -9.182992 -8.581927 -8.215029 -8.328696
8.219557 7.702687 7.011690 6.324479 5.594711 4.419855 3.520153 2.683705 2.225890 2.063188 2.113351 2.331389 2.759998 3.431423 4.252721 5.171487 6.033756 5.688758 4.467238 3.492823 2.998938 2.333628 1.162910 -0.019120 -0.645257 0.469786 1.429706 1.539770 3.190502 4.743330 5.415984 5.548874 4.950820 3.704961 1.989363 -0.148790 -2.475425 -2.648518 -2.446270 -2.463640 -3.058709 -4.906361 -7.743748 -10.361951 -11.158271 -10.231775 -9.859891 -10.653665 -11.933496 -13.182392 -13.536217 -11.767174 -10.111711 -9.841212 -10.186065 -10.521828 -10.326851 -9.908428 -9.442298 -9.136119 -9.222492
8.048215 7.579103 6.929505 6.307259 5.724721 4.676037 3.849125 3.118554 2.740122 2.618367 2.682252 2.938120 3.393110 4.057009 4.877429 5.794230 6.618769 6.194447 4.776091 3.644697 3.413991 2.966320 2.055778 1.371782 0.911691 1.865960 2.659938 2.471910 4.153244 8.221127 10.150673 9.395754 8.256784 6.584276 4.447109 1.866901 -0.542047 -1.865730 -2.439628 -2.887873 -3.751833 -5.476018 -7.808466 -9.790559 -10.382861 -9.851740 -9.749076 -10.695665 -12.143671 -13.178413 -12.826061 -11.027463 -9.000762 -9.148793 -9.737580 -10.286172 -10.356589 -10.248306 -9.910173 -9.612230 -9.634415
7.854495 7.454885 6.901492 6.368851 5.844297 4.918085 4.125340 3.465400 3.136572 3.029914 3.128497 3.427118 3.870868 4.468643 5.157901 5.834551 6.261671 5.828711 4.651234 3.639215 3.273065 2.800647 2.070650 1.470468 1.153379 1.624929 1.909726 2.065106 4.308378 8.655914 11.549362 11.887192 11.165859 9.165330 6.595286 3.777839 1.036477 -1.034213 -2.291547 -3.030457 -3.904121 -5.498762 -7.495717 -9.142752 -9.560259 -9.187658 -9.254585 -10.119782 -11.616906 -12.510996 -11.745855 -10.191642 -8.834941 -8.617816 -9.040199 -9.520042 -9.812725 -9.950769 -9.818299 -9.631816 -9.612044
7.644575 7.301606 6.852826 6.453340 5.936006 5.022124 4.285558 3.686340 3.388984 3.293395 3.445327 3.756635 4.147064 4.639193 5.140777 5.522470 5.594279 5.170329 4.339377 3.531312 2.970080 2.327404 1.435429 0.561489 0.360422 0.804175 1.114370 1.726858 4.025590 7.748214 10.867241 12.553443 12.828958 10.744994 7.960210 5.171145 2.113370 -0.516335 -2.203748 -3.046353 -3.897682 -5.228694 -6.766363 -7.916105 -8.168778 -7.924972 -8.033873 -8.748257 -9.866567 -10.535165 -10.118507 -9.168585 -8.320634 -7.970473 -8.239199 -8.667500 -8.980043 -9.187564 -9.302055 -9.307357 -9.269879
7.377010 7.067832 6.656214 6.297476 5.900204 5.036840 4.341483 3.777263 3.515149 3.431272 3.590908 3.888910 4.236030 4.620994 4.938678 5.078944 4.955606 4.533489 3.914724 3.269933 2.671379 1.980185 0.911186 -0.267836 -0.385078 0.288567 0.871198 1.674088 3.599735 6.672587 9.626301 11.644122 12.161797 10.630199 8.288474 5.919430 2.476599 -0.454837 -2.104233 -2.975514 -3.801544 -4.826191 -5.817399 -6.418069 -6.420362 -6.144255 -6.184211 -6.714579 -7.481151 -8.046112 -8.108311 -7.855510 -7.516160 -7.224099 -7.452507 -7.822111 -8.084457 -8.302293 -8.664520 -8.797909 -8.683314
