MFC+VTK/函数库及接口制作/重磁三维基本处理/张双喜的程序/经验模态分解_2D/三峡gra_ε=0.001_BIMF_A4.grd
DSAA
196 196
305000.000000 695000.000000
3265000.000000 3655000.000000
-151.46812 -22.10811
[rows 100 to 124 of 196, columns 55 to 109 of 196]
-125.829272 -125.754809 -125.666359 -125.562148 -125.440378 -125.299219 -125.136804 -124.951218 -124.740495 -124.502601 -124.235433 -123.936803 -123.604430 -123.235940 -122.828858 -122.380627 -121.888631 -121.350238 -120.762873 -120.124097 -119.431704 -118.683820 -117.878981 -117.016194 -116.094957 -115.115252 -114.077524 -112.982660 -111.831978 -110.627250 -109.370722 -108.065159 -106.713872 -105.320726 -103.890109 -102.426861 -100.936170 -99.423477 -97.894397 -96.354671 -94.810142 -93.266762 -91.730613 -90.207926 -88.705073 -87.228480 -85.784359 -84.378267 -83.014686 -81.697023 -80.427831 -79.208593 -78.039708 -76.920915 -75.851703
-125.723829 -125.642378 -125.546514 -125.434439 -125.304335 -125.154366 -124.982659 -124.787303 -124.566336 -124.317736 -124.039415 -123.729212 -123.384895 -123.004158 -122.584639 -122.123938 -121.619653 -121.069434 -120.471045 -119.822437 -119.121825 -118.367751 -117.559139 -116.695319 -115.776034 -114.801433 -113.772051 -112.688799 -111.552964 -110.366216 -109.130635 -107.848742 -106.523523 -105.158450 -103.757479 -102.325012 -100.865840 -99.385074 -97.888069 -96.380374 -94.867690 -93.355847 -91.850783 -90.358513 -88.885045 -87.436210 -86.017408 -84.633356 -83.287974 -81.984471 -80.725406 -79.512629 -78.347205 -77.229499 -76.159417
-125.607703 -125.518595 -125.414611 -125.293931 -125.154733 -124.995177 -124.813405 -124.607522 -124.375589 -124.115617 -123.825558 -123.503309 -123.146713 -122.753575 -122.321675 -121.848805 -121.332804 -120.771610 -120.163312 -119.506215 -118.798887 -118.040205 -117.229385 -116.365997 -115.449963 -114.481551 -113.461366 -112.390340 -111.269737 -110.101160 -108.886567 -107.628298 -106.329098 -104.992137 -103.621021 -102.219780 -100.792834 -99.344951 -97.881185 -96.406822 -94.927329 -93.448301 -91.975408 -90.514307 -89.070526 -87.649294 -86.255376 -84.892959 -83.565659 -82.276565 -81.028262 -79.822810 -78.661687 -77.545777 -76.475450
-125.481560 -125.384146 -125.271364 -125.141382 -124.992376 -124.822522 -124.629983 -124.412903 -124.169389 -123.897507 -123.595279 -123.260686 -122.891680 -122.486201 -122.042203 -121.557689 -121.030744 -120.459584 -119.842599 -119.178393 -118.465824 -117.704029 -116.892446 -116.030819 -115.119205 -114.157965 -113.147759 -112.089542 -110.984566 -109.834382 -108.640861 -107.406204 -106.132970 -104.824091 -103.482888 -102.113071 -100.718722 -99.304269 -97.874435 -96.434188 -94.988680 -93.543176 -92.102968 -90.673277 -89.259123 -87.865206 -86.495814 -85.154787 -83.845541 -82.571092 -81.334065 -80.136679 -78.980704 -77.867422 -76.797637
-125.346062 -125.239715 -125.117493 -124.977559 -124.818095 -124.637301 -124.433380 -124.204530 -123.948929 -123.664728 -123.350046 -123.002977 -122.621608 -122.204039 -121.748414 -121.252950 -120.715976 -120.135964 -119.511562 -118.841623 -118.125231 -117.361720 -116.550693 -115.692027 -114.785885 -113.832703 -112.833192 -111.788329 -110.699361 -109.567804 -108.395456 -107.184412 -105.937078 -104.656193 -103.344839 -102.006446 -100.644786 -99.263954 -97.868327 -96.462514 -95.051293 -93.639528 -92.232076 -90.833690 -89.448912 -88.081993 -86.736853 -85.417075 -84.125924 -82.866364 -81.641063 -80.452378 -79.302314 -78.192483 -77.124071
-125.201859 -125.085975 -124.953711 -124.803229 -124.632728 -124.440438 -124.224614 -123.983525 -123.715446 -123.418641 -123.091355 -122.731827 -122.338299 -121.909048 -121.442412 -120.936823 -120.390833 -119.803140 -119.172606 -118.498277 -117.779404 -117.015466 -116.206189 -115.351561 -114.451829 -113.507499 -112.519330 -111.488321 -110.415719 -109.303010 -108.151935 -106.964496 -105.742974 -104.489937 -103.208260 -101.901123 -100.572010 -99.224690 -97.863188 -96.491731 -95.114689 -93.736490 -92.361542 -90.994136 -89.638380 -88.298145 -86.977048 -85.678455 -84.405501 -83.161100 -81.947953 -80.768534 -79.625058 -78.519427 -77.453181
-125.049575 -124.923574 -124.780708 -124.619147 -124.437111 -124.232865 -124.004724 -123.751042 -123.470209 -123.160630 -122.820714 -122.448867 -122.043511 -121.603108 -121.126192 -120.611395 -120.057469 -119.463299 -118.827906 -118.150474 -117.430368 -116.667174 -115.860718 -115.011080 -114.118590 -113.183819 -112.207570 -111.190867 -110.134953 -109.041291 -107.911568 -106.747703 -105.551863 -104.326466 -103.074196 -101.798001 -100.501094 -99.186929 -97.859178 -96.521682 -95.178393 -93.833306 -92.490383 -91.153492 -89.826349 -88.512493 -87.215273 -85.937862 -84.683263 -83.454331 -82.253780 -81.084173 -79.947903 -78.847143 -77.783778
-124.889799 -124.753124 -124.599141 -124.426035 -124.232052 -124.015498 -123.774746 -123.508243 -123.214502 -122.892094 -122.539620 -122.155694 -121.738938 -121.288008 -120.801627 -120.278610 -119.717875 -119.118441 -118.479433 -117.800107 -117.079906 -116.318497 -115.515800 -114.671988 -113.787471 -112.862883 -111.899069 -110.897071 -109.858128 -108.783675 -107.675348 -106.534988 -105.364651 -104.166616 -102.943386 -101.697692 -100.432485 -99.150916 -97.856316 -96.552146 -95.241957 -93.929326 -92.617805 -91.310872 -90.011895 -88.724114 -87.450636 -86.194445 -84.958414 -83.745317 -82.557849 -81.398626 -80.270180 -79.174920 -78.115069
-124.723077 -124.575193 -124.409619 -124.224566 -124.018313 -123.789208 -123.535684 -123.256272 -122.949606 -122.614428 -122.249560 -121.853866 -121.426205 -120.965440 -120.470473 -119.940280 -119.373899 -118.770414 -118.128971 -117.448853 -116.729554 -115.970830 -115.172704 -114.335445 -113.459543 -112.545691 -111.594764 -110.607818 -109.586080 -108.530956 -107.444024 -106.327049 -105.181980 -104.010956 -102.816310 -101.600562 -100.366414 -99.116729 -97.854509 -96.582863 -95.304962 -94.024003 -92.743162 -91.465570 -90.194281 -88.932266 -87.682408 -86.447509 -85.230301 -84.033464 -82.859639 -81.711449 -80.591505 -79.502401 -78.446668
-124.549904 -124.390294 -124.212694 -124.015351 -123.796586 -123.554797 -123.288474 -122.996219 -122.676769 -122.329018 -121.952012 -121.544906 -121.106866 -120.637000 -120.134382 -119.598116 -119.027286 -118.420926 -117.778122 -117.098156 -116.380598 -115.625320 -114.832461 -114.002390 -113.135671 -112.233040 -111.295396 -110.323796 -109.319449 -108.283720 -107.218132 -106.124366 -105.004263 -103.859829 -102.693227 -101.506776 -100.302938 -99.084308 -97.853582 -96.613542 -95.367017 -94.116860 -92.865917 -91.617005 -90.372902 -89.136333 -87.909973 -86.696450 -85.498355 -84.318255 -83.158715 -82.022315 -80.911684 -79.829515 -78.778570
-124.370716 -124.198881 -124.008853 -123.798929 -123.567483 -123.312971 -123.033944 -122.729069 -122.397158 -122.037211 -121.648454 -121.230339 -120.782435 -120.304216 -119.794939 -119.253787 -118.679717 -118.071554 -117.428274 -116.749206 -116.034061 -115.282863 -114.495878 -113.673561 -112.816531 -111.925553 -111.001534 -110.045520 -109.058693 -108.042374 -106.998019 -105.927225 -104.831726 -103.713389 -102.574216 -101.416332 -100.241977 -99.053489 -97.853292 -96.643869 -95.427747 -94.207474 -92.985605 -91.764684 -90.547240 -89.335779 -88.132785 -86.940720 -85.762039 -84.599193 -83.454649 -82.330919 -81.230584 -80.156346 -79.111073
-124.185888 -124.001341 -123.798512 -123.575759 -123.331521 -123.064324 -122.772788 -122.455650 -122.111784 -121.740247 -121.340350 -120.911748 -120.454458 -119.968588 -119.453750 -118.909007 -118.332826 -117.723677 -117.080524 -116.402887 -115.690694 -114.944131 -114.163569 -113.349522 -112.502639 -111.623695 -110.713591 -109.773349 -108.804118 -107.807163 -106.783873 -105.735754 -104.664429 -103.571635 -102.459212 -101.329103 -100.183340 -99.024029 -97.853345 -96.673509 -95.486782 -94.295447 -93.101806 -91.908163 -90.716830 -89.530117 -88.350334 -87.179796 -86.020825 -84.875760 -83.746974 -82.636887 -81.548006 -80.482967 -79.444609
-123.995730 -123.797995 -123.582013 -123.346217 -123.089122 -122.809333 -122.505556 -122.176607 -121.821433 -121.439140 -121.029045 -120.590815 -120.124699 -119.631686 -119.112645 -118.565627 -117.988091 -117.378321 -116.735592 -116.059770 -115.351006 -114.609604 -113.835985 -113.030689 -112.194369 -111.327793 -110.431841 -109.507505 -108.555888 -107.578195 -106.575742 -105.549941 -104.502306 -103.434441 -102.348036 -101.244861 -100.126756 -98.995620 -97.853405 -96.702105 -95.543748 -94.380391 -93.214114 -92.047019 -90.881227 -89.718876 -88.562124 -87.413151 -86.274164 -85.147401 -84.035142 -82.939728 -81.863583 -80.809253 -79.779474
-123.800477 -123.589086 -123.359620 -123.110595 -122.840611 -122.548365 -122.232655 -121.892398 -121.526635 -121.134558 -120.715527 -120.269130 -119.795411 -119.295635 -118.774055 -118.225490 -117.646497 -117.035958 -116.393790 -115.720164 -115.015330 -114.279615 -113.513444 -112.717349 -111.891969 -111.038049 -110.156438 -109.248089 -108.314048 -107.355461 -106.373559 -105.369665 -104.345181 -103.301583 -102.240419 -101.163300 -100.071891 -98.967905 -97.853102 -96.729275 -95.598257 -94.461908 -93.322124 -92.180831 -91.039987 -89.901583 -88.767648 -87.640245 -86.521481 -85.413507 -84.318528 -83.238820 -82.176742 -81.134772 -80.115552
-123.600292 -123.374782 -123.131514 -122.869092 -122.586213 -122.281670 -121.954367 -121.603325 -121.227706 -120.826827 -120.400193 -119.947548 -119.468972 -118.965373 -118.441000 -117.889616 -117.308038 -116.696466 -116.055148 -115.384223 -114.683874 -113.954385 -113.196151 -112.409678 -111.595575 -110.754556 -109.887428 -108.995093 -108.078541 -107.138846 -106.177161 -105.194711 -104.192791 -103.172757 -102.136024 -101.084053 -100.018357 -98.940485 -97.852027 -96.754610 -95.649895 -94.539582 -93.425409 -92.309156 -91.192645 -90.077746 -88.966376 -87.860503 -86.762153 -85.673409 -84.596421 -83.533419 -82.486726 -81.458791 -80.452223
-123.395259 -123.155169 -122.897787 -122.621815 -122.326049 -122.009388 -121.670841 -121.309547 -120.924792 -120.516040 -120.082992 -119.625699 -119.144768 -118.641335 -118.114760 -117.556703 -116.971678 -116.359462 -115.719621 -115.052024 -114.356750 -113.634025 -112.884201 -112.107742 -111.305221 -110.477305 -109.624754 -108.748416 -107.849216 -106.928154 -105.986301 -105.024788 -104.044806 -103.047599 -102.034454 -101.006706 -99.965725 -98.912921 -97.849740 -96.777665 -95.698218 -94.612963 -93.523510 -92.431520 -91.338703 -90.246831 -89.157734 -88.073305 -86.995507 -85.926373 -84.868022 -83.822661 -82.792610 -81.780330 -80.788467
-123.185382 -122.930246 -122.658441 -122.368770 -122.060133 -121.731534 -121.382093 -121.011061 -120.617847 -120.202055 -119.763529 -119.302385 -118.818848 -118.312523 -117.781213 -117.222069 -116.636325 -116.024677 -115.387120 -114.723542 -114.033960 -113.318540 -112.577583 -111.811509 -111.020840 -110.206194 -109.368277 -108.507874 -107.625843 -106.723111 -105.800664 -104.859543 -103.900839 -102.925690 -101.935272 -100.930800 -99.913527 -98.884740 -97.845763 -96.797962 -95.742743 -94.681562 -93.615927 -92.547402 -91.477614 -90.408257 -89.341096 -88.277970 -87.220798 -86.171587 -85.132438 -84.105562 -83.093305 -82.098178 -81.122924
-122.970581 -122.699928 -122.413386 -122.109863 -121.788365 -121.447999 -121.087989 -120.707687 -120.306595 -119.884381 -119.440859 -118.975880 -118.489035 -117.979288 -117.445144 -116.885770 -116.301100 -115.691540 -115.057347 -114.398604 -113.715378 -113.007818 -112.276184 -111.520846 -110.742275 -109.941036 -109.117772 -108.273206 -107.408126 -106.523382 -105.619879 -104.698570 -103.760455 -102.806571 -101.837996 -100.855843 -99.861258 -98.855429 -97.839579 -96.814978 -95.782941 -94.744839 -93.702102 -92.656224 -91.608769 -90.561376 -89.515767 -88.473744 -87.437205 -86.408143 -85.388664 -84.381000 -83.387537 -82.410861 -81.453824
-122.750691 -122.464039 -122.162434 -121.844895 -121.510528 -121.158539 -120.788239 -120.399051 -119.990513 -119.562254 -119.113927 -118.645070 -118.154959 -117.642633 -117.107254 -116.548401 -115.965822 -115.359582 -114.729878 -114.076886 -113.400747 -112.701633 -111.979782 -111.235526 -110.469284 -109.681563 -108.872946 -108.044087 -107.195706 -106.328577 -105.443524 -104.541420 -103.623177 -102.689745 -101.742113 -100.781303 -99.808377 -98.824438 -97.830628 -96.828143 -95.818231 -94.802198 -93.781420 -92.757342 -91.731489 -90.705467 -89.680970 -88.659788 -87.643808 -86.635027 -85.635564 -84.647679 -83.673801 -82.716566 -81.778858
-122.525463 -122.222312 -121.905305 -121.573563 -121.226292 -120.862781 -120.482404 -120.084615 -119.668928 -119.234877 -118.781939 -118.309471 -117.816710 -117.302900 -116.767479 -116.210083 -115.630459 -115.028512 -114.404305 -113.757978 -113.089697 -112.399646 -111.688058 -110.955232 -110.201540 -109.427433 -108.633434 -107.820130 -106.988169 -106.138254 -105.271134 -104.387602 -103.488493 -102.574679 -101.647069 -100.706614 -99.754303 -98.791171 -97.818302 -96.836835 -95.847971 -94.852976 -93.853191 -92.850037 -91.845015 -90.839721 -89.835842 -88.835163 -87.839578 -86.851094 -85.871846 -84.904111 -83.950329 -83.013117 -82.095263
-122.294563 -121.974397 -121.641625 -121.295469 -120.935222 -120.560238 -120.169930 -119.763747 -119.341150 -118.901567 -118.444362 -117.968832 -117.474258 -116.960007 -116.425587 -115.870624 -115.294841 -114.698067 -114.080250 -113.441449 -112.781786 -112.101432 -111.400600 -110.679558 -109.938637 -109.178234 -108.398810 -107.600889 -106.785052 -105.951929 -105.102200 -104.236587 -103.355853 -102.460801 -101.552278 -100.631169 -99.698410 -98.754986 -97.801938 -96.840370 -95.871455 -94.896440 -93.916652 -92.933505 -91.948502 -90.963240 -89.979414 -88.998820 -88.023363 -87.055060 -86.096049 -85.148597 -84.215101 -83.298070 -82.400078
-122.057573 -121.719859 -121.370938 -121.010128 -120.636796 -120.250346 -119.850205 -119.435801 -119.006535 -118.561762 -118.100786 -117.622890 -117.127386 -116.613671 -116.081239 -115.529672 -114.958640 -114.367902 -113.757315 -113.126841 -112.476529 -111.806497 -111.116920 -110.408025 -109.680099 -108.933485 -108.168587 -107.385867 -106.585841 -105.769072 -104.936175 -104.087807 -103.224668 -102.347504 -101.457107 -100.554316 -99.640024 -98.715184 -97.780813 -96.837998 -95.887903 -94.931777 -93.970952 -93.006856 -92.041008 -91.075023 -90.110615 -89.149598 -88.193886 -87.245497 -86.306550 -85.379262 -84.465926 -83.568870 -82.690388
-121.814003 -121.458192 -121.092720 -120.716992 -120.330438 -119.932499 -119.522605 -119.100157 -118.664511 -118.214972 -117.750811 -117.271298 -116.775735 -116.263489 -115.733998 -115.186773 -114.621405 -114.037568 -113.435030 -112.813652 -112.173394 -111.514295 -110.836468 -110.140086 -109.425382 -108.692646 -107.942224 -107.174516 -106.389977 -105.589111 -104.772470 -103.940653 -103.094310 -102.234136 -101.360882 -100.475352 -99.578415 -98.671006 -97.754135 -96.828893 -95.896455 -94.958088 -94.015153 -93.069104 -92.121494 -91.173968 -90.228266 -89.286220 -88.349747 -87.420849 -86.501598 -85.594118 -84.700551 -83.823004 -82.963478
-121.563290 -121.188829 -120.806396 -120.415475 -120.015551 -119.606093 -119.186531 -118.756243 -118.314552 -117.860727 -117.394007 -116.913629 -116.418849 -115.908969 -115.383341 -114.841382 -114.282583 -113.706515 -113.112839 -112.501314 -111.871793 -111.224225 -110.558638 -109.875136 -109.173886 -108.455120 -107.719122 -106.966235 -106.196855 -105.411427 -104.610451 -103.794475 -102.964104 -102.119997 -101.262872 -100.393516 -99.512786 -98.621619 -97.721035 -96.812147 -95.896162 -94.974384 -94.048219 -93.119167 -92.188824 -91.258874 -90.331087 -89.407307 -88.489445 -87.579465 -86.679363 -85.791140 -84.916760 -84.058099 -83.216885
-121.304821 -120.911162 -120.511363 -120.104980 -119.691547 -119.270554 -118.841431 -118.403538 -117.956170 -117.498560 -117.029907 -116.549392 -116.056201 -115.549543 -115.028667 -114.492873 -113.941532 -113.374092 -112.790093 -112.189173 -111.571070 -110.935623 -110.282764 -109.612510 -108.924953 -108.220253 -107.498633 -106.760375 -106.005818 -105.235356 -104.449438 -103.648571 -102.833323 -102.004327 -101.162286 -100.307978 -99.442268 -98.566111 -97.680558 -96.786762 -95.885982 -94.979581 -94.069023 -93.155868 -92.241768 -91.328449 -90.417709 -89.511398 -88.611406 -87.719639 -86.837997 -85.968339 -85.112443 -84.271964 -83.448394
