MFC+VTK/函数库及接口制作/重磁三维基本处理/张双喜的程序/经验模态分解_2D/三峡gra_ε=0.001_BIMF_D2.grd
DSAA
196 196
305000.000000 695000.000000
3265000.000000 3655000.000000
-18.46806 15.86437
[rows 108 to 134 of 196, columns 0 to 60 of 196]
1.737540 1.520096 1.334578 1.198511 1.121592 1.106989 1.158994 1.277074 1.454309 1.678918 1.935836 2.207516 2.474198 2.713706 2.900786 3.006998 3.003213 2.867493 2.629510 2.333789 2.014640 1.695365 1.388978 1.097509 0.815073 0.543640 0.334452 0.208303 0.172046 0.222964 0.350424 0.538452 0.766123 1.009747 1.245743 1.455956 1.629027 1.755671 1.830931 1.859408 1.870335 1.890368 1.946343 2.028128 2.149312 2.324352 2.557828 2.838495 3.133979 3.388171 3.532364 3.517697 3.332433 3.011972 2.628334 2.272557 2.007094 1.960667 2.218709 2.692679 3.243564
2.447469 2.176392 1.925783 1.720809 1.576935 1.504651 1.508859 1.588628 1.736737 1.941938 2.189898 2.463401 2.742442 3.004028 3.220919 3.358760 3.375623 3.223030 2.968345 2.670404 2.358682 2.051891 1.760454 1.488219 1.237148 1.011704 0.836029 0.729043 0.698155 0.740807 0.847125 1.001867 1.186230 1.382164 1.575102 1.754788 1.912474 2.039782 2.132841 2.196004 2.231531 2.270966 2.331560 2.425513 2.562763 2.750262 2.988522 3.268205 3.567050 3.843184 4.022824 4.019952 3.777782 3.315086 2.704866 2.066819 1.529212 1.233026 1.381840 1.793285 2.349611
3.104202 2.795481 2.499303 2.238749 2.032358 1.897657 1.848722 1.880642 1.985449 2.153780 2.373376 2.628552 2.899869 3.163553 3.390465 3.539673 3.526772 3.383583 3.147832 2.864219 2.567346 2.279472 2.012272 1.771144 1.560190 1.384121 1.252128 1.174708 1.157209 1.198168 1.290598 1.422643 1.576719 1.733177 1.888813 2.040939 2.184539 2.313645 2.423561 2.512195 2.581407 2.645026 2.700954 2.789635 2.924730 3.109562 3.342176 3.612852 3.907384 4.215672 4.506240 4.601286 4.352998 3.725266 2.807553 1.793077 0.898256 0.322024 0.191800 0.433852 0.894113
3.712219 3.382076 3.059420 2.758716 2.497379 2.296099 2.189396 2.160056 2.203346 2.313061 2.479744 2.690727 2.928715 3.168755 3.374348 3.496550 3.490401 3.367293 3.154739 2.892121 2.618447 2.360723 2.131758 1.934812 1.771582 1.645408 1.561036 1.522091 1.529053 1.578983 1.666634 1.785384 1.924016 2.049220 2.175863 2.305428 2.436254 2.565632 2.689542 2.802039 2.897139 2.972641 3.036259 3.118229 3.243037 3.418474 3.644660 3.908638 4.192060 4.495774 4.930437 5.165356 4.986495 4.170173 2.909857 1.476170 0.132330 -0.858390 -1.317031 -1.243370 -0.796387
4.287288 3.950329 3.614963 3.288104 2.984966 2.729053 2.544753 2.435205 2.396226 2.421824 2.506229 2.642021 2.816579 3.007902 3.180966 3.289786 3.294344 3.185328 2.985927 2.743340 2.500384 2.284535 2.107532 1.967140 1.854229 1.778775 1.746196 1.754788 1.799059 1.872062 1.966744 2.076757 2.198106 2.316206 2.427573 2.540221 2.657382 2.781513 2.913283 3.047627 3.171832 3.271339 3.345995 3.419364 3.530788 3.700979 3.926332 4.187663 4.479528 4.819958 5.213246 5.504112 5.481116 4.473706 2.962040 1.158428 -0.678949 -2.193113 -3.029945 -3.028875 -2.364910
4.837696 4.507408 4.171819 3.831027 3.494258 3.180791 2.916180 2.715895 2.573137 2.485327 2.454684 2.482186 2.562605 2.681709 2.814735 2.923423 2.950319 2.836987 2.638632 2.419109 2.215757 2.049345 1.929781 1.854405 1.789624 1.768558 1.794187 1.859821 1.954902 2.067591 2.187038 2.305520 2.419986 2.533429 2.638411 2.738330 2.838998 2.948978 3.077324 3.227266 3.388679 3.536128 3.644426 3.717811 3.808758 3.994142 4.222937 4.462830 4.718433 4.998031 5.268788 5.419156 5.222559 4.382612 2.921771 0.882123 -1.361647 -3.388309 -4.673022 -4.626432 -3.459495
5.370135 5.055159 4.727573 4.383308 4.023511 3.656836 3.312384 3.013748 2.742906 2.510473 2.332163 2.220356 2.178959 2.201852 2.274100 2.370796 2.437545 2.297555 2.114473 1.936005 1.782901 1.667565 1.595583 1.563780 1.563823 1.606216 1.695376 1.825671 1.984363 2.155047 2.321276 2.470855 2.599554 2.710898 2.807624 2.893541 2.973967 3.061447 3.171859 3.321108 3.516458 3.738305 3.930034 4.056971 4.122033 4.350605 4.556482 4.723563 4.871164 4.999368 5.067350 4.988701 4.638069 3.911484 2.700842 0.590733 -1.738976 -3.956594 -5.636774 -5.476169 -3.747545
5.896598 5.590032 5.270684 4.930719 4.564705 4.172792 3.764340 3.336163 2.909557 2.505413 2.151925 1.874669 1.688336 1.593509 1.576701 1.606223 1.621597 1.553041 1.441579 1.327175 1.231012 1.164169 1.132955 1.141148 1.193017 1.292877 1.443996 1.642097 1.874239 2.120777 2.358551 2.565894 2.729225 2.847779 2.932053 2.996888 3.054666 3.118167 3.200431 3.324619 3.523700 3.819746 4.153060 4.455853 4.643600 4.804298 4.912050 4.955615 4.941226 4.872061 4.694246 4.360772 3.836052 3.055285 1.878455 0.181185 -1.737752 -3.475096 -4.511397 -4.288489 -3.084327
6.407748 6.099934 5.784391 5.451521 5.089375 4.681156 4.207203 3.661911 3.072011 2.481630 1.935702 1.473293 1.122245 0.891827 0.769662 0.726418 0.717351 0.705396 0.675038 0.634114 0.596100 0.572897 0.575073 0.613559 0.699486 0.839724 1.041381 1.302529 1.611366 1.946874 2.279989 2.576017 2.802203 2.942173 3.007026 3.032172 3.070143 3.118351 3.175225 3.260136 3.415942 3.700389 4.226150 4.783503 5.099172 5.219049 5.239303 5.163971 4.973032 4.709784 4.273731 3.662015 2.929045 2.116283 1.114317 -0.101420 -1.378449 -2.398939 -2.820099 -2.516707 -1.774016
6.881880 6.567828 6.249533 5.918398 5.559839 5.146974 4.632516 3.970164 3.221890 2.453230 1.716105 1.058508 0.526260 0.150163 -0.071103 -0.162597 -0.171122 -0.142371 -0.111279 -0.091584 -0.081047 -0.069982 -0.045383 0.008019 0.106552 0.265479 0.497537 0.807097 1.186096 1.613938 2.058636 2.473778 2.800437 2.987832 3.030332 2.982797 3.009190 3.051095 3.098614 3.160893 3.280491 3.564544 4.078683 4.736450 5.328356 5.444033 5.470434 5.356671 5.068049 4.599342 3.918644 3.048284 2.104803 1.381104 0.644990 -0.116474 -0.797728 -1.221967 -1.249970 -0.896260 -0.371639
7.305021 6.978543 6.649303 6.308877 5.941285 5.521235 4.999489 4.222693 3.350009 2.440186 1.536969 0.691162 -0.032392 -0.561181 -0.854268 -0.962482 -0.961304 -0.910605 -0.849137 -0.796755 -0.758308 -0.728569 -0.695925 -0.644210 -0.553675 -0.402100 -0.167659 0.165149 0.596826 1.108203 1.665596 2.215358 2.678396 2.954200 2.982634 2.887287 2.859581 2.884549 2.949489 3.045235 3.149722 3.336717 3.703591 4.370191 5.038367 5.420557 5.561687 5.478435 5.138084 4.529898 3.684563 2.688376 1.701961 1.051526 0.529993 0.111281 -0.157212 -0.220453 -0.077621 0.171245 0.315617
7.667439 7.321267 6.972876 6.612781 6.219308 5.753937 5.159061 4.377706 3.460801 2.466397 1.444301 0.447127 -0.454362 -1.148162 -1.466758 -1.576005 -1.581429 -1.540852 -1.486273 -1.435680 -1.396878 -1.369227 -1.345120 -1.310807 -1.246558 -1.126890 -0.921896 -0.601431 -0.146656 0.430324 1.084486 1.748790 2.345399 2.750233 2.735495 2.617628 2.560572 2.567816 2.673331 2.866930 3.097520 3.093500 3.216840 3.941098 4.665948 5.189793 5.453114 5.444519 5.121621 4.436380 3.532848 2.574732 1.722714 1.110060 0.710352 0.485856 0.419059 0.483076 0.616607 0.710257 0.614136
7.962164 7.590845 7.216989 6.829246 6.403445 5.899198 5.270998 4.493824 3.573705 2.548696 1.470074 0.394601 -0.608728 -1.424972 -1.770848 -1.921549 -1.980848 -1.993559 -1.985433 -1.972716 -1.964344 -1.962877 -1.965118 -1.961917 -1.937067 -1.866445 -1.717862 -1.451090 -1.020050 -0.399078 0.324374 1.043524 1.670386 2.101167 2.092638 2.002983 1.974287 2.046466 2.228517 2.483916 2.728735 2.889013 3.152387 3.694961 4.315347 4.821169 5.108105 5.148195 4.915726 4.198101 3.350536 2.534206 1.853335 1.358223 1.053615 0.903630 0.861257 0.866955 0.862866 0.793157 0.590430
8.184444 7.789393 7.390562 6.974253 6.522328 6.010501 5.387170 4.622544 3.716410 2.701110 1.628111 0.560548 -0.420081 -1.203786 -1.689138 -1.965206 -2.134729 -2.243186 -2.319543 -2.380662 -2.435257 -2.486574 -2.534054 -2.573441 -2.594593 -2.578560 -2.496938 -2.311334 -1.966132 -1.337370 -0.594878 0.115255 0.626016 0.923961 1.010287 1.032964 1.115104 1.310220 1.614334 1.974633 2.327842 2.665785 3.038829 3.478844 3.948736 4.335986 4.521041 4.488389 4.214999 3.674720 3.027689 2.421067 1.939786 1.608848 1.407105 1.270352 1.133966 0.957612 0.731804 0.449149 0.091863
8.332066 7.927838 7.515340 7.079999 6.609702 6.120841 5.528396 4.783335 3.903379 2.932175 1.920009 0.925977 0.018652 -0.737647 -1.315644 -1.732028 -2.037301 -2.273702 -2.468837 -2.638700 -2.789923 -2.923338 -3.037109 -3.129204 -3.196590 -3.229066 -3.206354 -3.089253 -2.814564 -2.322589 -1.672199 -1.004517 -0.675622 -0.475100 -0.339235 -0.200648 0.028318 0.394320 0.877474 1.407561 1.917717 2.377880 2.782254 3.130798 3.440229 3.679185 3.684060 3.550903 3.287197 2.919934 2.511322 2.143505 1.873580 1.715392 1.629277 1.504304 1.200091 0.779447 0.305636 -0.182679 -0.644955
8.423763 8.027017 7.617511 7.184831 6.726627 6.241407 5.685919 4.963107 4.129958 3.238758 2.328999 1.443410 0.623098 -0.104299 -0.730713 -1.256980 -1.699310 -2.081175 -2.421697 -2.731476 -3.012452 -3.259878 -3.465359 -3.621831 -3.729965 -3.793791 -3.810557 -3.760290 -3.607247 -3.316514 -2.885595 -2.437867 -2.137070 -1.936511 -1.758744 -1.536477 -1.183281 -0.617157 0.075094 0.796071 1.462698 1.997852 2.357719 2.564294 2.670981 2.691658 2.596825 2.424663 2.213795 2.000409 1.810684 1.669638 1.592386 1.574368 1.579004 1.499481 0.991680 0.354774 -0.323039 -0.978717 -1.529704
8.486535 8.114077 7.720803 7.298592 6.844049 6.347398 5.784231 5.122845 4.384849 3.608920 2.828838 2.069620 1.345933 0.662473 0.019126 -0.583295 -1.146131 -1.675077 -2.175866 -2.649442 -3.089623 -3.483100 -3.810881 -4.051119 -4.191697 -4.267490 -4.297991 -4.296390 -4.267511 -4.198672 -3.998115 -3.744231 -3.514180 -3.304423 -3.071333 -2.772150 -2.350361 -1.589800 -0.739009 0.116738 0.902860 1.492495 1.723530 1.740880 1.654390 1.514330 1.347560 1.179079 1.041053 0.962874 0.960074 1.010833 1.087383 1.153551 1.144617 0.946679 0.440332 -0.269491 -1.063504 -1.837941 -2.480230
8.560146 8.213813 7.840879 7.430264 6.974683 6.467814 5.908187 5.303528 4.669548 4.027482 3.394905 2.774846 2.159408 1.537787 0.902718 0.253058 -0.407486 -1.073398 -1.737743 -2.389731 -3.011866 -3.578573 -4.058018 -4.413508 -4.585550 -4.662135 -4.672866 -4.668673 -4.686263 -4.722723 -4.732442 -4.693480 -4.593561 -4.412830 -4.119234 -3.700861 -3.134791 -2.378593 -1.525362 -0.659821 0.144969 0.762799 0.806581 0.661625 0.447238 0.220442 0.024051 -0.114000 -0.174758 -0.144782 0.003689 0.198136 0.381773 0.490945 0.451755 0.192468 -0.311378 -1.021279 -1.844552 -2.671725 -3.385240
8.663839 8.338325 7.988683 7.595208 7.145870 6.638950 6.089337 5.529067 4.990446 4.488030 4.012931 3.539293 3.040586 2.495826 1.891068 1.220456 0.486940 -0.298922 -1.120860 -1.956602 -2.775298 -3.534726 -4.181381 -4.658445 -4.930663 -4.996011 -4.947751 -4.865772 -4.833480 -4.888303 -5.004288 -5.136189 -5.201901 -5.094865 -4.758430 -4.275462 -3.684389 -3.001789 -2.255187 -1.510707 -0.868953 -0.468275 -0.431163 -0.612821 -0.870288 -1.114906 -1.293088 -1.379951 -1.363510 -1.237317 -1.008320 -0.729008 -0.472694 -0.326263 -0.368441 -0.640920 -1.135230 -1.812998 -2.603789 -3.411570 -4.118218
8.768561 8.484191 8.171359 7.807821 7.380104 6.887909 6.351238 5.817848 5.357597 4.998694 4.679573 4.346077 3.962991 3.504653 2.950333 2.285472 1.506047 0.621712 -0.345449 -1.362390 -2.382295 -3.344843 -4.178379 -4.799573 -5.166825 -5.266069 -5.149441 -4.915937 -4.721839 -4.671379 -4.740547 -4.930514 -5.178092 -5.163513 -4.855916 -4.468310 -4.011455 -3.486004 -2.911376 -2.359872 -1.936010 -1.731141 -1.761738 -1.959523 -2.203791 -2.401729 -2.514256 -2.538639 -2.469396 -2.300468 -2.041534 -1.724289 -1.414025 -1.213044 -1.232109 -1.494219 -1.957178 -2.573848 -3.286905 -4.017271 -4.663877
8.862976 8.643566 8.388381 8.072187 7.683272 7.224643 6.717184 6.206007 5.804497 5.584572 5.392167 5.172762 4.893109 4.524244 4.037858 3.407066 2.613020 1.655867 0.559673 -0.630804 -1.846515 -3.005522 -4.024364 -4.817300 -5.314935 -5.482639 -5.301217 -4.893392 -4.427404 -4.067206 -3.904978 -3.959064 -4.147880 -4.292245 -4.323124 -4.273614 -4.117340 -3.819257 -3.442337 -3.093515 -2.869171 -2.823495 -2.955350 -3.201243 -3.423802 -3.521348 -3.536952 -3.504394 -3.423215 -3.274429 -3.040705 -2.727830 -2.388378 -2.121412 -2.105540 -2.338065 -2.735243 -3.258621 -3.861685 -4.480317 -5.039249
8.930169 8.802387 8.630453 8.379215 8.040956 7.631352 7.188360 6.771333 6.454415 6.263352 6.129106 5.987359 5.792496 5.508403 5.100454 4.530528 3.758615 2.759939 1.551921 0.200947 -1.192954 -2.525034 -3.706575 -4.664500 -5.329694 -5.609187 -5.369069 -4.714361 -3.847232 -3.045854 -2.525695 -2.361031 -2.507512 -2.847643 -3.273734 -3.695691 -3.984627 -3.936685 -3.764262 -3.611008 -3.556278 -3.627789 -3.834623 -4.132854 -4.347120 -4.318730 -4.261425 -4.192126 -4.140024 -4.077381 -3.916991 -3.642746 -3.333450 -3.091143 -3.020226 -3.148037 -3.437632 -3.843866 -4.317901 -4.805323 -5.252124
8.934967 8.936045 8.874760 8.705097 8.420859 8.066012 7.697679 7.369994 7.118786 6.953181 6.847510 6.753596 6.622044 6.409519 6.076889 5.582148 4.869671 3.869635 2.564422 1.082764 -0.448137 -1.913921 -3.195904 -4.259282 -5.055680 -5.467268 -5.273471 -4.299353 -2.950157 -1.651225 -0.730749 -0.373197 -0.543095 -1.094153 -1.880903 -2.747524 -3.497883 -3.729467 -3.803897 -3.853912 -3.940503 -4.088827 -4.296068 -4.513534 -4.645790 -4.648137 -4.622163 -4.535264 -4.533233 -4.604381 -4.534760 -4.325669 -4.107384 -3.904541 -3.805262 -3.854420 -4.040615 -4.323735 -4.656474 -4.993236 -5.298293
8.889857 9.010937 9.071048 9.002629 8.768404 8.465207 8.163256 7.906556 7.703832 7.567484 7.485792 7.425705 7.341164 7.183468 6.907825 6.472985 5.830829 4.871689 3.496660 1.959828 0.377451 -1.167094 -2.459283 -3.543616 -4.378407 -4.879230 -4.837743 -3.492874 -1.767720 -0.068415 1.233186 1.694510 1.469067 0.721374 -0.356579 -1.517069 -2.511523 -3.157527 -3.552278 -3.815426 -4.021368 -4.204421 -4.367632 -4.491024 -4.553491 -4.560649 -4.541386 -4.524171 -4.575714 -4.679393 -4.663466 -4.609990 -4.565972 -4.420967 -4.354026 -4.395698 -4.524158 -4.697953 -4.877922 -5.036329 -5.162948
8.761940 8.977115 9.129242 9.174448 9.015860 8.768505 8.521515 8.312290 8.150571 8.042194 7.983589 7.951851 7.905067 7.788998 7.547541 7.128295 6.474529 5.519581 4.249647 2.790160 1.268993 -0.195575 -1.477215 -2.528918 -3.286138 -3.621774 -3.305032 -2.119327 -0.428613 1.373760 2.899495 3.421343 3.253498 2.341734 1.046973 -0.298657 -1.482656 -2.409668 -3.072192 -3.524587 -3.826366 -4.018257 -4.124006 -4.162328 -4.157611 -4.137391 -4.124151 -4.144214 -4.209330 -4.298050 -4.366781 -4.434743 -4.501515 -4.543036 -4.616167 -4.739072 -4.875424 -4.964529 -4.972901 -4.917604 -4.832691
8.495011 8.791219 9.036554 9.168697 9.122110 8.941684 8.744161 8.564393 8.424141 8.334570 8.293547 8.282839 8.265052 8.181317 7.957189 7.534882 6.885619 5.989749 4.862227 3.564663 2.196939 0.869642 -0.316393 -1.269348 -1.891052 -2.024336 -1.555473 -0.520077 0.904189 2.417202 3.674258 4.375550 4.507246 3.453990 2.076642 0.679540 -0.588782 -1.652237 -2.471682 -3.050512 -3.414255 -3.597048 -3.641016 -3.597719 -3.522273 -3.459906 -3.437271 -3.464102 -3.531060 -3.624340 -3.743430 -3.896411 -4.088978 -4.321866 -4.593711 -4.871367 -5.079279 -5.110052 -4.914558 -4.614591 -4.300843
7.980611 8.390718 8.759840 9.019003 9.071936 8.958166 8.787115 8.624307 8.499089 8.421207 8.387322 8.381804 8.374282 8.311930 8.102249 7.689481 7.096090 6.319392 5.370802 4.283834 3.123686 1.976888 0.938948 0.118385 -0.409021 -0.402148 0.111344 0.992901 2.062661 3.142764 4.014507 4.493793 4.512215 3.773995 2.598948 1.306490 0.080455 -0.989725 -1.853629 -2.481104 -2.860780 -3.012530 -2.988815 -2.864330 -2.716646 -2.605904 -2.562127 -2.585739 -2.660027 -2.768392 -2.911775 -3.115117 -3.422410 -3.847272 -4.343170 -4.803778 -5.093381 -5.070561 -4.659048 -4.117156 -3.577973
