MFC+VTK/函数库及接口制作/重磁三维基本处理/张双喜的程序/经验模态分解_2D/三峡gra_ε=0.001_BIMF_D3.grd
DSAA
196 196
305000.000000 695000.000000
3265000.000000 3655000.000000
-12.59084 12.68441
[rows 135 to 161 of 196, columns 0 to 60 of 196]
0.782876 0.287898 -0.204767 -0.690582 -1.163065 -1.614660 -2.037252 -2.423027 -2.765058 -3.057444 -3.294818 -3.471259 -3.578023 -3.602995 -3.519194 -3.312366 -3.008150 -2.629695 -2.192006 -1.705246 -1.177228 -0.615205 -0.027491 0.576388 1.186867 1.794432 2.387831 2.951304 3.462485 3.889669 4.184787 4.273839 4.079140 3.645446 3.043325 2.338567 1.583910 0.821110 0.082521 -0.608914 -1.236577 -1.786822 -2.247883 -2.611432 -2.875525 -3.047376 -3.142940 -3.182926 -3.189062 -3.182907 -3.186105 -3.219718 -3.303373 -3.453385 -3.680490 -3.988554 -4.373358 -4.818803 -5.293564 -5.753142 -6.148065
0.811896 0.298823 -0.211158 -0.712453 -1.197744 -1.658865 -2.087463 -2.475460 -2.815283 -3.100100 -3.323701 -3.480223 -3.564136 -3.570046 -3.490336 -3.311138 -3.039486 -2.692746 -2.288128 -1.839015 -1.354565 -0.840512 -0.301835 0.253961 0.817073 1.376838 1.918180 2.419226 2.851691 3.180676 3.364237 3.361212 3.155014 2.763232 2.227578 1.599007 0.927028 0.257474 -0.367942 -0.917633 -1.368447 -1.706959 -1.928963 -2.039220 -2.053573 -2.000428 -1.916186 -1.836735 -1.790538 -1.796789 -1.867908 -2.012767 -2.238250 -2.548413 -2.942590 -3.413880 -3.947794 -4.520990 -5.101791 -5.650821 -6.122156
0.897477 0.358216 -0.177160 -0.701941 -1.207681 -1.685183 -2.125250 -2.519074 -2.858406 -3.135695 -3.344305 -3.479177 -3.539175 -3.534081 -3.449809 -3.280298 -3.028301 -2.705957 -2.329910 -1.916090 -1.476349 -1.016374 -0.534910 -0.032779 0.480664 0.991902 1.476265 1.901841 2.235902 2.448220 2.514476 2.423151 2.180325 1.802593 1.318673 0.766169 0.184722 -0.386179 -0.901087 -1.312620 -1.581645 -1.692918 -1.653424 -1.483806 -1.221529 -0.921000 -0.642480 -0.437218 -0.337691 -0.357851 -0.500254 -0.762319 -1.138225 -1.617429 -2.183979 -2.817472 -3.494180 -4.187679 -4.868914 -5.504643 -6.054495
1.039844 0.467918 -0.099535 -0.654786 -1.188072 -1.688762 -2.146308 -2.550842 -2.893452 -3.166386 -3.363642 -3.482449 -3.525836 -3.504303 -3.407682 -3.233005 -2.984223 -2.672487 -2.314263 -1.927429 -1.527189 -1.123478 -0.708813 -0.266611 0.202535 0.673885 1.102957 1.447269 1.674887 1.765785 1.713357 1.525569 1.221514 0.825092 0.364225 -0.128793 -0.621737 -1.090770 -1.512656 -1.802811 -1.896269 -1.770608 -1.446871 -0.967898 -0.404474 0.157065 0.633694 0.963668 1.114046 1.077114 0.859695 0.474149 -0.059643 -0.712413 -1.449546 -2.236611 -3.042499 -3.839898 -4.603893 -5.308945 -5.924164
1.235337 0.626946 0.023218 -0.567474 -1.134123 -1.664358 -2.145775 -2.567036 -2.918534 -3.192752 -3.384797 -3.493453 -3.522519 -3.481897 -3.365204 -3.173034 -2.912381 -2.596200 -2.242176 -1.870153 -1.498640 -1.140436 -0.797104 -0.426154 0.018738 0.464293 0.839946 1.101131 1.222502 1.194051 1.021141 0.723859 0.332904 -0.116598 -0.590194 -1.054568 -1.477034 -1.839155 -2.190149 -2.373255 -2.310185 -1.952278 -1.318089 -0.497265 0.378365 1.190916 1.849080 2.295440 2.497843 2.446180 2.151537 1.634438 0.935738 0.110204 -0.787503 -1.711274 -2.625366 -3.502862 -4.322815 -5.066440 -5.712075
1.475824 0.831059 0.190568 -0.437360 -1.040950 -1.606048 -2.117838 -2.562765 -2.930017 -3.212137 -3.405059 -3.508132 -3.524312 -3.460848 -3.316705 -3.096957 -2.812584 -2.479558 -2.117309 -1.746654 -1.387298 -1.054963 -0.756167 -0.465875 -0.014937 0.402629 0.718372 0.897141 0.919187 0.779123 0.486960 0.068607 -0.435204 -0.974175 -1.498935 -1.971464 -2.365254 -2.675535 -2.901443 -2.966452 -2.777796 -2.228386 -1.247917 -0.062126 1.104453 2.116418 2.911623 3.462389 3.732331 3.681882 3.307351 2.646959 1.780820 0.794172 -0.242743 -1.277635 -2.273009 -3.202402 -4.047121 -4.792608 -5.422059
1.748511 1.072306 0.399350 -0.263164 -0.903706 -1.506841 -2.054950 -2.531048 -2.921645 -3.218206 -3.416701 -3.516329 -3.518829 -3.428168 -3.250109 -2.995393 -2.679909 -2.322861 -1.944653 -1.565039 -1.201001 -0.862888 -0.546220 -0.220641 0.154587 0.502395 0.750161 0.853673 0.790007 0.552384 0.149338 -0.394034 -1.031832 -1.698204 -2.315721 -2.825536 -3.202829 -3.450369 -3.560369 -3.495277 -3.186293 -2.518290 -1.175013 0.333361 1.724673 2.835547 3.703994 4.346767 4.714944 4.707315 4.238888 3.426209 2.408606 1.291795 0.150211 -0.963047 -2.009676 -2.962197 -3.801128 -4.512731 -5.086207
2.036328 1.338721 0.642916 -0.045989 -0.718207 -1.358480 -1.946828 -2.461543 -2.883768 -3.201214 -3.408385 -3.503596 -3.487477 -3.364757 -3.147442 -2.853961 -2.505979 -2.125028 -1.730309 -1.337396 -0.956786 -0.591598 -0.236274 0.116449 0.454814 0.743797 0.931830 0.974742 0.844634 0.529319 0.031978 -0.627476 -1.405077 -2.227900 -2.982760 -3.541107 -3.902279 -4.089783 -4.096993 -3.886925 -3.386082 -2.445311 -1.039237 0.595904 2.116652 3.215816 4.117575 4.834010 5.307235 5.403667 4.816005 3.881562 2.767102 1.573325 0.371629 -0.783833 -1.851846 -2.801788 -3.611395 -4.265644 -4.759819
2.318956 1.614394 0.910280 0.209162 -0.482458 -1.152069 -1.779694 -2.338955 -2.802235 -3.148184 -3.366233 -3.453254 -3.409870 -3.246532 -2.985579 -2.654966 -2.281216 -1.885624 -1.483147 -1.082453 -0.686519 -0.294351 0.094274 0.470107 0.808803 1.078632 1.238612 1.248213 1.077420 0.708853 0.137774 -0.615082 -1.514607 -2.483896 -3.408235 -4.014906 -4.386684 -4.549661 -4.472635 -4.114919 -3.428693 -2.373598 -1.008462 0.513422 1.956636 3.145988 4.109420 4.861843 5.354542 5.450583 4.885783 3.955998 2.835590 1.630355 0.416578 -0.745491 -1.808001 -2.734975 -3.501537 -4.092622 -4.505177
2.574275 1.880121 1.185767 0.491814 -0.199183 -0.880446 -1.536920 -2.141423 -2.656107 -3.042323 -3.274054 -3.344528 -3.258347 -3.042987 -2.738167 -2.380845 -1.998376 -1.607843 -1.217116 -0.826311 -0.430740 -0.026115 0.385043 0.788317 1.156149 1.451299 1.629472 1.646239 1.467357 1.073178 0.445567 -0.369171 -1.360354 -2.402195 -3.372436 -4.119495 -4.609259 -4.816247 -4.685128 -4.228433 -3.458806 -2.405690 -1.143335 0.217383 1.543085 2.726927 3.706557 4.443678 4.875927 4.906105 4.465850 3.658562 2.622663 1.471716 0.293065 -0.842926 -1.878262 -2.768321 -3.484863 -4.016669 -4.371209
2.779715 2.114596 1.449749 0.785483 0.121421 -0.542843 -1.203113 -1.840815 -2.413658 -2.859397 -3.111910 -3.146812 -2.993357 -2.717996 -2.380282 -2.019260 -1.656549 -1.301168 -0.951860 -0.599041 -0.229222 0.167618 0.590752 1.026446 1.445703 1.805748 2.052856 2.128335 1.980789 1.579015 0.919824 0.056137 -0.980057 -2.076799 -3.108109 -3.967627 -4.580512 -4.885266 -4.739443 -4.269176 -3.521919 -2.549655 -1.422380 -0.220969 0.971331 2.072522 2.999636 3.681155 4.053845 4.070949 3.729127 3.066859 2.166426 1.122268 0.021504 -1.059176 -2.051651 -2.898574 -3.562669 -4.034372 -4.324765
2.912907 2.295712 1.680645 1.069464 0.460887 -0.150625 -0.773547 -1.409805 -2.030532 -2.555930 -2.848487 -2.806624 -2.563106 -2.238202 -1.896602 -1.568147 -1.264042 -0.982831 -0.711831 -0.430307 -0.114931 0.253248 0.679259 1.149543 1.633370 2.086060 2.447027 2.639424 2.582549 2.222693 1.560638 0.636402 -0.467552 -1.631039 -2.730532 -3.663426 -4.340796 -4.684589 -4.640431 -4.262058 -3.618726 -2.776933 -1.801620 -0.756924 0.292209 1.272605 2.103379 2.710743 3.041917 3.074064 2.813512 2.283357 1.531200 0.623854 -0.365325 -1.363902 -2.300807 -3.105462 -3.717568 -4.114863 -4.317082
2.951212 2.401320 1.857561 1.323077 0.796143 0.270462 -0.267210 -0.841022 -1.466248 -2.046708 -2.398830 -2.233291 -1.922695 -1.590751 -1.289234 -1.038039 -0.839444 -0.678383 -0.525392 -0.346302 -0.110087 0.210187 0.633689 1.136433 1.686007 2.241286 2.742950 3.104235 3.209454 2.944434 2.274967 1.267218 0.069305 -1.168622 -2.323465 -3.297669 -4.011417 -4.408090 -4.471628 -4.227462 -3.731904 -3.048090 -2.234703 -1.347026 -0.442474 0.405565 1.124217 1.652438 1.950339 2.002590 1.813094 1.398368 0.788630 0.028744 -0.826074 -1.715992 -2.578297 -3.341001 -3.911524 -4.204032 -4.296557
2.869862 2.409644 1.962644 1.529903 1.107057 0.688123 0.266121 -0.178022 -0.738044 -1.210581 -1.443645 -1.348630 -1.082809 -0.797636 -0.578925 -0.452125 -0.412568 -0.421431 -0.423502 -0.368841 -0.222989 0.036431 0.454333 0.979891 1.586372 2.236737 2.875448 3.420500 3.743835 3.645221 2.927325 1.806454 0.519313 -0.772330 -1.956993 -2.950256 -3.690007 -4.141527 -4.301051 -4.188526 -3.845684 -3.324497 -2.674464 -1.939593 -1.173193 -0.457315 0.147577 0.596294 0.860147 0.926895 0.797460 0.482995 0.003811 -0.609861 -1.318036 -2.073838 -2.826408 -3.519172 -4.064501 -4.218754 -4.216586
2.636741 2.301900 1.982904 1.678091 1.380445 1.080966 0.767788 0.424182 0.049453 -0.252008 -0.384253 -0.323349 -0.126071 0.087278 0.195955 0.149059 -0.027625 -0.250285 -0.433978 -0.515643 -0.454170 -0.226866 0.149913 0.681405 1.335423 2.065168 2.808264 3.484435 3.988060 4.125660 3.300279 2.109943 0.798326 -0.499404 -1.683458 -2.677897 -3.433633 -3.929173 -4.165835 -4.161565 -3.948753 -3.570929 -3.071605 -2.466967 -1.840945 -1.256573 -0.762273 -0.392189 -0.166865 -0.095264 -0.177507 -0.406308 -0.768514 -1.243379 -1.801387 -2.405105 -3.008017 -3.547216 -3.932595 -4.077178 -4.065719
2.239484 2.071481 1.910763 1.757405 1.604118 1.439698 1.253798 1.046456 0.842986 0.687931 0.623912 0.666015 0.799266 0.949750 0.966929 0.690818 0.254791 -0.197987 -0.569151 -0.792353 -0.826694 -0.657712 -0.294946 0.252773 0.952615 1.745801 2.551194 3.264438 3.741593 3.772722 3.155992 2.108461 0.872481 -0.380019 -1.532902 -2.509902 -3.268409 -3.791586 -4.081325 -4.152661 -4.032262 -3.757653 -3.367526 -2.898661 -2.408311 -1.948027 -1.557565 -1.263962 -1.082058 -1.016366 -1.065077 -1.223005 -1.483355 -1.830119 -2.240283 -2.683181 -3.117052 -3.488387 -3.744250 -3.862724 -3.856529
1.716639 1.729290 1.743991 1.759598 1.768757 1.759882 1.724124 1.664574 1.597745 1.540171 1.506122 1.506459 1.545383 1.605698 1.588834 1.040430 0.372949 -0.275690 -0.819407 -1.186194 -1.324582 -1.213573 -0.858199 -0.279592 0.472976 1.315763 2.139378 2.816762 3.207373 3.183887 2.706249 1.841285 0.743300 -0.420509 -1.508506 -2.447989 -3.197643 -3.732694 -4.048429 -4.156747 -4.087389 -3.882258 -3.581639 -3.225076 -2.852485 -2.501768 -2.204129 -1.981562 -1.845631 -1.796303 -1.824381 -1.928160 -2.104486 -2.336307 -2.607968 -2.897838 -3.174639 -3.402810 -3.556177 -3.628238 -3.621395
1.099469 1.293439 1.487721 1.680330 1.864189 2.026699 2.153460 2.235084 2.270845 2.263180 2.217705 2.143924 2.041081 1.880493 1.623147 1.055381 0.309917 -0.462528 -1.149686 -1.657950 -1.907850 -1.852629 -1.493794 -0.863331 -0.046109 0.835398 1.647539 2.263660 2.580231 2.537747 2.137543 1.418116 0.468097 -0.587334 -1.579802 -2.468100 -3.205914 -3.743281 -4.056425 -4.157899 -4.104145 -3.944247 -3.712875 -3.442325 -3.162453 -2.900610 -2.679995 -2.517847 -2.424110 -2.398340 -2.416166 -2.492047 -2.602690 -2.735825 -2.888774 -3.050602 -3.201332 -3.319588 -3.390455 -3.409555 -3.394673
0.417188 0.785235 1.153298 1.519499 1.877502 2.213390 2.503084 2.714512 2.821660 2.818836 2.720658 2.545742 2.296542 1.955291 1.492740 0.867700 0.100609 -0.723568 -1.504388 -2.137936 -2.510483 -2.516961 -2.127541 -1.411613 -0.521606 0.382723 1.163878 1.714168 1.967737 1.906011 1.548885 0.935766 0.129745 -0.778016 -1.684940 -2.529631 -3.257741 -3.797516 -4.076743 -4.124124 -4.074155 -3.943862 -3.759799 -3.548532 -3.333899 -3.136577 -2.973618 -2.857279 -2.793179 -2.778251 -2.802623 -2.864105 -2.947357 -3.008528 -3.076679 -3.147282 -3.208300 -3.248156 -3.260250 -3.243940 -3.201136
-0.301305 0.228283 0.757161 1.282518 1.797589 2.288180 2.725605 3.056224 3.206385 3.165128 2.987233 2.707169 2.332280 1.856560 1.274106 0.591418 -0.181614 -1.005212 -1.813779 -2.523748 -3.018204 -3.118166 -2.632370 -1.800003 -0.859306 0.028756 0.753474 1.233297 1.416613 1.323222 0.989155 0.454496 -0.232081 -1.010493 -1.817707 -2.595628 -3.291458 -3.833243 -4.036927 -4.061653 -4.003456 -3.883724 -3.723416 -3.544323 -3.366661 -3.207650 -3.080752 -2.994704 -2.952456 -2.951114 -2.983701 -3.038570 -3.098279 -3.142531 -3.174699 -3.195094 -3.200244 -3.187413 -3.156570 -3.107876 -3.038983
-1.027124 -0.351923 0.320212 0.982379 1.623506 2.227290 2.767575 3.193270 3.360901 3.256050 3.005847 2.643683 2.180294 1.622707 0.982113 0.276035 -0.478859 -1.257344 -2.017934 -2.704326 -3.241500 -3.468624 -2.798171 -1.896735 -0.987262 -0.185287 0.439573 0.838773 0.935120 0.804418 0.483544 0.006499 -0.589117 -1.261528 -1.964840 -2.646541 -3.245862 -3.687388 -3.902489 -3.947396 -3.888559 -3.766438 -3.607458 -3.433484 -3.264203 -3.116610 -3.003783 -2.933655 -2.908360 -2.924326 -2.972491 -3.038192 -3.104960 -3.159538 -3.193358 -3.200794 -3.176881 -3.130306 -3.067863 -2.991590 -2.900764
-1.730672 -0.927790 -0.132692 0.639500 1.368803 2.031890 2.595561 2.996002 3.155350 3.065910 2.792036 2.384110 1.872480 1.279731 0.628242 -0.058841 -0.759058 -1.447810 -2.090280 -2.630673 -2.971925 -2.950265 -2.415776 -1.647326 -0.883777 -0.247350 0.215477 0.476914 0.515281 0.360580 0.048657 -0.387443 -0.916052 -1.502940 -2.107784 -2.681973 -3.171848 -3.528272 -3.728970 -3.783849 -3.726404 -3.593779 -3.417234 -3.222794 -3.033750 -2.870956 -2.750890 -2.683510 -2.671392 -2.709953 -2.787889 -2.888569 -2.993232 -3.084319 -3.146958 -3.170405 -3.135228 -3.069588 -2.985090 -2.887717 -2.779270
-2.379287 -1.467890 -0.572521 0.279532 1.056877 1.728091 2.268512 2.620541 2.751884 2.662755 2.383995 1.960989 1.436571 0.847303 0.224826 -0.402155 -1.006399 -1.559281 -2.022957 -2.339605 -2.427727 -2.213463 -1.719659 -1.104707 -0.573076 -0.166445 0.103137 0.222880 0.188048 0.005567 -0.302503 -0.710726 -1.191684 -1.713173 -2.236240 -2.716176 -3.113525 -3.399359 -3.561686 -3.599499 -3.527972 -3.372077 -3.160235 -2.921719 -2.686451 -2.483328 -2.336057 -2.259346 -2.257548 -2.325663 -2.450590 -2.612090 -2.784238 -2.938698 -3.049147 -3.096293 -3.074195 -3.002770 -2.901974 -2.790320 -2.668006
-2.932523 -1.933452 -0.965392 -0.068525 0.721000 1.372616 1.859428 2.152838 2.240611 2.128600 1.839946 1.414625 0.900502 0.344325 -0.215116 -0.744987 -1.215288 -1.595406 -1.849373 -1.934645 -1.813303 -1.479801 -0.984306 -0.438443 -0.155127 0.029728 0.118395 0.100147 -0.021470 -0.241712 -0.555555 -0.949310 -1.400906 -1.878961 -2.344949 -2.758885 -3.088137 -3.311932 -3.422367 -3.419185 -3.310123 -3.112900 -2.846681 -2.542169 -2.237825 -1.972890 -1.780641 -1.683407 -1.689542 -1.794447 -1.983424 -2.229942 -2.496440 -2.740366 -2.922263 -3.014055 -3.009247 -2.932980 -2.816422 -2.696253 -2.560531
-3.333905 -2.274452 -1.273308 -0.375647 0.387683 0.991936 1.416001 1.646337 1.681012 1.530922 1.220664 0.791595 0.297130 -0.207363 -0.677105 -1.079803 -1.389355 -1.579811 -1.626617 -1.511674 -1.236344 -0.835318 -0.380458 0.019107 0.240469 0.314209 0.269038 0.120525 -0.103293 -0.365724 -0.698104 -1.093937 -1.535363 -1.992788 -2.430020 -2.809303 -3.095990 -3.266287 -3.316564 -3.257943 -3.086272 -2.826966 -2.486138 -2.097082 -1.708579 -1.367804 -1.116362 -0.987281 -0.998196 -1.146433 -1.414906 -1.765719 -2.146286 -2.499986 -2.775290 -2.933426 -2.955811 -2.864792 -2.744660 -2.602797 -2.448503
-3.495946 -2.431698 -1.462303 -0.618396 0.079770 0.614221 0.969560 1.136396 1.115275 0.920359 0.579037 0.139587 -0.332725 -0.779969 -1.143827 -1.399679 -1.537581 -1.542697 -1.407147 -1.134205 -0.748825 -0.304593 0.122429 0.456060 0.645927 0.673040 0.548581 0.294634 -0.047729 -0.359600 -0.726134 -1.144662 -1.593836 -2.048604 -2.480203 -2.854780 -3.124520 -3.255077 -3.241830 -3.120830 -2.868389 -2.513450 -2.080422 -1.598613 -1.125387 -0.707176 -0.388912 -0.215516 -0.224427 -0.423579 -0.784586 -1.248005 -1.747130 -2.216839 -2.595633 -2.832511 -2.895349 -2.797270 -2.652192 -2.490810 -2.322761
-3.272851 -2.359128 -1.512740 -0.779436 -0.183528 0.260076 0.539823 0.645548 0.571891 0.330787 -0.044102 -0.495665 -0.937652 -1.333212 -1.591776 -1.697541 -1.667552 -1.507811 -1.223965 -0.832426 -0.365548 0.125065 0.568675 0.907050 1.095332 1.105403 0.938071 0.624431 0.222946 -0.200465 -0.646995 -1.113275 -1.581707 -2.041923 -2.481136 -2.871815 -3.140995 -3.256201 -3.210998 -2.983334 -2.612354 -2.144344 -1.615861 -1.060520 -0.520493 -0.038693 0.340619 0.567038 0.576434 0.311348 -0.146708 -0.709417 -1.307230 -1.877451 -2.350509 -2.648481 -2.706494 -2.635440 -2.502603 -2.344224 -2.175909
