MFC+VTK/函数库及接口制作/重磁三维基本处理/张双喜的程序/经验模态分解_2D/三峡gra_ε=0.001_BIMF_D5.grd
DSAA
196 196
305000.000000 695000.000000
3265000.000000 3655000.000000
-35.37153 25.65342
[rows 135 to 161 of 196, columns 61 to 121 of 196]
-2.476012 -2.562422 -2.667286 -2.789335 -2.927246 -3.079618 -3.244955 -3.421648 -3.607941 -3.801914 -4.001448 -4.204195 -4.407560 -4.608683 -4.804465 -4.991626 -5.166825 -5.326813 -5.468627 -5.589776 -5.688384 -5.763222 -5.813635 -5.839445 -5.840902 -5.818701 -5.774046 -5.708725 -5.625096 -5.525968 -5.414400 -5.293510 -5.166324 -5.035687 -4.904218 -4.774306 -4.648108 -4.527570 -4.414433 -4.310255 -4.216412 -4.134117 -4.064419 -4.008214 -3.966247 -3.939118 -3.927280 -3.931048 -3.950592 -3.985943 -4.036988 -4.103471 -4.184991 -4.280996 -4.390789 -4.513523 -4.648212 -4.793737 -4.948869 -5.112295 -5.282647
-2.154857 -2.237321 -2.340095 -2.461936 -2.601543 -2.757538 -2.928448 -3.112679 -3.308495 -3.513984 -3.727033 -3.945279 -4.166079 -4.386467 -4.603132 -4.812445 -5.010551 -5.193533 -5.357636 -5.499538 -5.616673 -5.707377 -5.770785 -5.806654 -5.815295 -5.797615 -5.755252 -5.690644 -5.606897 -5.507505 -5.396051 -5.275989 -5.150524 -5.022565 -4.894730 -4.769361 -4.648553 -4.534177 -4.427900 -4.331205 -4.245400 -4.171632 -4.110894 -4.064027 -4.031734 -4.014572 -4.012964 -4.027194 -4.057412 -4.103628 -4.165714 -4.243400 -4.336268 -4.443750 -4.565121 -4.699499 -4.845840 -5.002948 -5.169483 -5.343993 -5.524943
-1.829899 -1.908032 -2.008253 -2.129350 -2.270050 -2.428997 -2.604739 -2.795700 -3.000161 -3.216229 -3.441801 -3.674532 -3.911775 -4.150535 -4.387397 -4.618495 -4.839533 -5.045937 -5.233106 -5.396682 -5.533119 -5.640037 -5.716201 -5.761250 -5.775576 -5.760454 -5.718284 -5.652510 -5.567206 -5.466593 -5.354695 -5.235173 -5.111290 -4.985932 -4.861646 -4.740694 -4.625083 -4.516601 -4.416837 -4.327202 -4.248938 -4.183135 -4.130734 -4.092536 -4.069202 -4.061263 -4.069114 -4.093022 -4.133121 -4.189412 -4.261761 -4.349892 -4.453385 -4.571668 -4.704008 -4.849502 -5.007077 -5.175479 -5.353281 -5.538899 -5.730628
-1.501646 -1.574999 -1.672147 -1.791913 -1.933050 -2.094224 -2.273995 -2.470799 -2.682928 -2.908499 -3.145422 -3.391368 -3.643715 -3.899487 -4.155278 -4.407139 -4.650494 -4.880181 -5.090775 -5.276902 -5.433745 -5.557610 -5.646450 -5.699695 -5.717859 -5.702989 -5.658863 -5.590365 -5.502634 -5.400481 -5.288165 -5.169380 -5.047323 -4.924774 -4.804176 -4.687684 -4.577212 -4.474463 -4.380951 -4.298020 -4.226857 -4.168503 -4.123856 -4.093682 -4.078615 -4.079162 -4.095702 -4.128492 -4.177657 -4.243198 -4.324979 -4.422732 -4.536041 -4.664342 -4.806908 -4.962840 -5.131053 -5.310266 -5.498995 -5.695554 -5.898078
-1.170636 -1.238706 -1.332222 -1.450038 -1.590929 -1.753571 -1.936529 -2.138240 -2.356990 -2.590894 -2.837859 -3.095557 -3.361378 -3.632381 -3.905216 -4.176015 -4.440190 -4.692175 -4.925567 -5.134727 -5.313428 -5.455634 -5.557349 -5.617569 -5.637137 -5.619945 -5.572081 -5.500108 -5.409987 -5.306775 -5.194695 -5.077307 -4.957652 -4.838371 -4.721782 -4.609934 -4.504652 -4.407560 -4.320110 -4.243588 -4.179137 -4.127755 -4.090310 -4.067542 -4.060065 -4.068371 -4.092832 -4.133698 -4.191095 -4.265027 -4.355367 -4.461856 -4.584094 -4.721531 -4.873460 -5.038996 -5.217069 -5.406400 -5.605483 -5.812573 -6.025680
-0.837439 -0.899695 -0.988997 -1.104229 -1.244175 -1.407513 -1.592800 -1.798456 -2.022747 -2.263757 -2.519366 -2.787218 -3.064680 -3.348808 -3.636286 -3.923349 -4.205638 -4.477779 -4.731848 -4.963566 -5.165398 -5.328165 -5.443634 -5.508913 -5.526670 -5.504939 -5.452781 -5.377960 -5.286624 -5.183650 -5.073016 -4.958062 -4.841652 -4.726286 -4.614168 -4.507257 -4.407300 -4.315863 -4.234342 -4.163984 -4.105894 -4.061044 -4.030278 -4.014320 -4.013772 -4.029120 -4.060733 -4.108862 -4.173640 -4.255078 -4.353064 -4.467352 -4.597562 -4.743167 -4.903481 -5.077652 -5.264634 -5.463174 -5.671783 -5.888704 -6.111888
-0.502684 -0.558575 -0.643075 -0.755084 -0.893389 -1.056656 -1.243417 -1.452059 -1.680800 -1.927669 -2.190480 -2.466805 -2.753941 -3.048884 -3.348281 -3.648344 -3.944690 -4.232093 -4.504571 -4.756636 -4.980846 -5.166267 -5.298190 -5.364723 -5.377523 -5.351117 -5.296403 -5.221049 -5.130737 -5.029947 -4.922374 -4.811159 -4.699020 -4.588349 -4.481266 -4.379662 -4.285234 -4.199500 -4.123824 -4.059424 -4.007381 -3.968651 -3.944067 -3.934342 -3.940077 -3.961758 -3.999757 -4.054332 -4.125627 -4.213665 -4.318351 -4.439457 -4.576626 -4.729353 -4.896984 -5.078695 -5.273479 -5.480122 -5.697175 -5.922915 -6.155301
-0.167074 -0.216045 -0.295152 -0.403308 -0.539290 -0.701738 -0.889145 -1.099837 -1.331959 -1.583449 -1.852009 -2.135087 -2.429852 -2.733174 -3.041586 -3.351221 -3.657745 -3.956362 -4.241943 -4.508801 -4.750016 -4.955666 -5.108347 -5.170626 -5.179734 -5.152919 -5.100006 -5.027773 -4.941416 -4.845145 -4.742488 -4.636475 -4.529746 -4.424635 -4.323216 -4.227346 -4.138693 -4.058754 -3.988874 -3.930257 -3.883976 -3.850981 -3.832101 -3.828053 -3.839439 -3.866752 -3.910375 -3.970576 -4.047514 -4.141231 -4.251646 -4.378555 -4.521621 -4.680367 -4.854165 -5.042224 -5.243574 -5.457043 -5.681233 -5.914478 -6.154796
0.168586 0.127090 0.053958 -0.049729 -0.182732 -0.343650 -0.530914 -0.742768 -0.977249 -1.232156 -1.505031 -1.793136 -2.093453 -2.402674 -2.717183 -3.033039 -3.345963 -3.651341 -3.944123 -4.218419 -4.466926 -4.679266 -4.837880 -4.909383 -4.926972 -4.908012 -4.862634 -4.797731 -4.718537 -4.629280 -4.533496 -4.434219 -4.334092 -4.235447 -4.140357 -4.050679 -3.968078 -3.894050 -3.829942 -3.776960 -3.736180 -3.708555 -3.694924 -3.696010 -3.712429 -3.744684 -3.793173 -3.858182 -3.939886 -4.038345 -4.153501 -4.285169 -4.433037 -4.596651 -4.775408 -4.968545 -5.175124 -5.394010 -5.623850 -5.863037 -6.109660
0.503360 0.469892 0.403310 0.304685 0.175283 0.016558 -0.169839 -0.382039 -0.617927 -0.875111 -1.150903 -1.442325 -1.746123 -2.058780 -2.376525 -2.695320 -3.010832 -3.318344 -3.612501 -3.886847 -4.133078 -4.340004 -4.493657 -4.583740 -4.620326 -4.617113 -4.584916 -4.531509 -4.462657 -4.382889 -4.295923 -4.204911 -4.112576 -4.021307 -3.933219 -3.850200 -3.773940 -3.705957 -3.647615 -3.600135 -3.564610 -3.542010 -3.533187 -3.538883 -3.559728 -3.596245 -3.648851 -3.717852 -3.803442 -3.905704 -4.024600 -4.159968 -4.311516 -4.478811 -4.661273 -4.858162 -5.068561 -5.291361 -5.525240 -5.768628 -6.019670
0.836153 0.811261 0.751797 0.658808 0.533585 0.377649 0.192756 -0.019073 -0.255512 -0.513905 -0.791265 -1.084317 -1.389543 -1.703216 -2.021399 -2.339918 -2.654284 -2.959520 -3.249886 -3.518516 -3.757155 -3.956642 -4.109220 -4.212272 -4.268119 -4.284173 -4.269141 -4.230700 -4.175019 -4.107012 -4.030683 -3.949381 -3.865974 -3.782955 -3.702519 -3.626616 -3.556983 -3.495180 -3.442603 -3.400505 -3.370004 -3.352095 -3.347655 -3.357447 -3.382126 -3.422238 -3.478221 -3.550404 -3.639006 -3.744129 -3.865760 -4.003756 -4.157845 -4.327615 -4.512500 -4.711775 -4.924537 -5.149688 -5.385916 -5.631663 -5.885090
1.165666 1.149898 1.098121 1.011323 0.890807 0.738169 0.555301 0.344432 0.108183 -0.150424 -0.428031 -0.721035 -1.025656 -1.337971 -1.653886 -1.969079 -2.278882 -2.578118 -2.860933 -3.120748 -3.350612 -3.544273 -3.697741 -3.809928 -3.881554 -3.916193 -3.919601 -3.898135 -3.857676 -3.803262 -3.739116 -3.668795 -3.595334 -3.521360 -3.449174 -3.380807 -3.318067 -3.262567 -3.215752 -3.178916 -3.153214 -3.139673 -3.139201 -3.152590 -3.180524 -3.223574 -3.282205 -3.356771 -3.447516 -3.554565 -3.677925 -3.817477 -3.972964 -4.143990 -4.330001 -4.530278 -4.743921 -4.969830 -5.206681 -5.452901 -5.706627
1.490359 1.484245 1.440744 1.360683 1.245343 1.096400 0.915922 0.706442 0.471020 0.213158 -0.063360 -0.354614 -0.656609 -0.965269 -1.276385 -1.585529 -1.887955 -2.178517 -2.451683 -2.701769 -2.923508 -3.112842 -3.267458 -3.386571 -3.470535 -3.521200 -3.542100 -3.537901 -3.513592 -3.473902 -3.423047 -3.364690 -3.302003 -3.237738 -3.174307 -3.113835 -3.058210 -3.009110 -2.968039 -2.936339 -2.915209 -2.905717 -2.908807 -2.925305 -2.955926 -3.001272 -3.061837 -3.138000 -3.230031 -3.338081 -3.462176 -3.602216 -3.757962 -3.929026 -4.114864 -4.314757 -4.527797 -4.752867 -4.988619 -5.233438 -5.485405
1.808398 1.812410 1.777806 1.705051 1.595292 1.450287 1.272352 1.064525 0.830519 0.574421 0.300416 0.012662 -0.284717 -0.587569 -0.891641 -1.192505 -1.485513 -1.765821 -2.028549 -2.269104 -2.483635 -2.669395 -2.824801 -2.949207 -3.042785 -3.106622 -3.142920 -3.154925 -3.146542 -3.121862 -3.084821 -3.039016 -2.987655 -2.933571 -2.879268 -2.826956 -2.778601 -2.735954 -2.700578 -2.673870 -2.657080 -2.651317 -2.657568 -2.676695 -2.709449 -2.756463 -2.818261 -2.895253 -2.987732 -3.095873 -3.219724 -3.359202 -3.514080 -3.683981 -3.868361 -4.066498 -4.277469 -4.500133 -4.733103 -4.974712 -5.222964
2.117652 2.132062 2.106994 2.042194 1.938364 1.797307 1.621799 1.415804 1.183925 0.930807 0.660892 0.378432 0.087572 -0.207544 -0.502716 -0.793642 -1.075947 -1.345283 -1.597530 -1.829072 -2.037044 -2.219446 -2.375065 -2.503345 -2.604343 -2.678751 -2.728018 -2.754396 -2.760818 -2.750626 -2.727280 -2.694134 -2.654306 -2.610629 -2.565645 -2.521629 -2.480609 -2.444401 -2.414628 -2.392741 -2.380039 -2.377680 -2.386690 -2.407974 -2.442316 -2.490386 -2.552737 -2.629809 -2.721920 -2.829268 -2.951921 -3.089811 -3.242722 -3.410284 -3.591952 -3.786996 -3.994476 -4.213225 -4.441816 -4.678527 -4.921303
2.415781 2.440358 2.425313 2.369270 2.271710 2.134213 1.960801 1.757027 1.528382 1.279785 1.015693 0.740306 0.457708 0.171955 -0.112891 -0.392770 -0.663692 -0.921869 -1.163886 -1.386878 -1.588628 -1.767572 -1.922721 -2.053582 -2.160134 -2.242839 -2.302698 -2.341313 -2.360869 -2.364011 -2.353653 -2.332782 -2.304307 -2.270966 -2.235276 -2.199528 -2.165789 -2.135921 -2.111596 -2.094316 -2.085427 -2.086132 -2.097498 -2.120469 -2.155867 -2.204396 -2.266640 -2.343068 -2.434023 -2.539725 -2.660259 -2.795570 -2.945455 -3.109544 -3.287294 -3.477965 -3.680605 -3.894022 -4.116761 -4.347077 -4.582899
2.700522 2.734067 2.728819 2.682330 2.591509 2.456572 2.285252 2.084901 1.861239 1.619020 1.362545 1.095904 0.823077 0.547981 0.274474 0.006308 -0.252951 -0.500040 -0.732122 -0.946869 -1.142488 -1.317691 -1.471634 -1.603872 -1.714333 -1.803327 -1.871578 -1.920263 -1.951027 -1.965943 -1.967403 -1.957982 -1.940298 -1.916910 -1.890240 -1.862544 -1.835887 -1.812153 -1.793045 -1.780104 -1.774716 -1.778122 -1.791431 -1.815622 -1.851554 -1.899962 -1.961464 -2.036553 -2.125598 -2.228838 -2.346375 -2.478167 -2.624017 -2.783561 -2.956253 -3.141352 -3.337897 -3.544692 -3.760283 -3.982941 -4.210656
2.970108 3.010153 3.012709 2.975325 2.891500 2.758415 2.591114 2.396701 2.180303 1.946433 1.699290 1.442875 1.181059 0.917591 0.656092 0.399989 0.152449 -0.083712 -0.306092 -0.512742 -0.702153 -0.873220 -1.025203 -1.157687 -1.270570 -1.364061 -1.438698 -1.495375 -1.535356 -1.560275 -1.572075 -1.572930 -1.565136 -1.551016 -1.532840 -1.512773 -1.492838 -1.474907 -1.460692 -1.451755 -1.449509 -1.455228 -1.470052 -1.494995 -1.530947 -1.578674 -1.638822 -1.711911 -1.798332 -1.898343 -2.012059 -2.139450 -2.280325 -2.434325 -2.600908 -2.779337 -2.968661 -3.167702 -3.375046 -3.589039 -3.807806
3.223534 3.266730 3.272828 3.238901 3.157905 3.034154 2.875984 2.690671 2.483834 2.260161 2.023874 1.778931 1.529094 1.277945 1.028862 0.784973 0.549102 0.323714 0.110887 -0.087691 -0.270705 -0.437181 -0.586447 -0.718116 -0.832064 -0.928431 -1.007627 -1.070351 -1.117600 -1.150676 -1.171165 -1.180883 -1.181810 -1.176011 -1.165564 -1.152498 -1.138755 -1.126160 -1.116409 -1.111062 -1.111545 -1.119152 -1.135047 -1.160270 -1.195737 -1.242243 -1.300457 -1.370923 -1.454052 -1.550119 -1.659254 -1.781434 -1.916476 -2.064027 -2.223555 -2.394340 -2.575460 -2.765789 -2.963993 -3.168550 -3.377777
3.460423 3.503388 3.509066 3.475119 3.399774 3.286139 3.139434 2.965664 2.770407 2.558538 2.334383 2.101898 1.864759 1.626388 1.389948 1.158309 0.934020 0.719281 0.515939 0.325497 0.149133 -0.012264 -0.158078 -0.287938 -0.401706 -0.499473 -0.581560 -0.648529 -0.701186 -0.740590 -0.768046 -0.785073 -0.793364 -0.794730 -0.791036 -0.784153 -0.775906 -0.768043 -0.762214 -0.759959 -0.762696 -0.771725 -0.788225 -0.813250 -0.847739 -0.892504 -0.948237 -1.015500 -1.094724 -1.186197 -1.290061 -1.406303 -1.534748 -1.675053 -1.826704 -1.989008 -2.161098 -2.341929 -2.530290 -2.724830 -2.924094
3.681109 3.721506 3.725435 3.692113 3.622134 3.517783 3.382689 3.221473 3.039060 2.840160 2.629092 2.409785 2.185833 1.960518 1.736821 1.517403 1.304604 1.100428 0.906559 0.724371 0.554949 0.399117 0.257459 0.130332 0.017886 -0.079936 -0.163392 -0.232944 -0.289261 -0.333227 -0.365928 -0.388646 -0.402829 -0.410053 -0.411975 -0.410290 -0.406689 -0.402819 -0.400261 -0.400510 -0.404962 -0.414905 -0.431518 -0.455863 -0.488888 -0.531419 -0.584163 -0.647695 -0.722459 -0.808757 -0.906742 -1.016411 -1.137600 -1.269980 -1.413061 -1.566194 -1.728583 -1.899291 -2.077260 -2.261337 -2.450307
3.886656 3.923325 3.925377 3.893136 3.827899 3.731710 3.607406 3.458591 3.289374 3.104001 2.906559 2.700852 2.490357 2.278223 2.067273 1.860008 1.658607 1.464937 1.280566 1.106776 0.944593 0.794799 0.657953 0.534409 0.424323 0.327668 0.244232 0.173623 0.115270 0.068422 0.032153 0.005368 -0.013179 -0.024859 -0.031137 -0.033537 -0.033602 -0.032866 -0.032822 -0.034904 -0.040465 -0.050769 -0.066980 -0.090156 -0.121246 -0.161079 -0.210368 -0.269696 -0.339514 -0.420135 -0.511721 -0.614280 -0.727663 -0.851560 -0.985513 -1.128926 -1.281088 -1.441186 -1.608330 -1.781578 -1.959956
4.078369 4.110789 4.110962 4.079753 4.018637 3.929556 3.814936 3.677726 3.521330 3.349415 3.165679 2.973669 2.776679 2.577703 2.379423 2.184205 1.994109 1.810899 1.636062 1.470822 1.316162 1.172840 1.041404 0.922208 0.815420 0.721033 0.638873 0.568598 0.509712 0.461557 0.423326 0.394067 0.372695 0.358008 0.348711 0.343439 0.340790 0.339353 0.337731 0.334567 0.328563 0.318493 0.303220 0.281702 0.253004 0.216298 0.170879 0.116164 0.051701 -0.022825 -0.107583 -0.202595 -0.307729 -0.422702 -0.547096 -0.680372 -0.821907 -0.971018 -1.126987 -1.289080 -1.456559
4.257312 4.285161 4.283287 4.252776 4.195128 4.112186 4.006121 3.879457 3.735057 3.576048 3.405673 3.227133 3.043468 2.857485 2.671712 2.488393 2.309489 2.136687 1.971414 1.814856 1.667972 1.531506 1.406007 1.291834 1.189171 1.098032 1.018272 0.949591 0.891545 0.843545 0.804871 0.774676 0.751996 0.735765 0.724826 0.717957 0.713884 0.711314 0.708951 0.705520 0.699788 0.690582 0.676800 0.657430 0.631556 0.598369 0.557178 0.507413 0.448632 0.380527 0.302928 0.215802 0.119259 0.013547 -0.100964 -0.223797 -0.354413 -0.492247 -0.636745 -0.787373 -0.943616
4.424117 4.447083 4.442841 4.412547 4.357671 4.279946 4.181348 4.064097 3.930655 3.783694 3.626015 3.460440 3.289712 3.116407 2.942885 2.771262 2.603404 2.440933 2.285230 2.137453 1.998548 1.869259 1.750141 1.641567 1.543741 1.456701 1.380331 1.314366 1.258401 1.211899 1.174201 1.144533 1.122020 1.105693 1.094506 1.087348 1.083060 1.080453 1.078328 1.075496 1.070793 1.063104 1.051375 1.034631 1.011988 0.982665 0.945998 0.901442 0.848579 0.787123 0.716914 0.637918 0.550220 0.454024 0.349640 0.237474 0.117989 -0.008350 -0.141123 -0.279977 -0.424613
4.578973 4.596723 4.589698 4.559065 4.506235 4.432830 4.340658 4.231702 4.108111 3.972186 3.826339 3.673025 3.514670 3.353597 3.191974 3.031776 2.874772 2.722514 2.576344 2.437398 2.306616 2.184748 2.072363 1.969855 1.877456 1.795232 1.723099 1.660827 1.608046 1.564259 1.528846 1.501084 1.480151 1.465144 1.455092 1.448967 1.445697 1.444184 1.443315 1.441979 1.439085 1.433580 1.424462 1.410803 1.391761 1.366595 1.334678 1.295507 1.248706 1.194027 1.131340 1.060623 0.981947 0.895465 0.801410 0.700095 0.591898 0.477216 0.356381 0.229604 0.096980
4.721697 4.733887 4.723625 4.692062 4.640545 4.570588 4.483851 4.382116 4.267278 4.141335 4.006364 3.864486 3.717818 3.568423 3.418259 3.269147 3.122745 2.980531 2.843804 2.713679 2.591091 2.476801 2.371400 2.275310 2.188795 2.111961 2.044764 1.987011 1.938370 1.898376 1.866441 1.841864 1.823853 1.811534 1.803976 1.800197 1.799188 1.799914 1.801333 1.802406 1.802108 1.799449 1.793485 1.783341 1.768224 1.747446 1.720432 1.686738 1.646048 1.598177 1.543047 1.480670 1.411122 1.334511 1.250981 1.160713 1.063964 0.961062 0.852324 0.737903 0.617719
