MFC+VTK/函数库及接口制作/重磁三维基本处理/张双喜的程序/经验模态分解_2D/三峡gra_ε=0.001_BIMF_D2.grd
DSAA
196 196
305000.000000 695000.000000
3265000.000000 3655000.000000
-18.46806 15.86437
[rows 54 to 80 of 196, columns 0 to 60 of 196]
2.025085 2.164021 2.264597 2.282520 2.216369 2.073389 1.812502 1.559223 1.345489 1.162484 0.998924 0.861218 0.759712 0.726686 0.794361 0.971255 1.247198 1.589469 1.952882 2.307574 2.424892 2.454911 2.436770 2.250997 1.795211 1.144002 0.439628 -0.170634 -0.575175 -0.725115 -0.621839 -0.341974 -0.132406 -0.005042 0.111548 0.216530 0.337713 0.464399 0.592459 0.739904 0.916121 1.118519 1.339348 1.565997 1.775947 1.932406 1.981640 1.843036 1.512038 1.063133 0.581737 0.119938 -0.324024 -0.844106 -1.054770 -0.703509 -0.050781 0.413102 0.852898 1.237783 1.427747
1.593518 1.753745 1.891384 1.982175 2.004654 1.933493 1.756212 1.515788 1.249762 0.984664 0.750911 0.583660 0.505470 0.522459 0.625929 0.800093 1.028523 1.289163 1.547742 1.748943 1.807184 1.749482 1.681369 1.440339 0.866223 0.152879 -0.547390 -1.044149 -1.339153 -1.424709 -1.308589 -0.986183 -0.574599 -0.403037 -0.242498 -0.048178 0.118184 0.247271 0.352406 0.458811 0.592823 0.770580 0.997675 1.270476 1.570771 1.852871 2.024881 1.925732 1.537010 1.036260 0.535052 0.082811 -0.305581 -0.595310 -0.638531 -0.372016 0.112118 0.618382 1.122507 1.579149 1.837390
1.015469 1.187410 1.347750 1.477625 1.551046 1.542156 1.440980 1.254999 1.009243 0.738411 0.486343 0.308682 0.261808 0.333672 0.473943 0.644734 0.821737 0.986102 1.116626 1.183174 1.163410 1.053503 0.858268 0.503352 -0.044516 -0.744860 -1.459756 -1.801485 -2.026927 -2.105653 -2.078004 -1.850449 -1.369570 -0.930028 -0.590281 -0.324780 -0.137976 -0.018272 0.062154 0.135535 0.230911 0.368571 0.563368 0.823985 1.142211 1.473052 1.704916 1.643386 1.220914 0.729794 0.275587 -0.099295 -0.365460 -0.484835 -0.433190 -0.214906 0.145864 0.600794 1.081421 1.494269 1.699976
0.347617 0.518129 0.684677 0.834431 0.946349 0.997930 0.971402 0.863375 0.686468 0.468217 0.246529 0.073954 0.068773 0.191896 0.352859 0.510309 0.633920 0.700552 0.703042 0.653389 0.539912 0.350045 0.067214 -0.320790 -0.806724 -1.359170 -1.872831 -2.211036 -2.436622 -2.584946 -2.666433 -2.619397 -1.999499 -1.379223 -0.916235 -0.626136 -0.457752 -0.354473 -0.279850 -0.216029 -0.150030 -0.070264 0.047865 0.229937 0.480233 0.764729 0.981924 0.851017 0.536430 0.173077 -0.152367 -0.390445 -0.513185 -0.512300 -0.405634 -0.214510 0.055575 0.402551 0.792733 1.149280 1.370241
-0.341763 -0.193717 -0.039735 0.118021 0.265484 0.381910 0.434529 0.417766 0.334830 0.206773 0.072032 -0.014419 0.004686 0.116263 0.263554 0.396485 0.474510 0.461704 0.342707 0.184203 -0.025609 -0.298657 -0.633123 -1.006345 -1.387570 -1.749795 -2.066951 -2.328497 -2.544875 -2.724974 -2.770108 -2.629581 -2.182761 -1.627847 -1.174784 -0.981159 -0.884351 -0.787990 -0.671962 -0.573233 -0.524983 -0.522511 -0.520500 -0.471469 -0.358600 -0.217496 -0.131221 -0.196402 -0.357026 -0.541395 -0.691496 -0.763387 -0.744431 -0.648709 -0.502984 -0.328982 -0.133487 0.090875 0.365419 0.709261 0.989621
-0.980429 -0.878887 -0.759168 -0.604719 -0.421357 -0.239187 -0.098596 -0.019899 -0.002645 -0.027876 -0.062308 -0.067939 -0.020737 0.076794 0.195876 0.295751 0.336965 0.279594 0.042449 -0.198883 -0.491443 -0.834735 -1.203528 -1.551743 -1.828101 -2.007856 -2.122941 -2.237047 -2.353249 -2.460237 -2.467911 -2.329508 -2.052548 -1.695185 -1.387132 -1.424196 -1.440814 -1.326891 -1.107663 -0.912035 -0.881943 -0.965735 -1.092095 -1.201728 -1.250254 -1.239715 -1.214813 -1.214391 -1.251797 -1.283913 -1.263002 -1.171187 -1.028745 -0.861595 -0.688177 -0.519911 -0.364447 -0.223854 -0.066432 0.318193 0.649145
-1.502075 -1.460041 -1.395394 -1.260232 -1.031955 -0.781993 -0.565715 -0.405536 -0.300312 -0.234223 -0.183949 -0.127753 -0.054111 0.036823 0.130149 0.195971 0.194177 0.082209 -0.159550 -0.470241 -0.829623 -1.221167 -1.612872 -1.951673 -2.168423 -2.208950 -2.100641 -2.021417 -1.970888 -1.986086 -1.948373 -1.848857 -1.730300 -1.652884 -1.703855 -1.923343 -2.073927 -1.922162 -1.584222 -1.246275 -1.249514 -1.379667 -1.586631 -1.829906 -2.023236 -2.054455 -2.001784 -1.934158 -1.926535 -1.910704 -1.756779 -1.540192 -1.322990 -1.123519 -0.939096 -0.763045 -0.594366 -0.429055 -0.216840 0.087482 0.390779
-1.858571 -1.858217 -1.847818 -1.750671 -1.473808 -1.183208 -0.925333 -0.713566 -0.546855 -0.415478 -0.306378 -0.208471 -0.115779 -0.028331 0.045388 0.085481 0.060300 -0.067438 -0.315767 -0.651783 -1.036917 -1.441782 -1.835226 -2.174284 -2.391966 -2.396915 -2.120509 -1.780720 -1.585722 -1.454541 -1.345742 -1.266676 -1.265902 -1.406499 -1.730090 -2.191234 -2.595145 -2.421122 -2.085874 -1.783385 -1.675967 -1.732020 -1.908901 -2.178650 -2.463395 -2.420102 -2.250560 -2.143380 -2.164510 -2.248131 -2.024564 -1.791105 -1.591512 -1.414071 -1.237392 -1.039709 -0.814077 -0.590827 -0.321669 -0.062207 0.204285
-2.024402 -2.019740 -1.990543 -1.884157 -1.670473 -1.412492 -1.159508 -0.933095 -0.738451 -0.573273 -0.432870 -0.313023 -0.211336 -0.128354 -0.069177 -0.044933 -0.073452 -0.186814 -0.438065 -0.761704 -1.125563 -1.501474 -1.860739 -2.172752 -2.400603 -2.465053 -2.046577 -1.576649 -1.207979 -0.934578 -0.742616 -0.644585 -0.682172 -0.908702 -1.348528 -1.936524 -2.466306 -2.601088 -2.441835 -2.212988 -2.045404 -1.980899 -2.009455 -2.096515 -2.166194 -2.104333 -1.888807 -1.772903 -1.810667 -1.917243 -1.931483 -1.888332 -1.819683 -1.716828 -1.559038 -1.334239 -1.060675 -0.770200 -0.478452 -0.211058 0.038012
-1.984098 -1.957591 -1.910282 -1.815542 -1.665022 -1.472587 -1.264736 -1.061895 -0.874616 -0.707265 -0.561592 -0.438336 -0.337924 -0.261518 -0.212566 -0.198851 -0.235118 -0.344317 -0.543974 -0.809011 -1.109572 -1.416950 -1.703588 -1.938703 -2.073470 -2.020077 -1.691532 -1.243451 -0.808348 -0.446383 -0.180391 -0.029686 -0.023389 -0.199226 -0.591204 -1.193782 -1.891456 -2.438885 -2.512985 -2.418616 -2.252973 -2.069722 -1.888764 -1.697212 -1.469433 -1.208348 -0.966849 -0.885346 -1.013810 -1.286302 -1.596205 -1.851747 -2.002552 -2.015745 -1.865189 -1.593688 -1.262967 -0.924309 -0.616713 -0.357007 -0.152940
-1.742862 -1.712874 -1.671202 -1.606566 -1.514228 -1.393957 -1.253884 -1.105240 -0.957250 -0.816642 -0.688883 -0.578395 -0.488125 -0.420072 -0.377095 -0.365599 -0.396386 -0.480063 -0.617695 -0.798715 -1.003479 -1.206822 -1.384257 -1.506091 -1.529983 -1.411885 -1.146830 -0.774068 -0.365355 0.016173 0.328737 0.542560 0.637192 0.592722 0.368583 -0.127976 -0.970028 -1.787857 -2.253795 -2.372845 -2.245658 -1.966447 -1.588621 -1.132732 -0.618875 -0.108639 0.265754 0.317772 0.000964 -0.527481 -1.140453 -1.741823 -2.147186 -2.265374 -2.086682 -1.751502 -1.365970 -1.000296 -0.697635 -0.468953 -0.316006
-1.340787 -1.332514 -1.319195 -1.296758 -1.262233 -1.213140 -1.149695 -1.074592 -0.990870 -0.901603 -0.811396 -0.726453 -0.652239 -0.591927 -0.548119 -0.526298 -0.534365 -0.576769 -0.648202 -0.734678 -0.820671 -0.892926 -0.941271 -0.947855 -0.888742 -0.747765 -0.527020 -0.233805 0.105156 0.455692 0.782383 1.045300 1.222598 1.298392 1.247568 0.966092 -0.063039 -1.095076 -1.826395 -2.091779 -2.004202 -1.671827 -1.163563 -0.526507 0.189683 0.905830 1.468996 1.519021 0.967878 0.201897 -0.644559 -1.601527 -2.253920 -2.351320 -2.135428 -1.751574 -1.326987 -0.967476 -0.691481 -0.511682 -0.407105
-0.829646 -0.863033 -0.893609 -0.921137 -0.944810 -0.963581 -0.976914 -0.983910 -0.981250 -0.963393 -0.927261 -0.876707 -0.819704 -0.761449 -0.706591 -0.662268 -0.635710 -0.628781 -0.633553 -0.626277 -0.573861 -0.502308 -0.425804 -0.338641 -0.229265 -0.090788 0.085852 0.303413 0.565985 0.862774 1.168833 1.451136 1.676508 1.801214 1.742806 1.350828 0.510544 -0.474947 -1.297265 -1.597961 -1.550158 -1.219465 -0.668588 0.039523 0.831074 1.600403 2.162793 2.197332 1.651233 0.775492 -0.277134 -1.380589 -2.241627 -2.237394 -1.957602 -1.573715 -1.173725 -0.827350 -0.577722 -0.463772 -0.416144
-0.266262 -0.349978 -0.432689 -0.514238 -0.595039 -0.676240 -0.759944 -0.847114 -0.932639 -1.001659 -1.035347 -1.025643 -0.980535 -0.910124 -0.831049 -0.758277 -0.696834 -0.639123 -0.573349 -0.480619 -0.272673 -0.069693 0.104890 0.254666 0.387198 0.501174 0.629165 0.771108 0.958112 1.192296 1.458287 1.726715 1.951835 2.063539 1.964326 1.541549 0.872884 0.096526 -0.568488 -0.918741 -0.944334 -0.664780 -0.156127 0.512935 1.253898 1.947651 2.423033 2.478139 2.067299 1.231363 0.165603 -0.864074 -1.537058 -1.684372 -1.517479 -1.219154 -0.888984 -0.587176 -0.369488 -0.325703 -0.306037
0.305416 0.163683 0.024748 -0.110829 -0.245492 -0.382442 -0.525610 -0.680344 -0.846824 -1.009111 -1.130409 -1.172516 -1.125297 -1.016943 -0.899944 -0.804456 -0.723943 -0.626637 -0.476537 -0.245711 0.061448 0.350295 0.587712 0.769854 0.897216 0.976561 1.038967 1.117687 1.236667 1.407210 1.621094 1.849247 2.040196 2.115731 1.986434 1.635735 1.140866 0.593274 0.113733 -0.188977 -0.250445 -0.062943 0.332233 0.873172 1.485806 2.056334 2.446757 2.550831 2.330587 1.634265 0.720241 -0.166658 -0.650514 -0.871280 -0.862808 -0.707398 -0.482144 -0.258413 -0.090056 0.013333 0.164110
0.840437 0.635825 0.440454 0.255055 0.072212 -0.114648 -0.306813 -0.509489 -0.729556 -0.967697 -1.191149 -1.314473 -1.238019 -1.062570 -0.901664 -0.803559 -0.727441 -0.617264 -0.421426 -0.104452 0.310306 0.676014 0.955593 1.153580 1.272569 1.316442 1.306245 1.320547 1.374276 1.484469 1.643975 1.820305 1.960605 2.003299 1.903965 1.670350 1.350532 1.004843 0.696717 0.485881 0.422348 0.523510 0.774731 1.130271 1.606508 2.065960 2.390215 2.518270 2.401187 1.978319 1.368669 0.748616 0.288144 -0.005833 -0.124525 -0.097329 0.032961 0.181509 0.312837 0.474249 0.713091
1.291051 1.026564 0.779184 0.550137 0.327187 0.096094 -0.141619 -0.376557 -0.607444 -0.860773 -1.168203 -1.410328 -1.278433 -1.050004 -0.861289 -0.783578 -0.721960 -0.628884 -0.454000 -0.149492 0.294179 0.796549 1.137121 1.346237 1.460722 1.499718 1.431286 1.369727 1.363085 1.421874 1.536055 1.668199 1.774436 1.817390 1.779363 1.668144 1.508594 1.332777 1.172153 1.057063 1.013916 1.052655 1.161763 1.334008 1.719906 2.084278 2.341383 2.492045 2.465976 2.271192 1.961687 1.579554 1.124416 0.752701 0.561229 0.546446 0.629826 0.710899 0.769502 0.944476 1.226186
1.600267 1.304523 1.013842 0.740298 0.483257 0.222659 -0.066419 -0.329758 -0.540545 -0.724363 -1.026424 -1.218462 -1.193521 -1.047519 -0.892969 -0.787738 -0.717683 -0.663249 -0.561410 -0.350001 0.017455 0.559369 1.062831 1.286925 1.391973 1.447767 1.343503 1.253161 1.219427 1.242570 1.326821 1.429961 1.525904 1.596990 1.634733 1.639618 1.618661 1.582327 1.541445 1.508416 1.496160 1.513668 1.568702 1.688012 1.910835 2.161626 2.376179 2.515083 2.532181 2.463176 2.356485 2.187033 1.701921 1.283245 1.071709 1.105416 1.232591 1.225292 1.210202 1.326865 1.611025
1.755806 1.454213 1.130787 0.793430 0.488480 0.230051 -0.109491 -0.389527 -0.583747 -0.745560 -0.919973 -1.033727 -1.071496 -1.016660 -0.916386 -0.811909 -0.727595 -0.719579 -0.692532 -0.585149 -0.375447 0.168946 0.656771 0.932434 1.047704 1.083480 1.038563 0.996315 0.980188 0.997086 1.052206 1.136125 1.239551 1.355596 1.475111 1.588070 1.684944 1.759860 1.809933 1.840251 1.862444 1.891437 1.939230 2.008066 2.114693 2.261777 2.421999 2.552009 2.561053 2.516462 2.452731 2.275119 1.923892 1.565088 1.359148 1.483008 1.685090 1.616141 1.511328 1.548565 1.794436
1.740328 1.453125 1.129095 0.696842 0.295784 0.004126 -0.271697 -0.523909 -0.672310 -0.788223 -0.881704 -0.948096 -0.983984 -0.973605 -0.923240 -0.857370 -0.808147 -0.796234 -0.780551 -0.706037 -0.508782 -0.142243 0.233281 0.487112 0.589896 0.655962 0.643426 0.667070 0.678296 0.693193 0.732010 0.808805 0.930743 1.097728 1.299010 1.513342 1.711300 1.870163 1.982445 2.056806 2.107360 2.151863 2.204545 2.224735 2.255536 2.323709 2.412990 2.485583 2.501131 2.466729 2.377914 2.196333 1.934954 1.680122 1.565655 1.658823 1.809816 1.762039 1.653069 1.628221 1.823943
1.519803 1.249023 0.969401 0.470069 -0.000159 -0.238558 -0.439596 -0.621230 -0.749895 -0.834477 -0.886538 -0.919484 -0.938824 -0.940471 -0.922099 -0.893628 -0.871211 -0.857557 -0.833801 -0.774162 -0.621452 -0.377381 -0.100667 0.126183 0.262625 0.329753 0.344971 0.349849 0.348390 0.353285 0.385901 0.467707 0.613497 0.828789 1.104441 1.411619 1.698592 1.910058 2.057261 2.159020 2.228425 2.270607 2.281335 2.282665 2.287402 2.302434 2.330701 2.354935 2.354489 2.314389 2.224513 2.077420 1.885325 1.693745 1.607462 1.710129 1.827787 1.819882 1.726942 1.620343 1.617726
1.097032 0.824235 0.498565 0.193857 -0.132910 -0.382780 -0.572175 -0.718760 -0.821435 -0.881159 -0.908153 -0.918154 -0.921810 -0.921170 -0.913860 -0.901681 -0.890406 -0.881862 -0.869471 -0.833650 -0.745512 -0.569274 -0.339426 -0.118808 0.041104 0.112732 0.109207 0.064384 0.020950 0.005939 0.040445 0.139800 0.312490 0.564676 0.897596 1.272386 1.632445 1.860222 2.027208 2.144196 2.226681 2.278233 2.288732 2.252761 2.207357 2.174490 2.159245 2.151746 2.134753 2.093747 2.033687 1.971750 1.877756 1.737899 1.617876 1.820983 1.960879 1.938829 1.833334 1.644733 1.480200
0.483656 0.363118 0.196620 -0.004956 -0.250122 -0.489835 -0.679941 -0.811316 -0.889189 -0.923259 -0.928125 -0.923961 -0.916983 -0.907367 -0.893183 -0.875977 -0.860917 -0.854387 -0.859425 -0.869732 -0.856011 -0.726942 -0.519307 -0.277961 -0.095764 -0.011390 -0.060286 -0.178275 -0.282222 -0.320366 -0.271120 -0.138669 0.067053 0.340978 0.707563 1.088699 1.431941 1.693760 1.890836 2.017601 2.112524 2.179023 2.204766 2.116231 2.016416 1.936621 1.886117 1.862027 1.850692 1.836428 1.826937 1.899385 1.955739 1.965648 1.987822 2.142039 2.249887 2.237194 2.026364 1.712081 1.345331
-0.255809 -0.076685 -0.001068 -0.141514 -0.384070 -0.619774 -0.792167 -0.891655 -0.946158 -0.950251 -0.933118 -0.925359 -0.912805 -0.886549 -0.850760 -0.814907 -0.786337 -0.773369 -0.784837 -0.822030 -0.857719 -0.831062 -0.687983 -0.405268 -0.209781 -0.079629 -0.168760 -0.351431 -0.533379 -0.591389 -0.508708 -0.329134 -0.078554 0.233382 0.581171 0.914562 1.203610 1.444477 1.641994 1.796417 1.910052 1.972545 1.965021 1.869341 1.732482 1.600532 1.506171 1.469068 1.491602 1.561834 1.673125 1.864015 2.083260 2.292464 2.462499 2.536344 2.558371 2.489489 2.253318 1.847613 1.356137
-1.010887 -0.494372 -0.139735 -0.288524 -0.562133 -0.797621 -0.923769 -0.948067 -0.980438 -0.946036 -0.923757 -0.916841 -0.899844 -0.842729 -0.773659 -0.715650 -0.673604 -0.646377 -0.649884 -0.692184 -0.777868 -0.854230 -0.845125 -0.608911 -0.365981 -0.228623 -0.240427 -0.397012 -0.674602 -0.747120 -0.626487 -0.397893 -0.109594 0.226564 0.539590 0.795055 0.993782 1.168422 1.360119 1.532886 1.659105 1.719566 1.695331 1.580063 1.395485 1.190070 1.025052 0.958176 1.023398 1.219902 1.503502 1.801649 2.135242 2.470085 2.768804 2.762712 2.753313 2.689907 2.505179 2.143816 1.578356
-1.567597 -0.880090 -0.491135 -0.513692 -0.759189 -1.001540 -1.052144 -1.002194 -0.945509 -0.893104 -0.864964 -0.861751 -0.855596 -0.754613 -0.651080 -0.574403 -0.529149 -0.488523 -0.487261 -0.515454 -0.636916 -0.738190 -0.740325 -0.606830 -0.453552 -0.341607 -0.268011 -0.285902 -0.541508 -0.666993 -0.596536 -0.327479 0.004525 0.329947 0.583685 0.749155 0.840115 0.926217 1.122598 1.291904 1.408042 1.480120 1.462011 1.317257 1.058764 0.742100 0.465691 0.328981 0.406693 0.715392 1.178831 1.635446 1.977342 2.278142 2.532244 2.663411 2.738989 2.758510 2.686917 2.458493 1.968748
-1.550078 -1.044314 -0.720265 -0.669063 -0.858394 -1.130986 -1.052252 -0.940665 -0.843508 -0.782617 -0.750349 -0.736280 -0.699362 -0.606052 -0.490331 -0.393415 -0.342339 -0.322780 -0.340175 -0.384395 -0.478760 -0.565702 -0.577152 -0.519736 -0.430382 -0.349789 -0.263638 -0.291285 -0.441949 -0.530197 -0.427868 -0.136840 0.217401 0.516392 0.679070 0.764003 0.771780 0.855619 0.998441 1.129969 1.204945 1.301643 1.303310 1.123036 0.762898 0.296971 -0.125193 -0.384118 -0.354531 -0.018577 0.570188 1.182294 1.478401 1.727579 1.978044 2.224924 2.436285 2.603353 2.675654 2.591989 2.318440
