MFC+VTK/函数库及接口制作/重磁三维基本处理/张双喜的程序/经验模态分解_2D/三峡gra_ε=0.001_BIMF_D1.grd
DSAA
196 196
305000.000000 695000.000000
3265000.000000 3655000.000000
-10.76823 10.95858
[rows 135 to 161 of 196, columns 0 to 60 of 196]
-0.873439 -1.218157 -1.687474 -2.038633 -1.829346 -2.113636 -2.255004 -2.321644 -2.116922 -1.859881 -1.439298 -0.903353 -0.433157 -0.043582 0.221986 0.307460 0.229314 0.032757 -0.197028 -0.374860 -0.461437 -0.537025 -1.103017 -2.140300 -2.466675 -2.569290 -2.980208 -3.512035 -3.262680 -1.785585 0.026674 1.458655 2.222122 2.181353 1.818382 1.219046 -0.441039 -1.486816 -0.981341 -0.282555 -0.092846 -0.221842 -0.356431 -0.289168 0.106850 0.595786 0.767801 0.495221 0.013496 -0.448092 -0.758007 -0.923782 -0.763272 0.036781 0.892021 1.520058 1.927801 1.835163 1.364009 1.049855 1.134680
-0.232730 -0.607093 -1.120785 -1.477957 -1.399088 -1.749712 -1.969814 -2.230944 -1.972220 -1.738400 -1.299245 -0.707578 -0.213924 0.095269 0.229502 0.142351 -0.142881 -0.541410 -0.963013 -1.339597 -1.488065 -1.301549 -1.424425 -2.214520 -2.734465 -3.018816 -3.266274 -3.293134 -2.930300 -1.850163 -0.184326 1.236050 2.039620 2.031839 1.561164 0.549340 -1.201906 -2.080967 -0.934976 -0.082083 -0.311710 -0.598512 -0.577524 -0.333824 0.234510 0.827028 1.040403 0.788251 0.313772 -0.179755 -0.686956 -1.296977 -1.810230 -0.695402 0.598690 1.384443 1.659136 1.430414 0.938384 0.769918 1.269740
0.504296 0.129050 -0.331832 -0.759107 -0.711469 -1.215659 -1.575929 -1.960326 -1.881543 -1.639561 -1.241170 -0.583979 0.002029 0.300962 0.367566 0.161441 -0.325657 -0.952873 -1.601338 -2.320594 -2.704957 -2.270286 -1.903385 -2.360399 -2.800110 -3.104369 -3.282119 -3.007218 -2.480965 -1.694906 -0.008217 1.437809 2.125285 2.002623 1.601586 0.689167 -0.748028 -1.268725 -0.192653 0.180533 -0.745731 -1.326000 -1.084558 -0.548558 0.423023 1.305879 1.537964 1.162574 0.533359 -0.005993 -0.498402 -1.073582 -1.447369 -0.471225 0.737561 1.357510 1.386256 0.963863 0.342224 0.202104 0.979811
1.276775 1.031701 0.674190 0.346243 0.194563 -0.500566 -1.221256 -1.583456 -1.719969 -1.653304 -1.340107 -0.772156 -0.047809 0.523463 0.668196 0.326742 -0.353142 -1.163623 -1.959751 -2.911117 -3.857996 -3.154771 -2.474744 -2.432276 -2.685131 -2.893034 -3.116970 -3.514997 -3.334289 -1.525846 0.566714 2.063611 2.433116 1.856910 1.760438 1.130106 0.535625 0.692888 0.974424 0.248669 -1.051196 -1.935862 -1.830225 -0.978818 0.695242 1.963238 2.081880 1.489917 0.511949 -0.022349 -0.218962 -0.413380 -0.287535 0.505912 1.345329 1.512344 1.221603 0.665585 -0.020049 -0.336601 0.005437
1.956964 1.887543 1.702394 1.438222 1.223296 0.331428 -0.660707 -1.272012 -1.612859 -1.710081 -1.533383 -1.110624 -0.140006 0.950386 1.255075 0.688168 -0.294869 -1.245368 -1.987138 -2.735487 -3.258806 -2.853708 -2.289513 -2.206346 -2.317016 -2.372646 -2.432030 -2.593551 -1.865871 0.092273 1.511127 2.743999 2.731024 1.444384 1.914066 1.169885 1.280577 1.951070 1.739375 0.177683 -0.338092 -0.961904 -1.875106 -1.303884 0.674459 1.766306 1.498109 0.977179 -0.190062 -0.810458 -0.318073 0.119966 0.619241 1.390572 2.005066 1.567425 1.024690 0.523068 -0.036623 -0.556811 -1.080032
2.480914 2.571080 2.619315 2.654070 2.174409 0.993790 0.000753 -0.932412 -1.542269 -1.773063 -1.648798 -1.199441 0.099079 1.759490 2.179169 1.098213 -0.340961 -1.333437 -1.768245 -1.947862 -1.933593 -1.631904 -1.513465 -1.568964 -1.692031 -1.581573 -1.293944 -0.692304 0.557372 1.779302 2.343677 2.483182 2.042695 1.305530 2.188743 1.268830 0.831124 1.637496 0.526022 -0.182743 0.911397 1.274354 -0.067062 -0.624698 0.392203 0.047355 -1.062809 -0.708780 -1.199357 -2.316339 -0.976021 0.291984 1.045052 1.466903 1.616513 0.926963 0.577202 0.391263 0.088676 -0.404002 -1.225072
2.845825 3.003081 3.061486 3.010607 2.541602 1.631862 0.614900 -0.567150 -1.516583 -1.963956 -1.812057 -1.129440 0.557675 2.928668 3.408533 1.232161 -0.840927 -1.647947 -1.492957 -0.958269 -0.388411 -0.091577 -0.265774 -0.724858 -0.964450 -0.756107 -0.170958 0.807003 2.042918 2.816789 2.915862 2.359069 1.778002 1.047677 0.988845 -0.479801 -1.696812 -0.112048 0.067342 0.500581 1.317076 2.097973 1.393930 1.479234 1.314730 -0.850528 -2.433639 -1.741556 -1.137909 -1.776155 -0.560372 0.414057 0.870358 0.474218 -0.240695 -0.540179 -0.156409 0.212071 0.293718 0.122853 -0.264368
2.937756 3.192991 3.248103 3.077257 2.812763 2.313654 1.346937 -0.094536 -1.545446 -2.443580 -2.394875 -1.487407 0.399421 2.886704 3.072371 0.322045 -2.165932 -2.384292 -1.289646 0.080809 1.374160 1.843436 1.202306 0.086399 -0.497475 -0.186666 0.532593 1.376382 2.568902 3.207688 2.807770 2.027877 1.317583 -0.204593 -1.468050 -1.875816 -2.039024 -1.221417 0.009816 1.378973 1.600070 1.264277 1.196674 2.104430 2.407176 -0.854879 -2.547774 -2.545996 -1.289649 1.733030 2.202083 0.572472 -0.227294 -0.881878 -2.121421 -2.109095 -0.837618 0.050894 0.535091 0.731778 0.922149
2.807571 3.164651 3.298866 3.335093 3.293123 3.050078 2.363705 0.563762 -1.526534 -3.096828 -3.276844 -2.108824 -0.373543 1.412319 1.137253 -1.379357 -3.353138 -2.856607 -1.032703 1.049715 3.243267 3.978106 2.189926 0.054357 -0.744287 -0.096634 0.773382 0.869834 0.814860 1.093651 1.626886 1.945689 2.100414 0.434033 -2.323904 -1.877640 -1.908965 -2.191120 -0.372122 0.776865 0.125346 -0.994884 -1.024544 0.259478 0.203894 -0.954019 -2.044370 -2.009794 -0.586536 2.581077 2.627861 -0.110543 -1.323001 -1.785422 -2.361613 -2.205252 -1.095126 0.018621 0.774771 1.024054 1.490208
2.387332 2.901947 3.166349 3.355753 3.433172 3.589498 3.215540 1.188296 -1.163740 -3.143609 -3.505328 -1.982146 -0.711145 0.011948 -0.824757 -2.840574 -3.776785 -2.692925 -0.717384 1.485526 3.723174 3.995033 1.016415 -1.881404 -1.998915 -0.673731 0.399774 -0.324825 -1.642994 -1.683992 -0.117431 1.378772 2.733647 2.287762 -0.434783 -1.402477 -1.660799 -1.692092 -0.367994 -0.134903 -1.459545 -2.453519 -2.051985 -1.407334 -0.369542 -0.280506 -1.328162 -1.121792 1.223860 2.279334 1.243717 -1.287954 -2.216164 -2.224372 -2.282889 -1.992338 -1.132337 0.088135 0.893321 0.687260 0.355444
1.869700 2.461583 2.788647 3.070897 3.277354 3.492845 3.017790 1.505632 -0.232425 -1.566418 -1.327255 -0.471662 -0.259478 -0.549327 -1.731575 -3.314617 -3.530237 -2.228826 -0.446807 1.314628 2.501568 1.691335 -1.210859 -3.924858 -3.320980 -1.901877 -1.042475 -1.654156 -2.777477 -2.908475 -1.728631 -0.036304 1.690875 2.023310 0.857526 -0.089966 -0.526997 -0.840515 -0.719653 -0.947927 -1.897942 -2.338731 -1.689869 -0.779126 0.784600 1.765616 1.520673 1.292537 1.741030 1.064669 -0.386449 -2.126478 -2.707367 -2.392228 -2.167934 -1.809361 -1.017797 0.290104 1.073919 0.146545 -1.504430
1.090038 1.790227 2.157118 2.585566 2.823925 2.784109 2.300767 1.405640 0.804696 1.125614 2.015804 1.423440 0.088306 -1.137112 -2.271292 -3.248248 -3.081611 -1.799857 -0.157981 1.217928 1.587121 0.377044 -1.055955 -3.261221 -3.325644 -2.993995 -2.834386 -2.639822 -2.780983 -3.333941 -3.236790 -1.900528 -0.172218 0.994068 1.509901 2.078296 1.002919 -0.405482 -1.668315 -2.057491 -2.095295 -2.027482 -1.307493 0.028606 1.844471 2.851994 2.625915 1.648345 0.653557 -0.493500 -1.627169 -2.612640 -2.737295 -2.321828 -1.933517 -1.515797 -0.849147 0.609336 1.661678 0.398035 -1.518341
-0.198593 0.651339 1.385483 1.805064 2.123297 1.656724 0.988434 0.601305 0.861430 2.219544 4.060802 2.220894 -0.271461 -2.460126 -3.468220 -3.648006 -3.058426 -1.466999 0.225560 1.555179 2.213871 2.229833 1.552424 -0.684904 -2.234911 -3.230334 -3.651996 -2.709494 -1.960506 -2.609326 -3.384424 -2.553593 -1.231441 0.083222 1.171761 2.987026 1.742616 -0.457884 -2.318533 -2.960628 -2.660897 -2.258421 -1.486890 0.054776 1.969045 2.580907 1.837278 0.811424 -0.395621 -1.658995 -2.274903 -2.338642 -2.140134 -1.651283 -1.279977 -0.809432 -0.245392 1.118279 2.277053 1.254974 -0.183352
-1.005899 -0.201946 0.317466 0.674993 0.907474 -0.075637 -1.014447 -0.999376 -0.388825 0.922738 1.976122 1.061355 -0.967691 -3.264233 -4.199314 -4.029633 -3.282627 -1.234352 0.511761 1.878351 2.999223 3.722972 2.843249 0.736360 -1.169763 -2.638037 -3.357740 -1.563579 0.232201 0.349760 -1.015618 -1.149501 -0.655781 -0.518654 -0.312250 1.168990 0.879928 -1.335526 -2.469643 -3.053203 -2.819158 -2.004721 -1.191455 0.337825 2.218369 2.394895 1.122074 -0.031308 -1.247944 -2.138346 -1.960046 -1.231290 -0.738102 -0.266305 0.034712 0.460425 0.767675 1.514758 2.245126 1.940001 1.328805
-1.876919 -1.286780 -1.011036 -0.957718 -1.191678 -2.293882 -3.520997 -3.053973 -2.619919 -1.523162 -0.518086 -0.739449 -1.238640 -1.168227 -1.473062 -2.744745 -3.021232 -1.653962 0.010773 1.505761 2.759638 3.307624 2.681679 1.176142 -0.406405 -1.437935 -1.407328 0.147102 2.670768 3.520051 1.025641 -0.114552 -0.295253 -0.745683 -1.622804 -1.160890 -1.464963 -2.878317 -3.010267 -2.694506 -1.847834 -0.446347 0.191849 1.650477 3.001869 2.425652 0.666006 -0.937214 -1.732762 -1.222804 -0.339385 0.270950 0.713083 1.166651 1.520093 1.920935 1.655216 1.494531 1.749662 2.008142 2.175154
-2.767721 -2.404548 -2.356980 -2.613890 -3.149880 -3.863587 -4.583500 -4.483176 -3.774058 -2.836238 -2.204676 -2.432763 -1.847624 1.809060 3.080385 -0.677493 -2.772214 -2.635963 -1.159106 0.487326 1.865774 2.429824 2.063681 1.010820 -0.101201 -0.527012 0.019029 1.370462 3.095295 3.358264 1.207858 -0.586502 -1.206484 -1.440836 -2.707652 -2.969355 -2.855966 -3.425765 -3.218288 -1.518509 -0.031219 0.907507 1.404193 3.191062 2.747671 1.730715 0.210291 -0.627579 -0.410111 0.992311 1.661565 1.700543 1.893074 2.082350 2.309413 2.649243 1.685576 0.809383 0.694442 1.234505 1.851865
-3.380820 -3.233545 -3.397391 -3.710796 -4.151187 -4.404650 -4.765400 -4.515911 -3.252871 -2.489037 -2.544724 -3.526605 -4.743865 -0.803306 4.514761 -0.021469 -3.114959 -3.810507 -2.285366 -0.266692 1.050993 1.470854 1.206920 0.403913 -0.390108 -0.180140 0.988697 2.101438 2.686457 2.225721 0.505760 -1.700782 -2.904274 -3.047582 -3.584324 -3.248643 -2.210756 -2.214943 -0.756280 1.066166 2.179247 1.641396 1.115546 2.125277 1.173969 0.476418 -0.690106 -0.025955 0.922156 1.858475 2.197784 2.533687 2.685595 2.578190 2.341485 1.835578 0.716704 -0.432661 -0.796086 0.018116 0.973304
-3.907410 -3.794724 -3.959351 -4.098695 -4.143772 -3.864604 -3.469715 -2.549803 -1.112576 -0.819884 -1.471188 -2.602489 -4.171547 -2.230373 1.566959 -1.297571 -3.587739 -3.928283 -2.470969 -0.596344 0.476178 0.469956 0.071524 -0.462189 -0.949982 -0.164033 1.449514 2.474105 2.483241 1.626106 0.144106 -1.988921 -3.590184 -3.591618 -3.654414 -2.398743 -0.612558 0.514782 2.189267 2.901938 3.431616 2.214714 1.008733 0.193296 -0.469939 -0.949170 -1.037661 0.300100 1.148529 1.749067 2.256529 2.787954 2.949342 2.588035 2.059747 1.065334 -0.382334 -1.685213 -2.418702 -0.867286 0.620961
-4.381970 -4.201466 -4.241181 -4.106021 -3.596050 -2.576525 -1.068528 0.799825 2.306316 1.658013 0.467200 0.315942 0.868161 0.568113 -1.380026 -3.429609 -4.022921 -3.718808 -2.311158 -0.912391 -0.470049 -0.834209 -1.125079 -1.128014 -0.936241 0.071965 1.578231 2.600327 2.653602 1.743092 0.304157 -0.933969 -1.840479 -2.291593 -1.201309 0.303452 1.876893 3.585665 3.263625 2.895674 3.347536 1.741761 -0.287965 -1.916013 -2.038958 -1.882946 -1.436814 -0.128358 1.303437 2.508810 2.940763 2.616863 2.304840 2.027296 1.765748 0.690770 -1.170078 -1.978635 -2.170776 -0.668800 0.897080
-4.785490 -4.518906 -4.381387 -4.062424 -2.991910 -1.081713 1.408052 3.750551 4.970503 3.391041 1.805853 2.531509 4.809748 3.566445 -1.648641 -4.215295 -4.083049 -3.559780 -2.568853 -1.708326 -1.665341 -2.301684 -2.104711 -1.318430 -0.537064 0.481938 1.721642 2.714193 2.850795 1.962576 0.753707 -0.176129 -0.912960 -1.233870 0.353054 2.272382 3.587736 3.560858 2.211883 1.221717 0.646867 -0.703806 -2.112852 -3.005641 -2.878392 -2.613549 -1.801469 -0.368708 1.641278 3.174221 2.595203 1.099394 0.380917 0.821733 1.461525 1.089806 -0.376299 -0.999592 -0.747820 0.333330 1.445749
-4.892478 -4.485168 -4.178308 -3.766446 -2.151326 0.369912 3.182481 5.022071 4.793620 2.901237 1.345500 1.937408 3.768771 2.753060 -1.356931 -3.519188 -3.618179 -3.371722 -3.054141 -2.531488 -2.181587 -2.483059 -1.736318 -0.657971 0.129815 0.841999 1.813595 2.782902 2.535442 2.213700 1.808292 0.257531 -1.379046 -1.825750 -0.641799 1.485073 3.040675 2.044365 -0.096453 -1.545952 -2.267061 -3.028865 -3.342006 -3.144344 -3.056654 -2.764483 -1.606857 -0.671639 0.845449 1.750649 0.285515 -1.314004 -1.816106 -0.381215 1.444830 2.400261 1.333009 0.420566 0.477078 1.212043 1.647770
-4.750571 -4.141176 -3.466421 -2.427348 -0.500503 1.893135 3.647177 4.045885 2.806607 0.861776 -0.682852 -0.689296 0.440437 0.158031 -1.599675 -2.666931 -2.887374 -2.861801 -2.916551 -2.463768 -1.422168 -0.473312 0.303035 0.719005 0.962888 0.917664 1.379324 2.514798 2.141496 2.412892 2.758277 0.540329 -2.007585 -2.920870 -2.354690 -0.814561 1.437539 0.587885 -1.915419 -3.051773 -3.287252 -3.293927 -2.995271 -2.532053 -2.451033 -2.145306 -1.219875 -0.975073 -0.689016 -1.179582 -2.568411 -2.793565 -2.305425 -0.633194 1.446062 2.774843 2.237273 1.353728 1.077983 1.187145 1.120766
-4.923071 -3.954198 -2.559824 -1.018638 1.328885 3.621577 3.991229 2.996087 1.083262 -1.165266 -3.087990 -3.753993 -2.125092 -1.594285 -2.032122 -2.092619 -2.063227 -2.005144 -1.889425 -1.319777 -0.143829 1.374572 2.022383 1.545096 1.271228 0.357250 0.135866 1.251038 1.712571 2.100255 2.704803 0.755809 -1.585332 -2.928271 -2.938004 -2.049214 0.204515 -0.375377 -2.086593 -2.508163 -2.598809 -2.280150 -2.024578 -1.785185 -1.757296 -1.524722 -1.392433 -1.889544 -2.011337 -2.588207 -3.145712 -2.488682 -1.622574 -0.288387 1.265969 2.251838 2.115888 1.595517 1.102257 0.653376 0.194614
-4.887365 -3.616149 -1.751636 0.112670 2.478422 4.368028 4.216966 2.395709 -0.264356 -2.696958 -4.498421 -4.489414 -2.888130 -2.103230 -1.697648 -1.328900 -1.140787 -1.020130 -0.820213 -0.219280 0.718663 1.477012 1.463082 0.799945 0.298041 -0.802149 -1.239310 -0.107701 0.516775 1.148968 1.426441 0.630605 -0.817819 -2.219049 -2.718201 -1.586398 -0.516763 -0.833258 -0.942801 -1.005477 -1.389207 -1.206312 -1.291925 -1.373717 -1.531564 -1.595191 -2.268856 -3.145698 -2.270916 -1.510710 -1.657738 -1.431911 -0.931100 0.003669 1.099448 1.778238 1.885082 1.613538 0.878419 -0.064784 -0.866586
-4.859341 -3.280075 -1.164659 0.804467 3.030546 4.687268 4.414304 2.231368 -0.815164 -2.973466 -3.434112 -2.907156 -1.924421 -1.315565 -0.743445 -0.310238 -0.179778 -0.157594 -0.130911 0.300446 0.970749 1.158159 0.532924 -0.687501 -0.938203 -1.453905 -1.731363 -0.760231 -0.882683 0.194863 0.536567 -0.439106 -1.724561 -2.031303 -1.658997 -0.791707 -0.385552 -0.337959 0.066731 0.071858 -0.290847 -0.518632 -0.861140 -1.618120 -1.992849 -2.259654 -2.632553 -3.183062 -1.682916 -0.338579 -1.107895 -1.341654 -0.817094 0.069407 1.063808 1.832769 2.205689 1.833172 0.654328 -0.792707 -1.925884
-4.803920 -2.992370 -0.701925 1.222681 3.256402 4.489910 3.933279 2.279715 0.273884 -1.050699 -0.993250 -0.413951 -0.218296 0.088498 0.617554 0.896961 0.622401 0.163976 -0.185131 0.035937 0.702670 0.890024 0.189357 -0.912333 -1.142397 -1.178331 -1.243784 -1.283092 -1.707969 0.372277 1.105843 -0.256989 -2.031882 -1.288754 -0.363867 -0.463643 0.007463 0.598819 0.609319 0.358701 0.110066 -0.600958 -1.244258 -2.580053 -2.627133 -2.288699 -1.217497 -1.280810 -0.230478 -0.199825 -1.807144 -2.126606 -1.207929 -0.132609 0.909240 1.946065 2.684819 2.008373 0.437335 -1.200332 -2.445386
-4.534685 -2.703195 -0.782404 1.310522 3.226000 4.021328 3.499133 2.747842 1.898142 1.113292 1.103679 1.435495 0.988706 1.104681 1.814803 2.157261 1.116867 -0.196010 -1.048427 -0.682671 0.508773 1.055740 0.519206 -0.270194 -0.554459 -0.535219 -0.692963 -0.872055 -0.398224 1.624157 0.698826 -0.799552 -1.011184 0.310371 -0.058437 -0.870023 0.302786 1.414576 1.187272 0.226683 -0.225998 -0.794917 -2.052545 -2.833997 -1.421366 0.517620 0.774534 1.730622 2.833166 0.715278 -1.498442 -2.547149 -1.849219 -0.811140 0.344319 1.480301 2.153112 1.497129 0.024761 -1.160253 -1.669046
