MFC+VTK/函数库及接口制作/重磁三维基本处理/张双喜的程序/经验模态分解_2D/三峡gra_ε=0.001_BIMF_A1.grd
DSAA
196 196
305000.000000 695000.000000
3265000.000000 3655000.000000
-152.78225 -15.19222
[rows 125 to 149 of 196, columns 0 to 54 of 196]
-141.671765 -142.167152 -142.659596 -143.145334 -143.621929 -144.088532 -144.540936 -144.966670 -145.345977 -145.654250 -145.871255 -145.992054 -146.023401 -145.975838 -145.857578 -145.672311 -145.420584 -145.102929 -144.720776 -144.274506 -143.760770 -143.170969 -142.492142 -141.706239 -140.771230 -139.790726 -138.808372 -137.888758 -137.079512 -136.383856 -135.757253 -135.173454 -134.609401 -134.033251 -133.427192 -132.791498 -132.107509 -131.330147 -130.543633 -129.817655 -129.204065 -128.802009 -128.966672 -129.278266 -129.584018 -129.798331 -129.856991 -129.717847 -129.354454 -128.752828 -127.892304 -126.859378 -125.729362 -124.586165 -123.523368
-141.772221 -142.269797 -142.766922 -143.264062 -143.761453 -144.253245 -144.718837 -145.121232 -145.423539 -145.607018 -145.676960 -145.656437 -145.570187 -145.438566 -145.276261 -145.091409 -144.884986 -144.652231 -144.384957 -144.071779 -143.695964 -143.233115 -142.651611 -141.918358 -141.014369 -139.954982 -138.851793 -137.803483 -136.906331 -136.204302 -135.673606 -135.267549 -134.895046 -134.411600 -133.802494 -133.162262 -132.531011 -131.920404 -131.346580 -130.857879 -130.530886 -130.473732 -130.772614 -131.241438 -131.694172 -132.003116 -132.085519 -131.898970 -131.424847 -130.663125 -129.639648 -128.434267 -127.150815 -125.905572 -124.803047
-141.903317 -142.371523 -142.844029 -143.326185 -143.819830 -144.316971 -144.791052 -145.188407 -145.433416 -145.492303 -145.421610 -145.271443 -145.074279 -144.854516 -144.633152 -144.426599 -144.242470 -144.076754 -143.915478 -143.736587 -143.507380 -143.185019 -142.720083 -142.062974 -141.180537 -140.077740 -138.837479 -137.580897 -136.475095 -135.630555 -135.026714 -134.663581 -134.469923 -134.115979 -133.586121 -133.105089 -132.685421 -132.320683 -132.016011 -131.823526 -131.822344 -132.073024 -132.554884 -133.154954 -133.700782 -134.046123 -134.108213 -133.859799 -133.289098 -132.409176 -131.265801 -129.933514 -128.519414 -127.162536 -126.003724
-142.071231 -142.470209 -142.882783 -143.320831 -143.785166 -144.263799 -144.728092 -145.125560 -145.335408 -145.278338 -145.101482 -144.853510 -144.563474 -144.258064 -143.965173 -143.713080 -143.524005 -143.403569 -143.336342 -143.289285 -143.208164 -143.029190 -142.691023 -142.132896 -141.303992 -140.181630 -138.809531 -137.318953 -135.883398 -134.676245 -133.798081 -133.270918 -133.012985 -132.846490 -132.706397 -132.629609 -132.586714 -132.531274 -132.508452 -132.603095 -132.886133 -133.382525 -134.056522 -134.801763 -135.425899 -135.758965 -135.774059 -135.462333 -134.822577 -133.877576 -132.668542 -131.258809 -129.750970 -128.285231 -127.072544
-142.277837 -142.562681 -142.878564 -143.246955 -143.664131 -144.104933 -144.522417 -144.848207 -144.999002 -144.939785 -144.730481 -144.427148 -144.068971 -143.688169 -143.318044 -142.997681 -142.770518 -142.667836 -142.682195 -142.760366 -142.818053 -142.768308 -142.541456 -142.082807 -141.341069 -140.251032 -138.766091 -136.962173 -135.052627 -133.334435 -132.040451 -131.257458 -130.948458 -130.999855 -131.303848 -131.764423 -132.239299 -132.505486 -132.753429 -133.103650 -133.611187 -134.277164 -135.080053 -135.938602 -136.628093 -136.917749 -136.916572 -136.543724 -135.867952 -134.926150 -133.713086 -132.279909 -130.759484 -129.296549 -128.028455
-142.511416 -142.647484 -142.837815 -143.116316 -143.480045 -143.875423 -144.234801 -144.493459 -144.605067 -144.549774 -144.342129 -144.019233 -143.620764 -143.183408 -142.743542 -142.343827 -142.043992 -141.922319 -142.008875 -142.189886 -142.354324 -142.404483 -142.238458 -141.839254 -141.181700 -140.182784 -138.663064 -136.455194 -133.976966 -131.676759 -129.910349 -128.887120 -128.587814 -128.870859 -129.585313 -130.555158 -131.555983 -132.156946 -132.694386 -133.278220 -133.947146 -134.702480 -135.513986 -136.299822 -136.922875 -137.280523 -137.361629 -136.917125 -136.249470 -135.390594 -134.225394 -132.828952 -131.388219 -129.970261 -128.695714
-142.729209 -142.732740 -142.792165 -142.962113 -143.278007 -143.631749 -143.940943 -144.150143 -144.239530 -144.185298 -143.986826 -143.663599 -143.247770 -142.776570 -142.289090 -141.827100 -141.445130 -141.265575 -141.403284 -141.620547 -141.816991 -141.924832 -141.745709 -141.342699 -140.697215 -139.751193 -138.318931 -135.659025 -132.714723 -129.920926 -127.688083 -126.500418 -126.236737 -126.742493 -127.803899 -129.128150 -130.422241 -131.469201 -132.340249 -133.133751 -133.904020 -134.663739 -135.390298 -136.031074 -136.520039 -136.795174 -136.785519 -136.427550 -135.833499 -135.050225 -133.949715 -132.726199 -131.487826 -130.165839 -128.971147
-142.941942 -142.846919 -142.810101 -142.868176 -143.117194 -143.427463 -143.698151 -143.880610 -143.953918 -143.900795 -143.712392 -143.397079 -142.979211 -142.494166 -141.985045 -141.504524 -141.122854 -140.926910 -140.949578 -141.081735 -141.210265 -141.231563 -141.035067 -140.591445 -139.855375 -138.718464 -136.967041 -134.404083 -131.416809 -128.431040 -125.882600 -124.560183 -124.210271 -124.922830 -126.261103 -127.816170 -129.323185 -130.652226 -131.771164 -132.714569 -133.523366 -134.217811 -134.796236 -135.243514 -135.537888 -135.647525 -135.534184 -135.190537 -134.633442 -133.881090 -132.941615 -131.911804 -130.855382 -129.793733 -128.815851
-143.188723 -143.019762 -142.898366 -142.882240 -143.031077 -143.289166 -143.528107 -143.701589 -143.776576 -143.730601 -143.553981 -143.251424 -142.842452 -142.360023 -141.849008 -141.365258 -140.970460 -140.712239 -140.594573 -140.570248 -140.552520 -140.444446 -140.160049 -139.623277 -138.751580 -137.402509 -135.477244 -133.029139 -130.258585 -127.497428 -125.139486 -123.562599 -122.882706 -123.798965 -125.258619 -126.875959 -128.455734 -129.888851 -131.111325 -132.106633 -132.882035 -133.451584 -133.832450 -134.044293 -134.103670 -134.015964 -133.777809 -133.387001 -132.837572 -132.141564 -131.342748 -130.502819 -129.680466 -128.919436 -128.249423
-143.565751 -143.302531 -143.077691 -142.955352 -143.024272 -143.235366 -143.468211 -143.645825 -143.727417 -143.691830 -143.530759 -143.247362 -142.857130 -142.388395 -141.881000 -141.381835 -140.935231 -140.569488 -140.289074 -140.073374 -139.869086 -139.602021 -139.190161 -138.539048 -137.586507 -136.104588 -134.135155 -131.834357 -129.405411 -127.057550 -125.054138 -123.660371 -123.155049 -123.730150 -124.954068 -126.429334 -127.919013 -129.295214 -130.478564 -131.416579 -132.078800 -132.465400 -132.606224 -132.550632 -132.351036 -132.047968 -131.662391 -131.196524 -130.644220 -130.010328 -129.327824 -128.658642 -128.085044 -127.655021 -127.349094
-144.090009 -143.736347 -143.401273 -143.153967 -143.174074 -143.362392 -143.572690 -143.735490 -143.813571 -143.787205 -143.647079 -143.392191 -143.030970 -142.582561 -142.075211 -141.540848 -141.008094 -140.497777 -140.023421 -139.588597 -139.174330 -138.732899 -138.201405 -137.499514 -136.517204 -134.973785 -133.079350 -130.988447 -128.960678 -127.064841 -125.483859 -124.422982 -124.059397 -124.408589 -125.314616 -126.511948 -127.767046 -128.939982 -129.966935 -130.744238 -131.209326 -131.357111 -131.227943 -130.890934 -130.422385 -129.889854 -129.337690 -128.780677 -128.219991 -127.648136 -127.074568 -126.553605 -126.205139 -126.154242 -126.238988
-144.760300 -144.336589 -143.952368 -143.682386 -143.629121 -143.723129 -143.859584 -143.973122 -144.029318 -144.007985 -143.894966 -143.680361 -143.360184 -142.938750 -142.428385 -141.844926 -141.203814 -140.521306 -139.820635 -139.134294 -138.490447 -137.878135 -137.237506 -136.463606 -135.430905 -134.044902 -132.401338 -130.654100 -128.973643 -127.470909 -126.272345 -125.506735 -125.251431 -125.492350 -126.146890 -127.050420 -128.005330 -128.864940 -129.648468 -130.158816 -130.339599 -130.205050 -129.804944 -129.205473 -128.479688 -127.706687 -126.961830 -126.290033 -125.703360 -125.186783 -124.740371 -124.396313 -124.244246 -124.637811 -125.076800
-145.449889 -145.068045 -144.703766 -144.404946 -144.308592 -144.293714 -144.314673 -144.343760 -144.358527 -144.337117 -144.257009 -144.095614 -143.831877 -143.449519 -142.940568 -142.304489 -141.544453 -140.674233 -139.726287 -138.757580 -137.854810 -137.096214 -136.371874 -135.560920 -134.579850 -133.408276 -132.087584 -130.709530 -129.379447 -128.205029 -127.291351 -126.729637 -126.558257 -126.749087 -127.225527 -127.877754 -128.563256 -129.151718 -129.554086 -129.672043 -129.490170 -129.058789 -128.437376 -127.643272 -126.708121 -125.693093 -124.706546 -123.883840 -123.215850 -122.713203 -122.417055 -122.390190 -122.692852 -123.337029 -124.005139
-146.123829 -145.860244 -145.600526 -145.357908 -145.167052 -145.010821 -144.892797 -144.818210 -144.779035 -144.753289 -144.709884 -144.613386 -144.425148 -144.103908 -143.612207 -142.929142 -142.045102 -140.981448 -139.790281 -138.544697 -137.353688 -136.490729 -135.698488 -134.890031 -134.026031 -133.096107 -132.107976 -131.092467 -130.097716 -129.194145 -128.464069 -128.001129 -127.875502 -128.028488 -128.358141 -128.776025 -129.204319 -129.534623 -129.573994 -129.225036 -128.646044 -127.951483 -127.218527 -126.347305 -125.296598 -124.074146 -122.776418 -121.748441 -120.863889 -120.282208 -120.138993 -120.474658 -121.221821 -122.201779 -123.115143
-146.729612 -146.612389 -146.498597 -146.347114 -146.083709 -145.793192 -145.543539 -145.366685 -145.269346 -145.235254 -145.228739 -145.204336 -145.110787 -144.883524 -144.440035 -143.717892 -142.702168 -141.443333 -140.032791 -138.590341 -137.261500 -136.176225 -135.273965 -134.486397 -133.769664 -133.090224 -132.418826 -131.738284 -131.050700 -130.379050 -129.766541 -129.297146 -129.147272 -129.213460 -129.385034 -129.515110 -129.650754 -129.757227 -129.515502 -128.693168 -127.783073 -126.958427 -126.227383 -125.431018 -124.386847 -123.047916 -121.520516 -120.050423 -118.723374 -117.926987 -117.943092 -118.637399 -119.791300 -121.145809 -122.382226
-147.210862 -147.214313 -147.232498 -147.230198 -146.917062 -146.557921 -146.229731 -145.973359 -145.817074 -145.766103 -145.791940 -145.841733 -145.855787 -145.753419 -145.409492 -144.638775 -143.481314 -142.039276 -140.438093 -138.824728 -137.345632 -136.096840 -135.107317 -134.356529 -133.792870 -133.349351 -132.959131 -132.569080 -132.148751 -131.689215 -131.198274 -130.722498 -130.360919 -130.173398 -130.135895 -129.895465 -129.709343 -129.467549 -128.930226 -127.995647 -126.914394 -126.004425 -125.484273 -124.958902 -124.031868 -122.563916 -120.675749 -118.670602 -116.894055 -115.775908 -115.974054 -116.977419 -118.482127 -120.125764 -121.505225
-147.507770 -147.600403 -147.669857 -147.705760 -147.542438 -147.258139 -146.939432 -146.645382 -146.429233 -146.338722 -146.383650 -146.512154 -146.645083 -146.658557 -146.458522 -145.594431 -144.307268 -142.720271 -140.964746 -139.193632 -137.563970 -136.204490 -135.183089 -134.496620 -134.073476 -133.820141 -133.648608 -133.486076 -133.281996 -133.013340 -132.666341 -132.169108 -131.511011 -130.813910 -130.246461 -129.799350 -129.471153 -129.041649 -128.353406 -127.371321 -126.218205 -125.181362 -125.033091 -124.859916 -124.131407 -122.432183 -120.139060 -117.687582 -115.581466 -114.373462 -114.460897 -115.634100 -117.434850 -119.339550 -120.880422
-147.545795 -147.754999 -147.933436 -148.040735 -148.023034 -147.883074 -147.673293 -147.412954 -147.146569 -146.970347 -146.994872 -147.223162 -147.508065 -147.603996 -147.299791 -146.425375 -145.081500 -143.415775 -141.571826 -139.693243 -137.941474 -136.500592 -135.516898 -134.918247 -134.589169 -134.435535 -134.384288 -134.368978 -134.323830 -134.201355 -134.025353 -133.568074 -132.676012 -131.369510 -130.079106 -129.476240 -129.157130 -128.717460 -127.967967 -126.991666 -125.972123 -125.194684 -124.919145 -124.805823 -124.325265 -122.280210 -119.765054 -117.095742 -114.763052 -113.364322 -113.425446 -114.805361 -116.830710 -118.910166 -120.574515
-147.273577 -147.649631 -147.992528 -148.258127 -148.413736 -148.449450 -148.437796 -148.311772 -148.047771 -147.739867 -147.643903 -148.027052 -148.444296 -148.511313 -148.060610 -147.089865 -145.697407 -144.033616 -142.214302 -140.348058 -138.563939 -137.057603 -136.192821 -135.654893 -135.312126 -135.113265 -135.040953 -135.069968 -135.138393 -135.161311 -135.068662 -134.718005 -133.887589 -132.252684 -129.988316 -129.394408 -129.053555 -128.610580 -127.798924 -126.863664 -125.968774 -125.269784 -124.804694 -124.353343 -123.461036 -121.676769 -119.340160 -116.840428 -114.571682 -113.000159 -113.138073 -114.754499 -116.795130 -118.782349 -120.349249
-146.670519 -147.265436 -147.829910 -148.324348 -148.719725 -149.007166 -149.214170 -149.325836 -149.197152 -148.833744 -148.499208 -149.074548 -149.418917 -149.260994 -148.597461 -147.499308 -146.052371 -144.481656 -142.829292 -141.159946 -139.554932 -138.166429 -137.338258 -136.718703 -136.193448 -135.764460 -135.492708 -135.422941 -135.518535 -135.622955 -135.515374 -135.243656 -134.767220 -133.635012 -131.403801 -130.022659 -129.231654 -128.564337 -127.770737 -126.892514 -126.026338 -125.231530 -124.541767 -123.727000 -122.569108 -120.969083 -119.010976 -116.969252 -115.211672 -114.199595 -114.401447 -115.662779 -117.331418 -118.877851 -119.958136
-145.749185 -146.594533 -147.416914 -148.183016 -148.863756 -149.447859 -149.940245 -150.321472 -150.497250 -150.427112 -150.441440 -150.455682 -150.180241 -149.568355 -148.666173 -147.513054 -146.078341 -144.674980 -143.333445 -142.064176 -140.869910 -139.794556 -138.897596 -138.041388 -137.150338 -136.308115 -135.650352 -135.284796 -135.242242 -135.388422 -135.163909 -134.872761 -134.436624 -133.563180 -132.151309 -130.767575 -129.674032 -128.763177 -127.888964 -126.991866 -126.080519 -125.162954 -124.216926 -123.147625 -121.889251 -120.454770 -118.919208 -117.457696 -116.341364 -115.861108 -116.168019 -117.134777 -118.332174 -119.228899 -119.703904
-144.552578 -145.638193 -146.714302 -147.757603 -148.732203 -149.603037 -150.357649 -151.014368 -151.592639 -152.077693 -152.218229 -151.390964 -150.208575 -149.074407 -148.007731 -146.851288 -145.610727 -144.506126 -143.626770 -142.925151 -142.272681 -141.519164 -140.577820 -139.438382 -138.040992 -136.679447 -135.506057 -134.632342 -134.151798 -133.991148 -133.901129 -133.743532 -133.509435 -133.039980 -132.265586 -131.242256 -130.146813 -129.099920 -128.104157 -127.112710 -126.092670 -125.027444 -123.904804 -122.716937 -121.478174 -120.241038 -119.113263 -118.187653 -117.612023 -117.506052 -117.887962 -118.652407 -119.504428 -119.701272 -119.598055
-143.146670 -144.408035 -145.678604 -146.953771 -148.195250 -149.328565 -150.282860 -151.066386 -151.757043 -152.433656 -152.782252 -150.858062 -148.891318 -147.426945 -146.433141 -145.453985 -144.506065 -143.887668 -143.616979 -143.566097 -143.511486 -143.114555 -142.023872 -140.471156 -138.671647 -136.841555 -135.128944 -133.607457 -132.514640 -131.997007 -131.996310 -132.208140 -132.408093 -132.400519 -132.085895 -131.429355 -130.454668 -129.380860 -128.298706 -127.206648 -126.054414 -124.860954 -123.651020 -122.457890 -121.330525 -120.334995 -119.545543 -119.021247 -118.814725 -118.934193 -119.313342 -119.799682 -120.144951 -120.031936 -119.581238
-141.606938 -142.929473 -144.278939 -145.676360 -147.100470 -148.449524 -149.531243 -150.173598 -150.500721 -150.515156 -149.850220 -148.043983 -145.999943 -144.450299 -143.590495 -143.046695 -142.751684 -142.868977 -143.292860 -143.831855 -144.271151 -144.278518 -142.930285 -141.079231 -138.990023 -136.798336 -134.606158 -132.518788 -130.774195 -129.800529 -130.027322 -130.768694 -131.465759 -131.854320 -131.830676 -131.367689 -130.520345 -129.461693 -128.341089 -127.208968 -125.953008 -124.695019 -123.479058 -122.355242 -121.385738 -120.630325 -120.113442 -119.848741 -119.842000 -120.068859 -120.385841 -120.608406 -120.595503 -120.257514 -119.601767
-139.999656 -141.241728 -142.518110 -143.866393 -145.291821 -146.711890 -147.848509 -148.031152 -147.726733 -146.973141 -145.644373 -143.821037 -141.882654 -140.392910 -139.740367 -139.888503 -140.615021 -141.645504 -142.738838 -143.682315 -144.249343 -144.125685 -143.008075 -141.201159 -139.011987 -136.628103 -134.173301 -131.766016 -129.578650 -128.042409 -128.743137 -129.898549 -130.919470 -131.546245 -131.659730 -131.248061 -130.394846 -129.290442 -128.148507 -126.985731 -125.769913 -124.552646 -123.396717 -122.376642 -121.575080 -121.035872 -120.720814 -120.604796 -120.660907 -120.919557 -121.142918 -121.179332 -120.946490 -120.428425 -119.634053
