MFC+VTK/函数库及接口制作/重磁三维基本处理/张双喜的程序/经验模态分解_2D/三峡gra_ε=0.001_BIMF_A2.grd
DSAA
196 196
305000.000000 695000.000000
3265000.000000 3655000.000000
-152.27227 -15.21482
[rows 150 to 174 of 196, columns 0 to 54 of 196]
-136.721991 -136.824412 -136.932679 -137.057603 -137.213709 -137.416987 -137.680347 -138.003633 -138.358670 -138.695928 -138.966037 -139.145155 -139.237053 -139.302372 -139.477313 -139.907446 -140.445500 -140.935317 -141.266954 -141.364696 -141.181250 -140.698793 -139.925891 -138.872462 -137.574588 -136.096515 -134.526436 -132.976056 -131.595220 -130.596298 -130.180925 -130.143293 -130.268958 -130.412083 -130.477701 -130.405944 -130.165355 -129.745134 -129.149809 -128.395583 -127.508787 -126.523510 -125.473253 -124.389259 -123.323214 -122.321223 -121.418001 -120.636141 -119.986681 -119.470913 -119.084297 -118.819335 -118.667274 -118.610420 -118.624218
-135.865899 -135.835254 -135.810033 -135.801494 -135.826479 -135.904719 -136.051520 -136.267346 -136.535047 -136.833648 -137.141880 -137.438316 -137.704538 -137.941623 -138.231980 -139.014637 -139.862677 -140.624334 -141.200236 -141.506347 -141.482038 -141.101407 -140.368281 -139.305468 -137.967274 -136.445444 -134.858564 -133.342197 -132.043615 -131.095625 -130.545768 -130.340279 -130.343608 -130.409754 -130.416099 -130.304668 -130.043974 -129.614258 -129.011711 -128.247418 -127.352194 -126.368420 -125.338215 -124.301799 -123.297401 -122.359577 -121.515498 -120.783020 -120.169682 -119.671576 -119.275776 -118.976995 -118.768622 -118.630183 -118.542474
-135.107631 -134.942229 -134.781054 -134.633896 -134.517140 -134.453327 -134.467177 -134.577252 -134.788565 -135.095424 -135.484456 -135.931294 -136.417734 -136.953530 -137.560619 -138.437430 -139.437157 -140.395303 -141.185357 -141.698842 -141.842406 -141.560382 -140.852653 -139.754244 -138.358807 -136.800587 -135.224644 -133.767245 -132.540100 -131.611055 -130.989158 -130.648669 -130.515654 -130.481300 -130.393129 -130.223322 -129.935452 -129.485408 -128.850090 -128.036478 -127.099120 -126.093991 -125.066825 -124.055475 -123.090827 -122.198683 -121.399326 -120.706341 -120.125549 -119.652028 -119.256632 -118.948845 -118.700286 -118.493486 -118.320242
-134.443553 -134.148431 -133.856312 -133.574827 -133.318151 -133.109779 -132.985888 -132.993804 -133.173836 -133.533740 -134.046227 -134.668505 -135.373986 -136.160407 -137.040510 -138.041123 -139.128526 -140.204651 -141.155091 -141.859649 -142.185093 -142.007637 -141.293612 -140.120270 -138.656238 -137.077130 -135.533048 -134.141778 -132.978353 -132.071034 -131.410819 -130.970171 -130.698555 -130.518018 -130.339180 -130.112678 -129.794064 -129.318805 -128.618802 -127.719956 -126.722666 -125.684260 -124.645444 -123.639135 -122.691919 -121.824747 -121.053130 -120.386431 -119.826305 -119.364790 -118.986284 -118.682169 -118.430206 -118.179421 -117.951484
-133.865803 -133.451392 -133.039780 -132.638150 -132.259794 -131.927194 -131.679773 -131.588159 -131.753157 -132.212070 -132.873485 -133.666410 -134.558452 -135.537413 -136.594165 -137.708708 -138.858379 -139.990771 -141.027085 -141.868545 -142.377294 -142.339951 -141.547130 -140.264437 -138.755804 -137.199050 -135.716706 -134.400237 -133.310851 -132.438798 -131.758669 -131.241372 -130.849431 -130.534124 -130.243786 -129.931187 -129.553079 -129.044588 -128.224139 -127.253613 -126.206173 -125.131146 -124.067402 -123.046710 -122.094623 -121.230675 -120.468317 -119.814363 -119.268201 -118.821891 -118.462012 -118.169161 -117.917056 -117.675985 -117.439964
-133.363518 -132.844013 -132.328890 -131.828409 -131.359669 -130.947549 -130.627966 -130.464028 -130.623865 -131.209397 -131.996317 -132.917148 -133.941288 -135.045620 -136.204649 -137.387524 -138.564657 -139.697843 -140.732022 -141.595868 -142.196079 -142.343186 -141.377799 -140.040651 -138.579252 -137.122636 -135.751305 -134.523836 -133.527334 -132.696114 -132.003628 -131.426277 -130.936833 -130.503824 -130.091565 -129.657381 -129.149337 -128.498892 -127.641660 -126.636287 -125.549600 -124.434355 -123.332361 -122.277762 -121.298323 -120.415522 -119.644003 -118.990826 -118.455122 -118.028379 -117.694713 -117.430755 -117.209482 -117.005602 -116.798262
-132.923036 -132.314807 -131.714968 -131.140960 -130.618431 -130.181616 -129.879422 -129.788625 -130.012015 -130.584283 -131.406212 -132.392659 -133.489574 -134.656978 -135.857681 -137.054655 -138.211687 -139.290023 -140.239667 -140.987474 -141.414530 -141.328206 -140.551889 -139.388934 -138.103614 -136.835252 -135.642778 -134.564752 -133.633196 -132.828437 -132.124998 -131.500133 -130.932251 -130.396888 -129.863149 -129.291421 -128.636379 -127.856346 -126.935644 -125.890653 -124.763362 -123.600702 -122.446194 -121.337879 -120.308487 -119.384974 -118.586737 -117.923831 -117.396437 -116.995285 -116.702169 -116.491307 -116.332409 -116.193921 -116.044910
-132.526312 -131.846414 -131.182497 -130.563378 -130.025697 -129.612973 -129.378080 -129.380547 -129.665941 -130.238459 -131.057782 -132.057404 -133.172773 -134.348787 -135.537722 -136.695801 -137.780657 -138.747733 -139.541766 -140.085390 -140.275643 -140.018925 -139.328891 -138.367784 -137.354452 -136.346183 -135.368539 -134.446112 -133.594696 -132.818271 -132.105716 -131.442430 -130.811394 -130.190077 -129.548429 -128.850080 -128.063588 -127.168548 -126.162188 -125.053457 -123.868820 -122.644661 -121.421159 -120.238929 -119.137423 -118.152299 -117.310996 -116.629038 -116.108883 -115.741121 -115.505811 -115.373444 -115.306319 -115.261800 -115.197142
-132.146914 -131.412419 -130.707754 -130.074655 -129.556408 -129.197338 -129.041856 -129.126498 -129.467884 -130.059583 -130.874545 -131.861768 -132.957552 -134.098194 -135.228414 -136.299205 -137.263997 -138.074539 -138.675827 -139.005364 -139.006393 -138.659290 -138.007380 -137.160648 -136.437719 -135.685089 -134.912534 -134.142736 -133.383895 -132.643140 -131.927559 -131.235530 -130.556397 -129.868876 -129.143004 -128.346474 -127.454355 -126.455033 -125.351779 -124.156503 -122.890742 -121.586186 -120.274825 -118.998553 -117.804995 -116.740105 -115.841132 -115.131558 -114.618131 -114.291982 -114.131581 -114.101060 -114.151072 -114.224828 -114.265749
-131.742427 -130.973568 -130.259193 -129.646909 -129.176145 -128.883774 -128.802627 -128.954549 -129.344603 -129.961494 -130.778071 -131.746688 -132.803206 -133.878392 -134.911989 -135.855299 -136.664844 -137.296110 -137.704961 -137.853775 -137.726507 -137.344653 -136.771666 -136.112535 -135.491093 -134.882595 -134.267511 -133.641259 -132.987954 -132.284052 -131.574725 -130.867311 -130.156911 -129.425086 -128.644165 -127.782687 -126.814436 -125.723616 -124.517390 -123.221680 -121.850104 -120.444799 -119.025929 -117.638183 -116.339291 -115.182920 -114.214555 -113.468375 -112.960385 -112.683526 -112.613612 -112.702980 -112.886640 -113.092792 -113.251127
-131.240609 -130.478704 -129.803713 -129.251222 -128.850399 -128.629223 -128.612183 -128.815826 -129.243475 -129.881984 -130.702632 -131.653097 -132.660609 -133.656307 -134.568240 -135.356197 -135.993087 -136.445610 -136.686535 -136.699872 -136.492757 -136.103712 -135.597417 -135.043103 -134.488972 -133.956428 -133.440695 -132.929392 -132.394075 -131.730722 -131.040446 -130.336274 -129.611272 -128.852850 -128.041823 -127.147482 -126.134701 -124.973472 -123.662371 -122.260719 -120.767577 -119.230115 -117.687474 -116.180918 -114.777105 -113.529037 -112.485416 -111.692083 -111.184512 -110.965745 -110.999524 -111.215467 -111.532788 -111.868958 -112.141160
-130.514731 -129.883546 -129.316398 -128.861224 -128.548710 -128.401612 -128.439097 -128.677812 -129.127735 -129.779337 -130.598990 -131.527026 -132.471655 -133.387302 -134.171737 -134.795051 -135.258236 -135.549688 -135.656344 -135.575361 -135.319963 -134.923624 -134.441458 -133.920591 -133.400537 -132.909358 -132.450619 -132.002498 -131.520745 -130.956856 -130.330196 -129.654460 -128.927049 -128.150101 -127.320648 -126.419200 -125.383069 -124.185012 -122.802377 -121.256830 -119.610416 -117.927227 -116.259422 -114.653925 -113.163408 -111.838056 -110.726032 -109.878345 -109.356509 -109.212106 -109.354261 -109.681596 -110.107786 -110.549704 -110.913416
-129.661404 -129.195140 -128.778747 -128.451739 -128.244101 -128.176811 -128.265167 -128.524456 -128.976193 -129.635438 -130.438355 -131.310601 -132.181322 -132.995009 -133.683932 -134.148857 -134.463727 -134.623756 -134.627052 -134.480562 -134.196787 -133.786996 -133.281639 -132.740035 -132.221153 -131.751762 -131.331882 -130.931520 -130.506654 -130.024249 -129.469411 -128.839562 -128.118405 -127.326292 -126.469730 -125.571068 -124.498867 -123.277903 -121.837891 -120.145120 -118.353900 -116.546724 -114.779228 -113.098029 -111.547476 -110.172436 -109.019094 -108.135255 -107.581670 -107.530200 -107.753174 -108.146183 -108.630189 -109.126319 -109.536228
-128.713204 -128.436628 -128.189516 -128.005517 -127.913193 -127.933205 -128.078861 -128.359214 -128.791761 -129.458211 -130.224061 -131.020424 -131.791250 -132.481351 -133.035373 -133.407212 -133.614451 -133.673009 -133.595259 -133.395541 -133.090250 -132.684427 -132.103426 -131.507924 -130.970679 -130.519410 -130.141505 -129.791653 -129.422627 -129.000361 -128.499821 -127.904537 -127.204610 -126.407406 -125.521349 -124.540866 -123.416835 -122.127496 -120.629020 -118.858644 -116.985246 -115.104423 -113.278606 -111.556535 -109.980607 -108.591790 -107.436781 -106.580842 -106.107745 -106.038125 -106.256556 -106.650850 -107.129358 -107.603188 -107.969632
-127.742955 -127.641507 -127.556989 -127.514315 -127.538280 -127.649193 -127.862420 -128.191998 -128.656247 -129.266079 -129.955959 -130.657746 -131.315297 -131.879762 -132.311927 -132.590001 -132.712409 -132.693797 -132.552011 -132.301603 -131.948191 -131.481830 -130.892630 -130.262948 -129.695721 -129.278081 -128.950539 -128.647107 -128.321350 -127.940332 -127.476879 -126.908007 -126.218780 -125.403576 -124.462103 -123.387212 -122.166766 -120.779530 -119.187905 -117.402273 -115.518528 -113.625166 -111.791538 -110.072234 -108.512776 -107.154119 -106.038326 -105.222024 -104.815925 -104.730719 -104.899330 -105.237054 -105.654122 -106.062776 -106.384695
-126.794016 -126.839096 -126.894535 -126.977791 -127.109013 -127.307431 -127.589636 -127.968512 -128.448181 -129.011859 -129.621059 -130.222961 -130.767490 -131.214425 -131.535778 -131.718778 -131.763141 -131.680508 -131.486297 -131.191404 -130.798132 -130.304781 -129.722985 -129.088830 -128.483221 -128.126254 -127.831952 -127.548925 -127.246476 -126.890744 -126.449467 -125.891324 -125.192977 -124.338936 -123.322135 -122.141357 -120.800528 -119.298671 -117.638996 -115.854162 -114.000983 -112.147480 -110.358352 -108.689340 -107.188232 -105.898855 -104.864448 -104.128859 -103.723460 -103.599582 -103.695876 -103.943496 -104.267130 -104.593992 -104.865667
-125.892816 -126.050729 -126.215639 -126.400089 -126.619987 -126.891904 -127.230014 -127.641871 -128.122535 -128.650969 -129.194373 -129.709168 -130.152218 -130.492097 -130.708892 -130.798877 -130.768992 -130.630822 -130.396045 -130.073159 -129.667546 -129.186609 -128.647645 -128.085103 -127.566735 -127.168911 -126.839157 -126.534661 -126.235893 -125.893985 -125.458419 -124.886527 -124.153932 -123.244478 -122.136575 -120.843654 -119.386351 -117.787199 -116.077694 -114.299864 -112.498989 -110.724656 -109.028444 -107.456638 -106.050113 -104.850868 -103.901789 -103.228771 -102.825365 -102.653950 -102.665638 -102.806865 -103.021590 -103.256235 -103.466387
-125.055426 -125.290638 -125.531096 -125.786276 -126.068432 -126.390306 -126.761824 -127.186091 -127.655989 -128.153165 -128.648163 -129.099613 -129.461639 -129.704319 -129.820750 -129.823702 -129.728526 -129.546938 -129.287781 -128.959082 -128.570572 -128.136188 -127.674945 -127.212113 -126.775663 -126.376447 -126.004872 -125.645028 -125.325888 -124.991504 -124.536588 -123.917811 -123.119945 -122.145352 -120.935404 -119.539362 -117.988278 -116.317943 -114.575245 -112.813727 -111.082248 -109.418945 -107.859162 -106.426874 -105.142147 -104.034416 -103.149463 -102.529229 -102.129335 -101.910547 -101.834530 -101.861320 -101.956343 -102.088601 -102.226322
-124.290919 -124.567514 -124.848332 -125.140758 -125.453972 -125.796951 -126.175828 -126.591289 -127.036984 -127.498981 -127.954251 -128.365832 -128.676401 -128.826440 -128.850170 -128.782017 -128.640216 -128.434238 -128.171141 -127.859370 -127.511459 -127.145236 -126.779916 -126.421585 -126.068248 -125.709599 -125.338533 -124.950079 -124.554399 -124.216904 -123.698531 -123.001145 -122.114752 -121.031686 -119.741397 -118.271843 -116.661387 -114.953204 -113.199637 -111.465793 -109.818471 -108.297887 -106.913267 -105.651670 -104.507171 -103.490751 -102.638930 -102.068866 -101.654336 -101.390780 -101.230937 -101.138562 -101.101068 -101.118561 -101.178491
-123.603119 -123.885820 -124.171994 -124.467455 -124.779044 -125.112980 -125.473007 -125.858813 -126.265068 -126.680863 -127.088969 -127.463400 -127.754135 -127.814133 -127.773392 -127.666215 -127.505407 -127.298918 -127.054062 -126.780010 -126.489378 -126.199218 -125.934893 -125.682362 -125.423176 -125.135427 -124.804684 -124.427449 -124.008696 -123.541830 -122.930707 -122.134912 -121.143650 -119.959034 -118.595542 -117.079717 -115.449659 -113.748627 -112.023543 -110.336825 -108.778163 -107.440388 -106.257430 -105.173277 -104.171682 -103.264959 -102.487972 -101.881174 -101.418436 -101.117679 -100.877860 -100.666713 -100.486211 -100.370367 -100.359692
-122.991628 -123.246861 -123.504928 -123.770494 -124.048928 -124.344982 -124.661381 -124.997597 -125.348880 -125.705192 -126.049007 -126.350092 -126.558734 -126.622866 -126.582844 -126.477458 -126.327859 -126.145785 -125.940390 -125.721694 -125.502115 -125.296721 -125.120298 -124.971593 -124.815933 -124.618853 -124.352740 -123.999519 -123.545342 -122.966369 -122.231427 -121.315162 -120.214817 -118.944444 -117.528418 -115.996796 -114.387904 -112.747095 -111.117946 -109.534171 -108.062819 -106.947525 -105.951305 -105.017036 -104.136638 -103.321492 -102.591660 -101.966191 -101.482399 -101.103259 -100.774642 -100.461206 -100.154873 -99.888290 -99.821787
-122.452576 -122.649598 -122.848955 -123.054626 -123.271376 -123.503601 -123.753985 -124.022154 -124.303382 -124.587107 -124.855093 -125.080696 -125.234966 -125.303802 -125.292453 -125.221763 -125.111962 -124.977794 -124.830529 -124.680676 -124.539147 -124.416321 -124.320957 -124.269891 -124.214524 -124.113875 -123.923642 -123.600236 -123.110449 -122.434880 -121.569386 -120.525046 -119.324060 -117.992907 -116.559039 -115.051735 -113.507273 -111.975988 -110.526561 -109.162033 -107.932833 -106.910314 -106.014785 -105.179727 -104.380450 -103.619210 -102.911651 -102.279900 -101.745301 -101.290758 -100.886380 -100.505437 -100.143657 -99.831960 -99.611138
-121.979257 -122.091162 -122.205189 -122.325222 -122.456164 -122.602736 -122.768074 -122.952285 -123.151023 -123.354450 -123.547433 -123.712360 -123.835172 -123.909676 -123.933782 -123.914561 -123.864697 -123.797028 -123.722486 -123.650555 -123.590238 -123.550383 -123.538982 -123.557659 -123.580100 -123.564949 -123.454106 -123.173543 -122.657463 -121.885900 -120.890681 -119.730898 -118.456868 -117.103726 -115.698155 -114.266164 -112.840689 -111.472558 -110.259761 -109.148033 -108.141968 -107.239909 -106.418723 -105.638666 -104.872846 -104.117990 -103.391331 -102.719672 -102.123316 -101.604628 -101.150914 -100.742071 -100.361487 -100.000927 -99.647301
-121.562632 -121.567042 -121.573959 -121.588017 -121.614782 -121.659345 -121.725262 -121.813620 -121.921929 -122.043475 -122.168536 -122.287388 -122.392338 -122.477627 -122.539007 -122.576767 -122.596515 -122.606331 -122.613871 -122.625462 -122.646770 -122.683196 -122.738085 -122.807684 -122.877136 -122.915813 -122.870470 -122.649569 -122.124570 -121.242748 -120.130289 -118.894780 -117.597749 -116.274383 -114.949515 -113.647656 -112.402727 -111.273795 -110.280537 -109.398861 -108.595036 -107.834286 -107.092144 -106.344220 -105.570170 -104.771226 -103.974866 -103.221324 -102.545414 -101.966158 -101.483625 -101.078586 -100.707411 -100.309215 -99.838665
-121.191538 -121.070962 -120.954574 -120.848934 -120.760305 -120.693413 -120.651611 -120.637288 -120.651521 -120.692917 -120.757355 -120.840216 -120.935354 -121.035628 -121.134697 -121.229144 -121.319770 -121.409999 -121.502770 -121.599685 -121.700976 -121.805422 -121.909919 -122.007789 -122.086852 -122.126140 -122.090838 -121.912620 -121.398163 -120.401474 -119.231959 -117.993936 -116.739667 -115.503034 -114.309936 -113.185897 -112.160796 -111.263050 -110.493019 -109.827458 -109.218328 -108.608029 -107.951227 -107.223137 -106.408258 -105.522742 -104.612919 -103.738611 -102.955624 -102.304048 -101.796396 -101.414085 -101.085333 -100.686207 -100.091747
