MFC+VTK/函数库及接口制作/重磁三维基本处理/张双喜的程序/经验模态分解_2D/三峡gra_ε=0.001_BIMF_D4.grd
DSAA
196 196
305000.000000 695000.000000
3265000.000000 3655000.000000
-14.54017 14.78031
[rows 27 to 53 of 196, columns 120 to 179 of 196]
7.680176 7.638091 7.582128 7.511623 7.425505 7.322190 7.199442 7.054212 6.882430 6.678637 6.434926 6.144493 5.798797 5.390414 4.927731 4.420169 3.875096 3.298547 2.695738 2.071196 1.428860 0.772240 0.104578 -0.570992 -1.251328 -1.933178 -2.613128 -3.287563 -3.952659 -4.604397 -5.238589 -5.850927 -6.437044 -6.992610 -7.513465 -7.995776 -8.436166 -8.831766 -9.180170 -9.479365 -9.727698 -9.923888 -10.067071 -10.156801 -10.192982 -10.175763 -10.105466 -9.982547 -9.807602 -9.581395 -9.304896 -8.979317 -8.606132 -8.187081 -7.724169 -7.219644 -6.675974 -6.095823 -5.482020 -4.837532
7.807833 7.758718 7.695978 7.618890 7.526284 7.416432 7.286912 7.134484 6.955173 6.745188 6.496918 6.204363 5.862544 5.469585 5.027536 4.541796 4.018337 3.462571 2.879259 2.272600 1.646322 1.003780 0.348079 -0.317789 -0.990819 -1.667885 -2.345659 -3.020562 -3.688747 -4.346112 -4.988339 -5.610965 -6.209477 -6.779439 -7.316629 -7.817166 -8.277585 -8.694849 -9.066304 -9.389632 -9.662824 -9.884185 -10.052364 -10.166386 -10.225651 -10.229907 -10.179202 -10.073842 -9.914376 -9.701611 -9.436636 -9.120834 -8.755895 -8.343795 -7.886782 -7.387339 -6.848152 -6.272070 -5.662079 -5.021281
7.906147 7.846673 7.773882 7.687012 7.584835 7.465565 7.326784 7.165449 6.978021 6.760483 6.507668 6.215034 5.879703 5.500817 5.078825 4.616205 4.116833 3.584975 3.024731 2.439870 1.833812 1.209676 0.570361 -0.081344 -0.742642 -1.410607 -2.082087 -2.753635 -3.421474 -4.081509 -4.729372 -5.360510 -5.970294 -6.554156 -7.107719 -7.626904 -8.107989 -8.547615 -8.942759 -9.290708 -9.589041 -9.835636 -10.028699 -10.166800 -10.248900 -10.274367 -10.242969 -10.154858 -10.010545 -9.810907 -9.557197 -9.251027 -8.894352 -8.489435 -8.038806 -7.545207 -7.011547 -6.440852 -5.836235 -5.200885
7.977897 7.904922 7.819042 7.719513 7.605126 7.474166 7.324388 7.153056 6.957008 6.732725 6.476673 6.185805 5.858167 5.492875 5.089829 4.650002 4.175536 3.669344 3.134630 2.574570 1.992166 1.390213 0.771327 0.138018 -0.507208 -1.161725 -1.822675 -2.486867 -3.150726 -3.810284 -4.461229 -5.098984 -5.718832 -6.316039 -6.885983 -7.424251 -7.926709 -8.389523 -8.809163 -9.182402 -9.506317 -9.778316 -9.996169 -10.158046 -10.262540 -10.308690 -10.296004 -10.224497 -10.094685 -9.907583 -9.664672 -9.367855 -9.019410 -8.621934 -8.178272 -7.691443 -7.164573 -6.600846 -6.003469 -5.375669
8.026190 7.936816 7.835132 7.720474 7.591755 7.447439 7.285554 7.103733 6.899308 6.669500 6.411759 6.123953 5.804528 5.452488 5.067379 4.649401 4.199556 3.719598 3.211778 2.678564 2.122439 1.545789 0.950873 0.339848 -0.285154 -0.921917 -1.568011 -2.220662 -2.876662 -3.532326 -4.183522 -4.825748 -5.454236 -6.064072 -6.650316 -7.208105 -7.732735 -8.219723 -8.664854 -9.064224 -9.414293 -9.711934 -9.954473 -10.139720 -10.265978 -10.332040 -10.337191 -10.281292 -10.165000 -9.989577 -9.756811 -9.468967 -9.128708 -8.739008 -8.303049 -7.824122 -7.305556 -6.750657 -6.162688 -5.544868
8.054477 7.946108 7.826282 7.694491 7.549847 7.391076 7.216535 7.024267 6.812113 6.577904 6.319661 6.035688 5.724595 5.385313 5.017144 4.619842 4.193720 3.739688 3.259170 2.753925 2.225865 1.676907 1.108896 0.523581 -0.077351 -0.692189 -1.319071 -1.955816 -2.599786 -3.247778 -3.896011 -4.540179 -5.175540 -5.797024 -6.399337 -6.977060 -7.524754 -8.037066 -8.508859 -8.935353 -9.312248 -9.635804 -9.902888 -10.110977 -10.258153 -10.343072 -10.364910 -10.323274 -10.219230 -10.054404 -9.830989 -9.551696 -9.219639 -8.838200 -8.410895 -7.941265 -7.432795 -6.888870 -6.312760 -5.707641
8.066569 7.936945 7.797051 7.646602 7.484966 7.311166 7.123891 6.921552 6.702388 6.464612 6.206540 5.926656 5.623632 5.296356 4.943986 4.566018 4.162351 3.733343 3.279786 2.802822 2.303806 1.784171 1.245320 0.688565 0.115114 -0.473892 -1.077266 -1.693599 -2.321052 -2.957160 -3.598719 -4.241797 -4.881806 -5.513590 -6.131504 -6.729491 -7.301184 -7.840087 -8.339847 -8.794560 -9.199004 -9.548753 -9.840193 -10.070483 -10.237512 -10.339861 -10.376752 -10.347868 -10.254586 -10.099108 -9.884179 -9.613065 -9.289388 -8.916939 -8.499536 -8.040910 -7.544637 -7.014113 -6.452566 -5.863099
8.066632 7.913841 7.752379 7.582231 7.403042 7.214109 7.014379 6.802495 6.576908 6.336012 6.078252 5.802188 5.506531 5.190170 4.852211 4.492019 4.109265 3.703960 3.276458 2.827415 2.357698 1.868281 1.360131 0.834127 0.290997 -0.268690 -0.844470 -1.435839 -2.041992 -2.661515 -3.292102 -3.930454 -4.572320 -5.212584 -5.845299 -6.463687 -7.060229 -7.626966 -8.156004 -8.640050 -9.072782 -9.448997 -9.764566 -10.016327 -10.201983 -10.320055 -10.369913 -10.351937 -10.267711 -10.120215 -9.912947 -9.649833 -9.335006 -8.972631 -8.566752 -8.121199 -7.639542 -7.125110 -6.581041 -6.010338
8.059197 7.881663 7.697555 7.507148 7.310337 7.106590 6.894929 6.674025 6.442348 6.198327 5.940465 5.667396 5.377912 5.070973 4.745718 4.401484 4.037836 3.654587 3.251804 2.829786 2.389005 1.930029 1.453423 0.959655 0.449013 -0.078463 -0.622992 -1.184995 -1.764875 -2.362617 -2.977272 -3.606568 -4.246858 -4.893236 -5.539510 -6.178064 -6.799948 -7.395436 -7.954835 -8.469230 -8.930993 -9.333979 -9.673457 -9.945905 -10.148851 -10.280834 -10.341505 -10.331870 -10.254705 -10.113727 -9.913511 -9.658582 -9.353519 -9.002767 -8.610481 -8.180452 -7.716133 -7.220711 -6.697187 -6.148457
8.049184 7.845631 7.638206 7.427472 7.213468 6.995592 6.772663 6.543132 6.305331 6.057661 5.798696 5.527214 5.242181 4.942722 4.628099 4.297709 3.951095 3.587972 3.208228 2.811911 2.399193 1.970299 1.525437 1.064700 0.587977 0.094863 -0.415433 -0.944138 -1.492855 -2.063240 -2.656288 -3.271424 -3.906031 -4.555602 -5.213675 -5.871478 -6.518329 -7.142634 -7.732875 -8.278393 -8.769966 -9.200177 -9.563449 -9.855797 -10.074554 -10.218374 -10.287435 -10.283724 -10.211153 -10.075222 -9.881871 -9.635873 -9.342069 -9.005058 -8.628916 -8.217231 -7.773231 -7.299898 -6.800073 -6.276539
8.041970 7.811354 7.580338 7.349752 7.119491 6.888456 6.654899 6.416845 6.172409 5.919987 5.658307 5.386410 5.103563 4.809173 4.502723 4.183742 3.851820 3.506631 3.147957 2.775677 2.389731 1.990074 1.576596 1.149053 0.706973 0.249561 -0.224412 -0.716759 -1.230025 -1.767477 -2.332581 -2.927570 -3.551730 -4.201162 -4.868657 -5.543563 -6.213334 -6.864912 -7.485371 -8.062345 -8.584621 -9.042859 -9.430077 -9.741563 -9.974426 -10.127486 -10.201842 -10.201283 -10.131781 -10.000325 -9.813982 -9.578397 -9.298085 -8.977574 -8.620588 -8.230365 -7.809839 -7.361758 -6.888788 -6.393605
8.043571 7.784938 7.530488 7.281172 7.036044 6.792887 6.549078 6.302125 6.049962 5.791070 5.524468 5.249593 4.966149 4.673950 4.372806 4.062465 3.742613 3.412922 3.073102 2.722907 2.362111 1.990444 1.607529 1.212807 0.805463 0.384342 -0.052168 -0.506298 -0.981136 -1.480988 -2.011633 -2.579436 -3.187810 -3.833706 -4.507235 -5.194866 -5.882843 -6.557770 -7.206128 -7.814091 -8.368036 -8.855705 -9.267552 -9.597452 -9.842268 -10.001183 -10.076935 -10.076749 -10.009449 -9.883033 -9.705727 -9.483085 -9.219527 -8.918875 -8.584391 -8.218929 -7.825108 -7.405432 -6.962395 -6.498550
8.061098 7.773198 7.496125 7.229912 6.971417 6.716816 6.462546 6.205660 5.944029 5.676371 5.402121 5.121233 4.833955 4.540626 4.241508 3.936671 3.625972 3.309104 2.985705 2.655419 2.317882 1.972642 1.619088 1.256371 0.883349 0.498498 0.099786 -0.315467 -0.750747 -1.210667 -1.701869 -2.234638 -2.821433 -3.460466 -4.134082 -4.826444 -5.524601 -6.216154 -6.887802 -7.524760 -8.110933 -8.630119 -9.068273 -9.415996 -9.669607 -9.829780 -9.902742 -9.901308 -9.836935 -9.718770 -9.554113 -9.348252 -9.105154 -8.828003 -8.519527 -8.182179 -7.818265 -7.430056 -7.019864 -6.590101
8.103823 7.784254 7.486618 7.205423 6.934308 6.668041 6.402224 6.133585 5.860119 5.580926 5.295944 5.005687 4.711001 4.412840 4.112046 3.809168 3.504358 3.197387 2.887795 2.575069 2.258701 1.938082 1.612385 1.280500 0.940987 0.591940 0.230801 -0.145764 -0.541940 -0.962817 -1.414671 -1.907253 -2.466604 -3.092312 -3.754092 -4.439001 -5.136471 -5.835312 -6.522842 -7.184117 -7.801325 -8.354081 -8.821651 -9.187404 -9.444416 -9.599110 -9.667686 -9.666977 -9.609633 -9.504375 -9.357285 -9.172804 -8.954288 -8.704405 -8.425438 -8.119481 -7.788556 -7.434703 -7.060041 -6.666809
8.184605 7.830447 7.514511 7.217835 6.933153 6.653746 6.374214 6.091191 5.803020 5.509258 5.210317 4.907221 4.601388 4.294418 3.987855 3.682922 3.380294 3.079975 2.781411 2.483800 2.186388 1.888411 1.588824 1.286326 0.979242 0.665226 0.341031 0.002441 -0.355771 -0.740103 -1.159241 -1.625605 -2.153196 -2.738300 -3.369273 -4.032690 -4.717221 -5.411981 -6.105006 -6.782033 -7.425068 -8.010921 -8.511382 -8.897532 -9.149110 -9.294450 -9.361555 -9.368078 -9.324785 -9.238700 -9.114708 -8.956436 -8.766704 -8.547804 -8.301709 -8.030241 -7.735179 -7.418341 -7.081634 -6.727083
8.317193 7.941317 7.593220 7.276152 6.975552 6.679990 6.383352 6.082662 5.776684 5.465314 5.149287 4.829996 4.509325 4.189484 3.872770 3.561279 3.256531 2.959125 2.668586 2.383654 2.102982 1.825560 1.550142 1.275451 0.999627 0.719697 0.431481 0.129685 -0.192110 -0.541709 -0.928500 -1.362358 -1.849673 -2.390140 -2.979260 -3.608284 -4.267107 -4.945161 -5.630922 -6.310953 -6.968366 -7.579871 -8.111457 -8.518886 -8.756332 -8.900447 -8.978314 -9.002867 -8.982271 -8.922236 -8.826929 -8.699529 -8.542561 -8.358116 -8.147998 -7.913850 -7.657257 -7.379824 -7.083225 -6.769230
8.499526 8.103687 7.724464 7.388826 7.067784 6.750799 6.432769 6.110966 5.784203 5.452434 5.116503 4.777987 4.439082 4.102475 3.771177 3.448249 3.136384 2.837336 2.551307 2.276687 2.010799 1.751720 1.498444 1.250149 1.004556 0.757661 0.504161 0.237778 -0.048645 -0.363081 -0.713787 -1.107886 -1.549778 -2.041322 -2.581590 -3.166115 -3.787464 -4.436153 -5.100948 -5.768516 -6.422445 -7.040868 -7.587209 -7.975376 -8.239054 -8.412099 -8.518812 -8.573340 -8.584110 -8.556732 -8.495306 -8.402995 -8.282333 -8.135411 -7.963999 -7.769656 -7.553821 -7.317890 -7.063286 -6.791487
8.725942 8.319562 7.927779 7.561179 7.210818 6.867056 6.523854 6.177939 5.827831 5.473305 5.115119 4.754854 4.394832 4.038038 3.688033 3.348767 3.024243 2.717899 2.431645 2.164617 1.912389 1.669116 1.436417 1.213809 0.997651 0.782536 0.562213 0.329916 0.078520 -0.199184 -0.509922 -0.859267 -1.251446 -1.689589 -2.175155 -2.706978 -3.280583 -3.888167 -4.518892 -5.158761 -5.789253 -6.384076 -6.905559 -7.314656 -7.619814 -7.838552 -7.988673 -8.083949 -8.133865 -8.144930 -8.121842 -8.068184 -7.986782 -7.879919 -7.749469 -7.596992 -7.423829 -7.231183 -7.020202 -6.792040
8.989158 8.576025 8.171740 7.780085 7.400181 7.027275 6.656452 6.284282 5.908930 5.529879 5.147671 4.763759 4.380429 4.000770 3.628662 3.268708 2.926046 2.605913 2.312734 2.048412 1.809386 1.579782 1.368209 1.171537 0.983840 0.798712 0.609656 0.410114 0.193572 -0.046122 -0.314440 -0.616119 -0.955400 -1.336219 -1.761811 -2.233726 -2.750497 -3.306521 -3.891639 -4.491187 -5.085442 -5.649182 -6.155090 -6.584211 -6.930711 -7.199101 -7.399241 -7.541959 -7.636613 -7.690502 -7.709174 -7.696891 -7.656982 -7.592083 -7.504283 -7.395229 -7.266219 -7.118284 -6.952287 -6.769017
9.280004 8.860859 8.444453 8.033112 7.627801 7.227201 6.828620 6.429433 6.027882 5.623278 5.215959 4.807198 4.399154 3.994875 3.598341 3.214505 2.849263 2.509254 2.201271 1.930460 1.695958 1.487862 1.301126 1.130206 0.968899 0.811087 0.650873 0.482465 0.300209 0.098849 -0.126227 -0.379160 -0.664030 -0.985121 -1.346728 -1.752532 -2.204279 -2.699692 -3.230597 -3.783065 -4.339045 -4.877244 -5.376890 -5.822454 -6.203561 -6.517068 -6.766153 -6.957610 -7.099236 -7.198243 -7.260689 -7.291456 -7.294425 -7.272658 -7.228539 -7.163877 -7.079986 -6.977767 -6.857803 -6.720485
9.589862 9.165407 8.738688 8.311706 7.885764 7.461097 7.036816 6.611520 6.184006 5.753721 5.320952 4.886861 4.453500 4.023831 3.601808 3.192497 2.802180 2.438314 2.109418 1.825463 1.597955 1.409232 1.245269 1.097169 0.958691 0.824630 0.690194 0.550710 0.401452 0.237735 0.055340 -0.149412 -0.380428 -0.641883 -0.938092 -1.273709 -1.653552 -2.080660 -2.552230 -3.057164 -3.580184 -4.100968 -4.598923 -5.057458 -5.464829 -5.814803 -6.106517 -6.343201 -6.530369 -6.674236 -6.780702 -6.854913 -6.901143 -6.922836 -6.922686 -6.902708 -6.864295 -6.808276 -6.734995 -6.644431
9.911492 9.483128 9.048573 8.609598 8.167528 7.723159 7.276634 6.827597 6.375595 5.920486 5.462730 5.003552 4.545029 4.090143 3.642862 3.208280 2.792923 2.405137 2.055340 1.757171 1.536360 1.360275 1.211391 1.079699 0.958859 0.844197 0.731816 0.618184 0.499679 0.372075 0.230819 0.072302 -0.107668 -0.312716 -0.546021 -0.811595 -1.115838 -1.468165 -1.877127 -2.339493 -2.838466 -3.347809 -3.844000 -4.310058 -4.734664 -5.111042 -5.436445 -5.711607 -5.939806 -6.125737 -6.274534 -6.391119 -6.479849 -6.544387 -6.587668 -6.611909 -6.618627 -6.608653 -6.582166 -6.538774
10.238768 9.808498 9.368936 8.921589 8.467670 8.008100 7.543467 7.074069 6.600109 6.121972 5.640489 5.157160 4.674312 4.195204 3.724082 3.266274 2.828557 2.420316 2.055670 1.753588 1.528528 1.352245 1.207594 1.084028 0.974638 0.874525 0.779988 0.688187 0.596801 0.502865 0.400997 0.285433 0.151311 -0.003487 -0.180472 -0.382297 -0.614511 -0.889231 -1.230061 -1.661105 -2.143769 -2.641227 -3.130083 -3.595578 -4.027849 -4.420423 -4.769756 -5.075012 -5.337646 -5.560762 -5.748372 -5.904756 -6.034007 -6.139761 -6.225049 -6.292230 -6.342950 -6.378104 -6.397815 -6.401428
10.566289 10.136547 9.695053 9.243009 8.781421 8.311129 7.832807 7.347026 6.854404 6.355814 5.852575 5.346667 4.840940 4.339273 3.846624 3.369076 2.914077 2.491218 2.114956 1.814514 1.576706 1.388873 1.238311 1.114723 1.010483 0.919990 0.839047 0.764620 0.695056 0.630157 0.567245 0.488862 0.393122 0.280772 0.150984 0.001085 -0.173800 -0.382667 -0.649373 -1.062491 -1.523250 -1.998144 -2.469466 -2.924806 -3.355130 -3.754104 -4.117734 -4.444180 -4.733552 -4.987545 -5.208964 -5.401204 -5.567807 -5.712124 -5.837097 -5.945106 -6.037881 -6.116409 -6.180853 -6.230463
10.889151 10.462666 10.022491 9.569479 9.104348 8.627745 8.140241 7.642380 7.134890 6.618975 6.096505 5.570124 5.043512 4.521533 4.010190 3.516679 3.049738 2.620366 2.242253 1.927711 1.672048 1.467294 1.304339 1.174338 1.069655 0.984103 0.912814 0.852023 0.799108 0.754383 0.730032 0.678725 0.613774 0.536174 0.443670 0.332027 0.193543 0.013221 -0.236097 -0.582381 -0.990635 -1.426848 -1.869543 -2.305140 -2.724328 -3.120541 -3.489360 -3.828231 -4.136273 -4.414048 -4.663246 -4.886305 -5.086041 -5.265317 -5.426791 -5.572719 -5.704815 -5.824123 -5.930891 -6.024423
11.202854 10.782529 10.347019 9.896786 9.432178 8.953554 8.461303 7.955789 7.437530 6.907758 6.368929 5.824554 5.279550 4.740039 4.213115 3.706937 3.230930 2.795510 2.410277 2.080412 1.805744 1.582240 1.403800 1.263405 1.154004 1.069217 1.003723 0.953488 0.916095 0.890753 0.874253 0.848529 0.810851 0.760673 0.695107 0.608131 0.489627 0.324842 0.098393 -0.194244 -0.543845 -0.930332 -1.334334 -1.741284 -2.140917 -2.526032 -2.891676 -3.234693 -3.553454 -3.847643 -4.118008 -4.366087 -4.593913 -4.803735 -4.997768 -5.177991 -5.345972 -5.502716 -5.648511 -5.782758
11.503307 11.092073 10.664535 10.220793 9.760713 9.284189 8.791349 8.282434 7.757617 7.217699 6.665453 6.105804 5.545432 4.991652 4.452197 3.935436 3.450357 3.005782 2.608745 2.263127 1.970132 1.728179 1.533606 1.381006 1.264069 1.176576 1.113073 1.069163 1.041288 1.025478 1.015382 1.004096 0.985183 0.954209 0.906280 0.834294 0.728719 0.579418 0.379748 0.129440 -0.168267 -0.503696 -0.863583 -1.235193 -1.608230 -1.975008 -2.330046 -2.669653 -2.991616 -3.294950 -3.579665 -3.846531 -4.096838 -4.332173 -4.554209 -4.764513 -4.964368 -5.154601 -5.335417 -5.506209
