MFC+VTK/函数库及接口制作/重磁三维基本处理/张双喜的程序/经验模态分解_2D/三峡gra.grd
DSAA
196 196
305000 695000
3265000 3655000
-152.0045362646 -14.497774105541
[rows 160 to 179 of 196, columns 0 to 45 of 196]
-127.50249684129 -126.66465468048 -125.34339143807 -124.42461760884 -123.47267623787 -123.39690972207 -125.14794887457 -128.08792170872 -131.48963799841 -134.28283155013 -135.66144831308 -136.36976682359 -137.23887715719 -137.70718952698 -137.60949815012 -137.35623897362 -137.27106236637 -137.12767733166 -136.8677972036 -136.20142269772 -135.2998599407 -135.01776683643 -135.65032823454 -136.6083509324 -136.4943797219 -135.92138927193 -135.05434380831 -133.90173243568 -133.15030949346 -130.52090477957 -129.34579667755 -130.32217293006 -131.66000753957 -129.91578464799 -128.02590112124 -127.39646924516 -126.37045528097 -125.19593764869 -124.36731629068 -123.52040722449 -122.48346357701 -121.80726792859 -120.98447069167 -120.68113346418 -118.79295486689 -116.46945703927
-126.74634184805 -126.1931254106 -125.56039997199 -124.78959523298 -124.24672128938 -124.86750386314 -126.8203849082 -128.95793360064 -131.07938003207 -132.99101264262 -134.00064963043 -134.59527417686 -135.909679522 -136.54552174975 -136.34115650953 -136.0332204114 -136.42052979967 -136.70461779462 -136.53795422662 -135.47795314563 -133.85932250809 -133.09502489475 -133.5883802945 -134.35448975759 -134.47125864313 -134.03482990538 -133.50391431104 -132.80574569174 -131.4666073468 -128.79490146053 -128.97614207738 -129.75292360032 -129.20719420345 -126.85780869023 -126.17071748489 -126.30014046021 -125.11799637344 -123.8384040699 -123.19033152502 -122.761802769 -121.62632362984 -120.60477584044 -120.31882090985 -119.47365414129 -115.83783764542 -111.65656993805
-126.37276416139 -126.17915639073 -126.01910389697 -125.76280784235 -125.68825668068 -126.60644521782 -128.10109086694 -129.24304980481 -130.40916647421 -132.04229286754 -133.28821984418 -134.22190474017 -135.37408916851 -135.84784497434 -135.54510932184 -135.28540391612 -135.90782664702 -136.4832301081 -136.32175331052 -134.78299725068 -132.14127841668 -130.83568044677 -131.45813532419 -132.21441214447 -132.27941132637 -131.92005577881 -131.72550981752 -131.35368705695 -130.24867385295 -129.04395818046 -129.42147918986 -129.39120991164 -127.39681425147 -124.86144896465 -125.63245960724 -125.76322166336 -124.01329941538 -122.8133479618 -122.19999011579 -121.79323566835 -121.1314329683 -119.54499483703 -118.3603890984 -116.66229470621 -112.73371030525 -108.18149779848
-126.31638694709 -126.50255486637 -126.77459761288 -127.15401305994 -127.74738988375 -128.7402551689 -129.50343370381 -129.75842497257 -130.29352950284 -131.76051396903 -133.30231098058 -134.6429489709 -135.43692051765 -135.57165963621 -135.16992815335 -134.87930905643 -135.49328360556 -136.07842181716 -135.48689653722 -133.74497456296 -131.17104001367 -129.81015736527 -130.24186459899 -130.67248339164 -130.42744152101 -129.87072288331 -130.13148768768 -130.19008177084 -129.44662306165 -128.5402095109 -128.46258624698 -128.42859831113 -126.29767713928 -123.77035658538 -124.58305845077 -124.58075821041 -123.38344071333 -122.25158296368 -121.82395236156 -121.15058996902 -120.25361609737 -117.95634607779 -114.51554763154 -112.07671579927 -109.21596003741 -106.01833109264
-126.42724856877 -126.8716770786 -127.52950877934 -128.40078766654 -129.57149947108 -130.7653399533 -131.0104056433 -130.75536033326 -130.97648484965 -131.957849239 -133.26105128886 -134.60220408656 -135.11314793745 -134.9967499527 -134.45990635959 -134.01089399217 -134.35490670464 -134.62651080529 -133.9263890106 -132.71339342523 -131.14883452162 -130.23218115542 -130.20496891953 -129.84781097626 -129.20324984739 -128.82194458321 -129.20315612264 -129.50900328641 -128.66746068408 -127.19539168709 -126.60725643787 -126.87626224454 -125.43252399407 -123.72687870731 -123.82848178778 -123.90111640845 -122.763564837 -120.78344444894 -120.89406044833 -120.66274559582 -118.37991624046 -114.6953486458 -110.08671194181 -107.85379606357 -107.04728103694 -105.66776267811
-126.52798301551 -127.14424694636 -128.01651502612 -129.08830190784 -130.45140735452 -131.73403133201 -131.81231966183 -131.55369493572 -131.72054836688 -132.07381807655 -132.69423035761 -133.50912383855 -133.71286200101 -133.4961582236 -132.88889629153 -132.35124764161 -132.54970466437 -132.54895878276 -132.27980371095 -131.94172523762 -131.4038093357 -130.93896620996 -130.42540072556 -129.25292450838 -128.35914011723 -128.32620065821 -128.57126089128 -128.66123115839 -127.59602879488 -126.02286123514 -125.59813634213 -126.05464151917 -125.47671097085 -124.65230049303 -124.23799782236 -123.69111853319 -122.01985478737 -119.64607225028 -118.91999390464 -118.04523146354 -115.60763048157 -112.18345368159 -108.1744758111 -107.07321404056 -106.84822635667 -106.74964570253
-126.55849964599 -127.23448722073 -128.15025805774 -129.26091250624 -130.35666380191 -131.18725076121 -131.46371577028 -131.60279461792 -131.81140525675 -131.57721788075 -131.508176762 -131.57194378197 -131.44333512935 -131.3378201383 -131.05056739482 -130.70206143122 -131.1001354471 -131.12388635319 -131.15220154371 -131.28925106801 -131.28544318435 -130.97959905731 -130.1656892326 -128.73203275996 -127.84833341124 -127.84285115849 -127.66813688672 -127.09259515584 -125.8239140728 -124.899050292 -125.55386750108 -126.57529674311 -126.22272999158 -125.65379806615 -124.1962945888 -122.75577569635 -120.93637746996 -118.24389250686 -115.97936610037 -113.95918522868 -112.64933279509 -110.99307691307 -108.74084086923 -107.74654867718 -106.92549432082 -105.87473804267
-126.44803604215 -127.07445775388 -127.9519309772 -128.97614000085 -129.92820436615 -130.52074295786 -130.75844584507 -130.88797179484 -130.61305725406 -130.25987911507 -129.97296575345 -129.39317331847 -128.83291407368 -129.15376165644 -129.95766075941 -130.29697176184 -130.28975241531 -130.23139236324 -130.35121573897 -130.60900921392 -130.69958251967 -130.37826503074 -129.56555548056 -128.492195815 -127.78382498683 -127.45321495684 -126.65144272357 -125.16286017165 -123.39368239197 -123.05471189861 -125.02074461136 -126.78575868033 -126.09772226075 -124.97761689754 -122.6088329475 -120.80925705875 -119.10957660351 -116.14169835421 -113.45554780335 -111.83843241555 -111.53085548994 -110.79664341923 -109.41186438621 -107.7089507081 -105.62635984623 -104.44234323414
-126.16284345104 -126.68351960584 -127.46379153066 -128.25493644347 -129.18004169578 -129.82011107219 -129.87577527724 -129.79207721222 -129.41737311185 -129.08553942464 -128.63124492979 -127.31414276983 -125.7931988423 -126.76938595376 -129.00168732584 -130.13061873685 -129.46303587029 -129.20893170013 -129.31712834421 -129.67269793118 -129.84555472752 -129.56178006648 -128.86231608814 -128.11697912616 -127.65561522829 -127.22942298252 -125.92167659809 -123.82163348892 -121.42327872951 -121.1539585616 -123.89568976584 -125.69927978979 -125.01754404289 -122.79144566735 -120.27205431695 -118.082461482 -116.19638802671 -113.74686423033 -111.89121275703 -111.67729234584 -111.96129473727 -110.67602109813 -109.24364118034 -107.43595744514 -104.67727824822 -103.59796810195
-125.77660751036 -126.12824737461 -126.68839741249 -127.23138224078 -127.89639617103 -128.47710600377 -128.66755077546 -128.5650993538 -128.33074859843 -128.17831241984 -127.83122156022 -125.98916069334 -123.29144556144 -124.78313718381 -127.10962871187 -128.19348361363 -128.0616702826 -127.81634735582 -127.82926525877 -128.17636227108 -128.55063636817 -128.4336402641 -127.81792990272 -127.33379967183 -127.1648153268 -127.02206354119 -125.38509382533 -123.2549521766 -121.29109707682 -121.24445344971 -123.52072354599 -125.16486844784 -124.45014009568 -121.14374515888 -117.90181036377 -115.0007381656 -113.45436937457 -112.23927329462 -110.98620996796 -111.03090902216 -112.12792402617 -110.15286991005 -108.64389200521 -107.41026229157 -105.02125903173 -102.37609174631
-125.21341130383 -125.4133589087 -125.63663002148 -125.99377832468 -126.31845720238 -126.63016057635 -126.77786652716 -126.87480790667 -127.03526524124 -127.20121434188 -126.76702673286 -125.1731163208 -123.55117852355 -124.15566487365 -125.52299009668 -126.22085104134 -126.31834581549 -126.1269094384 -125.98233367443 -126.34003344068 -126.80714651905 -126.76664378572 -126.29992982413 -126.07122983163 -126.16216775206 -125.79662727505 -124.54778949601 -123.08528354809 -122.16496368786 -122.39673774772 -123.7127094018 -124.63363534433 -123.58690138774 -119.00614522257 -115.3609959395 -113.2369239427 -113.26033369213 -112.5094242398 -111.25389260795 -110.93978245856 -111.73316048568 -110.03086130622 -107.85814784328 -106.54035049561 -104.7111344391 -101.35499907742
-124.366642746 -124.44353465386 -124.51020448539 -124.6548126644 -124.68453380081 -124.59131091718 -124.38199366644 -124.75189848071 -125.47252219 -125.88418588972 -125.43791805156 -124.29001526972 -123.42612854656 -123.62035853183 -124.14124915626 -124.44952612527 -124.57865732534 -124.41841943004 -124.24074300821 -124.64654695734 -125.18574034009 -125.16652449454 -124.62027399643 -124.56264469166 -124.90460640788 -124.69656980566 -123.75632178915 -122.97331206783 -122.79301919519 -123.04417386286 -123.66186921831 -123.31438318202 -120.65329518701 -116.63246460392 -114.31432320554 -112.7637282958 -112.6454610502 -112.45733618158 -111.22813681524 -110.56904765885 -110.44995154311 -109.37875074422 -107.67393804664 -106.09321594514 -103.91508524819 -101.83733633281
-123.13842159014 -123.22827310023 -123.2588190823 -123.34434222374 -123.20805942234 -122.91118836983 -122.57550048462 -123.05558990492 -123.94266256846 -124.33960937462 -123.931709743 -123.10203347865 -122.64017075534 -122.67043603446 -122.79938018973 -122.9278073483 -123.0504533607 -123.02035769187 -123.06971092366 -123.4714755648 -123.92184689395 -124.08108991118 -123.7789508026 -123.6996053409 -123.99966089107 -124.00593996639 -123.59709953989 -123.29029600127 -123.28554849573 -123.20384467818 -122.83292711321 -121.52644136774 -118.89145100836 -115.93906478874 -113.97253535802 -112.57124123183 -111.88302442172 -111.57631068686 -110.86842228153 -110.28491302284 -109.79662065284 -108.9876076858 -107.8255239368 -106.34682957434 -104.41179646554 -102.66110889656
-122.01841569301 -122.05067565639 -122.07919062257 -122.12639671957 -122.01554436403 -121.79263080076 -121.65478006914 -122.09839270367 -122.76283287238 -122.97019051408 -122.55474311989 -121.8949788772 -121.6099424176 -121.60450264064 -121.60895869107 -121.64498635824 -121.70469417083 -121.79035627484 -122.06196423237 -122.46724479923 -122.79502081765 -123.31633926199 -123.65367173013 -123.41542642347 -123.36856605253 -123.59521776596 -123.73131726162 -123.81288053504 -123.78110452274 -123.15595561705 -121.83498405749 -119.95265063468 -117.64237038194 -115.44141388222 -113.79949604284 -112.44164165886 -111.50650397559 -111.06196799723 -110.59307836994 -110.09994562646 -109.55256169027 -108.97152267057 -108.30380410177 -107.18775492788 -105.52285173051 -103.8562218004
-120.63298318798 -120.69572364351 -120.99017379559 -121.03928688749 -121.04640390634 -120.96940999554 -121.01716800082 -121.46458220165 -121.96351111412 -121.99443496246 -121.47741471927 -120.79752156323 -120.52909809288 -120.58647168588 -120.49317086377 -120.4109257307 -120.38647795294 -120.50682103456 -120.83336687912 -121.13793639975 -121.3483246882 -121.87995733739 -122.29569812141 -122.2040118238 -122.4371751035 -123.10867623435 -123.76840869284 -124.16323157122 -124.19110033668 -123.0583056621 -120.73703538628 -118.39102668658 -116.38117047931 -114.74853493261 -113.4224045 -112.25657291596 -111.41895393456 -110.8934291091 -110.50578969118 -110.05647023861 -109.43936639952 -109.20839669277 -109.19039224545 -108.4549742281 -107.16128272886 -105.43126778379
-119.27228091255 -119.38228411751 -119.68091527577 -119.8950841792 -120.14257510739 -120.26152817455 -120.36857068605 -120.79791083571 -121.29828636946 -121.31341674144 -120.58275182892 -119.62605949004 -119.07328263546 -119.20826575228 -119.08675947021 -119.02450847358 -118.99477355178 -119.11562608437 -119.4813800753 -119.54293486397 -119.49275118686 -119.80264214823 -119.8236034352 -120.01721037248 -121.08591770476 -122.32826913372 -123.48056018916 -123.98509538355 -123.6947539674 -122.07527078441 -119.09112379574 -116.51730747329 -114.960207334 -113.92001062831 -112.96545047528 -112.14680537628 -111.55571133314 -110.84835365961 -110.4752975513 -110.14632191449 -109.12756675954 -109.4184864151 -110.4970480168 -109.78865880787 -108.5190738248 -106.79880105899
-118.07709005939 -118.13446397835 -118.29398439972 -118.57679164285 -119.13747030992 -119.66848426758 -119.78605677788 -119.92535321631 -120.46413012055 -120.85480534802 -119.66158635999 -118.40375346484 -117.33725552445 -117.40840017465 -117.43524269438 -117.63053080956 -117.57272574756 -117.50948517705 -118.34098227189 -118.11033029782 -117.59824043434 -118.16941162819 -118.21575557214 -118.42288935737 -119.80602369975 -121.02278096514 -122.0947005733 -122.18616935357 -121.14780378909 -119.42619888082 -116.74074542912 -114.55654360696 -113.54589907571 -112.96710813463 -112.55915138064 -112.66955597112 -112.78833756942 -111.17169269745 -110.80576427961 -110.70520556585 -107.94177427335 -110.84545654864 -113.16684304503 -110.37138160288 -108.06124935488 -107.30744857745
-117.35477633788 -117.07035036773 -116.99603502796 -117.12761507371 -117.66918678317 -119.25321044725 -119.11563225972 -119.00263601185 -119.43929140259 -120.26021624094 -118.31491483805 -117.71170855024 -116.69586240366 -116.25108077172 -116.13234948094 -116.4055120228 -116.22957092405 -115.60769551611 -117.60592255219 -117.17982669819 -116.29126677098 -117.43062809504 -118.01530758477 -117.98857801301 -118.73901146854 -118.90804876215 -119.08414259645 -118.8589652553 -117.43299895892 -116.12057040501 -114.71110973456 -113.41247857744 -112.69730230983 -111.75097199545 -111.90259716613 -111.98009202131 -112.01841170986 -110.86021984254 -111.60880409513 -111.68420701983 -108.54329648306 -111.96662955212 -114.16792298701 -110.03656945472 -107.1150670262 -107.31948706844
-116.31371017631 -116.15476989265 -115.95403934236 -116.10109062541 -117.001009126 -117.99246826164 -117.81320288155 -118.02089516251 -118.29983176466 -118.04259232958 -117.13000941428 -117.4836872606 -116.54683701874 -115.63447425986 -114.86746000342 -114.93817418361 -114.33552948606 -114.42188775892 -116.82449019917 -116.49469275208 -116.23236464609 -116.9393533159 -117.77504492062 -117.24135852508 -116.96078784557 -115.989844085 -115.49850517529 -116.11073576535 -115.22797630136 -114.2530519871 -114.11624421674 -113.49574660746 -113.03650863706 -111.40388440991 -111.68342733769 -111.03142604936 -110.53772065867 -110.59934822799 -112.49071987351 -112.84919640356 -110.11530569009 -110.99132931658 -112.50416549066 -109.83340736499 -107.4332347731 -107.64591060655
-115.90240088309 -115.52444286286 -115.12688795778 -114.76205855596 -114.89762407745 -115.41414407339 -115.89755211442 -116.92433763263 -117.46484208645 -116.57079253309 -116.00100138456 -116.11370721236 -115.25137107229 -114.57095307519 -113.54451287625 -113.49282134581 -112.7681337518 -112.93562820624 -115.60877456075 -116.15065256823 -116.04098753654 -116.43885277412 -116.88322983447 -115.45425757303 -114.43683086643 -113.53921085749 -113.65939839879 -114.76643949675 -114.87042759785 -114.11568929283 -114.4529686311 -113.89904406823 -113.55944061338 -113.05472796804 -112.50694918418 -112.4916175817 -113.32917759899 -112.25938356707 -113.44921167391 -114.02416258996 -110.86017991141 -109.918767274 -111.13446515486 -110.05579296214 -108.23237235664 -107.73486051678
