MFC+VTK/函数库及接口制作/重磁三维基本处理/张双喜的程序/经验模态分解_2D/三峡gra.grd
DSAA
196 196
305000 695000
3265000 3655000
-152.0045362646 -14.497774105541
[rows 100 to 119 of 196, columns 0 to 45 of 196]
-137.65812706617 -137.91192896735 -138.18339750704 -138.39365479735 -138.49532743049 -138.53811546553 -138.20432169885 -138.03849513454 -137.93176101082 -137.80701228046 -137.62355738634 -137.15434647709 -136.92702367727 -136.8898707354 -136.48302508403 -135.83071310032 -135.03074368901 -133.68393647592 -133.34349609081 -133.04593065913 -132.83417990082 -132.64966565348 -132.37662460912 -131.98332496972 -131.3247740475 -131.4563217088 -132.82021864168 -132.72116486388 -132.20884674149 -131.26012973352 -130.92337334434 -130.50618310185 -130.12564647836 -130.07089388149 -128.89150840228 -126.57243159106 -126.28259011885 -125.89148381904 -125.64757267902 -125.37795806372 -125.65838297055 -125.99629887939 -126.0430101411 -126.11314454251 -126.05572350931 -125.81826761756
-137.90014050385 -138.14327287121 -138.42866923926 -138.5507831812 -138.62588824665 -138.66134869192 -138.33740747587 -138.16329629903 -138.05492010358 -137.92426246958 -137.75445188854 -137.38590051264 -137.20410614682 -137.08137718583 -136.92252804531 -136.76704896963 -136.23273848769 -134.96295447033 -133.9200500834 -133.69946152836 -133.51014988612 -133.23468831788 -132.89819519083 -132.50510652765 -133.23214785545 -133.41638579673 -133.28587912926 -132.90532981809 -132.23680511272 -131.50152391378 -130.94821906886 -130.40863337273 -129.8145357944 -129.60888890564 -128.47101998989 -126.47953989896 -126.3641537116 -126.08393020689 -125.83235255845 -125.5973248917 -125.48420358106 -125.41322655645 -125.32938257226 -125.37286124526 -125.4155703725 -125.13858605429
-138.62916292257 -138.59377067353 -138.62991105969 -138.610413137 -138.62371717837 -138.75326381299 -138.47818463545 -138.30119718676 -138.19264844578 -138.06356829527 -137.89783008356 -137.58942749823 -137.45906615673 -137.29539112286 -137.09319916436 -136.87908172997 -136.667471582 -136.08843243046 -135.36860099401 -134.69483062671 -133.97582057547 -133.72909758722 -134.10139008707 -134.20459815334 -134.22805408195 -133.91254210923 -133.25380800292 -132.59910459108 -131.90875416515 -131.24068395112 -130.69394390483 -130.04805735076 -129.43851279241 -129.10125856148 -128.08016661551 -126.51750794075 -126.24063922406 -126.00495369345 -125.75834375045 -125.39804931476 -125.10455722717 -125.15227491138 -125.12751084398 -125.02641879944 -124.68814720049 -124.54861385585
-138.82935718738 -138.77758142658 -138.77667136001 -138.58310570614 -138.54469777377 -138.80294865342 -138.60699502091 -138.44771471094 -138.33951095676 -138.21496980753 -138.05480656859 -137.77374921187 -137.63557344512 -137.47194176691 -137.26602418124 -137.02374862417 -136.80826661377 -136.59231799764 -136.38814670867 -135.78400636481 -135.1313063583 -134.93260854552 -135.14525811889 -135.08459463273 -134.50132675149 -133.88997109958 -133.28114759354 -132.5175789746 -131.77663774872 -131.07529074453 -130.46523610953 -129.80216876755 -129.14388587388 -128.67805853166 -127.69979085164 -126.21561994012 -126.07167956069 -125.80810770984 -125.51546463116 -125.30272998154 -125.01351406031 -124.67589936803 -124.57488657691 -124.25232514444 -123.87913510828 -123.73235922264
-138.99660830813 -138.93850353148 -138.92635109108 -138.76791351235 -138.72603574658 -138.87334834615 -138.75095545923 -138.61320994268 -138.49574362373 -138.37253270686 -138.22138998603 -137.96287110135 -137.81430812644 -137.65334919259 -137.45843801808 -137.22534090599 -137.00719474198 -136.77812798905 -136.54054160256 -136.28553464506 -136.09942236926 -135.9069074952 -135.56266878828 -135.14613276493 -134.59198782364 -133.97442862801 -133.31289648439 -132.46259649917 -131.67970166658 -130.9370965271 -130.26004064192 -129.58402444037 -128.88524098529 -128.33325727347 -127.34688259318 -125.99231918734 -125.90261988516 -125.597178627 -125.20951653111 -124.98219756797 -124.63484978567 -124.09746130389 -123.88478404809 -123.4763431441 -123.13236949202 -122.95387908509
-139.19930367267 -139.094123707 -139.07723459544 -139.00808077814 -138.92167174827 -138.99840354046 -138.9640047051 -138.79611328496 -138.66347879118 -138.54330469453 -138.40233048284 -138.18335828286 -138.04039881671 -137.86659089137 -137.68967655343 -137.46279525521 -137.24329697871 -137.00895641992 -136.74181316319 -136.41519784489 -136.20196843802 -136.01387263204 -135.66227755225 -135.27515254129 -134.73555499131 -134.0652674566 -133.30662095247 -132.41785482887 -131.59071495489 -130.81088666257 -130.07045572374 -129.35754771952 -128.61429958191 -128.01038397666 -127.12248520459 -125.74330204127 -125.46628548288 -125.2304624944 -124.79333793107 -124.47993006141 -124.08647494383 -123.50588533808 -123.22910145348 -122.88778716159 -122.52704496388 -122.29875279255
-139.34590136938 -139.28327404051 -139.24070718381 -139.18033910493 -139.00549989379 -138.99423738336 -139.09519860897 -138.97428392056 -138.84538125315 -138.73015082388 -138.59626241796 -138.46043595899 -138.31590757004 -138.05698894741 -137.9379707548 -137.71434775105 -137.48590390343 -137.25902086846 -136.96613385578 -136.59977571645 -136.30942892735 -136.06206926623 -135.72249794185 -135.38427400327 -134.88327281211 -134.16682931515 -133.31702200204 -132.38007652559 -131.48763260276 -130.6698292418 -129.86596029523 -129.11712410441 -128.36585835883 -127.71611528644 -127.00407586318 -125.84555311376 -125.31551856605 -125.07414578444 -124.75559506186 -124.32115734126 -123.82940096263 -123.14798094066 -122.66034330731 -122.26428305233 -121.90604438089 -121.63247819918
-139.5755309487 -139.46888204709 -139.42313725891 -139.3601724677 -139.20023611391 -139.26997646083 -139.29966223221 -139.15985084488 -139.04303170645 -138.93357782486 -138.80484397294 -138.66923514431 -138.51135073836 -138.27407374719 -138.13821567226 -137.96901447505 -137.75699088003 -137.54067225584 -137.20922663997 -136.76661900366 -136.37767771429 -136.04652552797 -135.72516743579 -135.48286324715 -135.06575559878 -134.25107851855 -133.27370304892 -132.28687140219 -131.35868938474 -130.49528214156 -129.65544420185 -128.8701986271 -128.11979046034 -127.4362665248 -126.76705544744 -126.12193216732 -125.44596539481 -124.93188432359 -124.68872666301 -124.17822282102 -123.49911511698 -122.70216805687 -122.07445696023 -121.58889103901 -121.25265940104 -120.97368496093
-139.80169501871 -139.6807658994 -139.62198129345 -139.63909919146 -139.61179488215 -139.57553825244 -139.46827450244 -139.355230855 -139.26908242546 -139.10135687427 -138.99995781675 -138.9583611017 -138.750724293 -138.52099995924 -138.37115470773 -138.2546919945 -138.14591060554 -137.92919298886 -137.45511185491 -136.89800088066 -136.37994516777 -135.9444512107 -135.59070593708 -135.37645333092 -135.03380682471 -134.14166738338 -133.11979290709 -132.15749529433 -131.23000945654 -130.31113371766 -129.46908850434 -128.63639755928 -127.74258835694 -127.08151934003 -126.42106413519 -125.71109848518 -125.03470747845 -124.38614109597 -123.94158946964 -123.61591577725 -122.81072779601 -121.94111792058 -121.419660601 -120.9992772485 -120.66764014977 -120.35052915116
-140.0557880129 -139.93314613823 -139.85034888067 -139.89033778427 -139.90165703751 -139.80227700527 -139.66938001383 -139.66553666195 -139.63738919306 -139.5000404717 -139.37055901313 -139.24329350352 -139.03769098442 -138.77186774504 -138.57964250527 -138.48457232318 -138.5479792007 -138.39298026826 -137.62372024522 -136.91916635537 -136.30736020691 -135.76415393304 -135.27550671769 -134.83916823187 -134.34638707298 -133.66335014745 -132.86278536777 -131.9923088587 -131.1013646581 -130.19797822792 -129.28792108858 -128.41746252483 -127.5152327363 -126.75735833658 -126.09451912285 -125.47148568811 -124.73775361302 -124.07564692575 -123.48887910821 -123.13950630291 -122.30778612129 -121.3944503802 -120.83940651954 -120.41261007429 -120.08872738297 -119.64805737649
-140.36044915459 -140.25050275089 -140.1925289246 -140.18759126433 -140.09269411639 -139.96387113107 -139.92340734624 -139.92432468279 -139.89753695143 -139.82995628389 -139.73733221816 -139.58146348789 -139.33188674726 -138.99347039803 -138.68480046702 -138.48519169681 -138.45961244599 -138.24074664718 -137.52583154443 -136.82971603413 -136.18801695594 -135.54696574717 -134.90180498759 -134.26016372573 -133.67014256452 -133.17901864195 -132.60417931147 -131.85691084222 -131.01067256406 -130.10964371383 -129.1482254988 -128.22440307734 -127.34677879288 -126.62968708637 -125.95691871591 -125.28804862934 -124.68982635528 -124.00043880937 -123.21043937064 -122.55000956889 -121.79141367523 -120.83807351606 -120.24828914021 -119.73347837599 -119.35758157195 -119.01737582868
-140.6772103225 -140.58361530429 -140.54476293538 -140.47982288813 -140.29618458864 -140.14270054085 -140.14049794532 -140.14912572853 -140.15418712418 -140.16908166151 -140.13518526052 -139.98899642011 -139.69534954654 -139.25138777861 -138.73669687247 -138.24658121362 -137.92387518862 -137.628807321 -137.19408186862 -136.7003859425 -136.11739864131 -135.40700395698 -134.61141259317 -133.89248384934 -133.36395662002 -132.94300423275 -132.44304688523 -131.77504606528 -130.9435480115 -130.024765985 -129.04048156574 -128.0476671798 -127.14700379482 -126.50311649156 -125.90682941353 -125.28666331904 -124.62724988469 -123.8449341652 -123.07674123394 -122.34873787967 -121.35976443774 -120.40502287207 -119.72405144494 -119.11449347337 -118.6714496833 -118.3739417001
-140.98779141399 -140.90451232772 -140.8649749944 -140.77494580612 -140.57287062931 -140.3809847122 -140.32198302701 -140.3686660284 -140.48000728472 -140.59628606862 -140.63124553145 -140.51169603507 -140.18976820046 -139.63165523998 -138.87039671224 -137.99499643674 -137.28592850684 -136.97477560247 -136.88935741879 -136.68063713881 -136.20494027048 -135.44440616675 -134.46753732051 -133.61010270846 -133.20248039784 -132.95991025991 -132.50724063594 -131.81537559979 -130.98889806419 -130.04520033309 -129.03318285261 -128.01699654252 -127.11676691221 -126.53313833524 -126.01382117519 -125.39848250999 -124.69164845375 -123.88518605386 -122.97379783834 -122.01500921147 -120.98221711388 -120.00996845001 -119.23708149932 -118.50691060741 -118.00228498457 -117.72605084043
-141.26349352565 -141.20574622461 -141.20977876933 -141.13066729211 -140.88702376893 -140.611093743 -140.47510168035 -140.59072650157 -140.85965736153 -141.11910354412 -141.25902767389 -141.20122025143 -140.88780855917 -140.25204715807 -139.27979355045 -137.97459776086 -136.73913374602 -136.49025032023 -136.89577051799 -136.98064496133 -136.6049110027 -135.81939688901 -134.66332805844 -133.52900230632 -133.26031719081 -133.2937004644 -132.83575001407 -132.05626761292 -131.17128174449 -130.18809586141 -129.15170546171 -128.14869769738 -127.27221777991 -126.72386514828 -126.23745344645 -125.6037067955 -124.82884284671 -123.92122059536 -122.88904369119 -121.80576068193 -120.74593063944 -119.72821122302 -118.848152342 -117.97439016775 -117.36867677367 -117.17275752017
-141.46557259319 -141.47580250215 -141.50427810363 -141.45289712891 -141.17230991966 -140.75300562962 -140.56611490289 -140.84061790268 -141.33870159894 -141.77377551292 -142.04364350108 -142.09070027747 -141.84797707968 -141.22670111985 -140.17507558196 -138.63191743067 -137.03328141343 -136.86426699353 -137.59592389406 -137.78405667152 -137.41836174617 -136.66223909258 -135.59533014994 -134.60265611363 -134.35686495263 -134.16986585804 -133.43963457651 -132.48270062184 -131.484784558 -130.44081675004 -129.37703640285 -128.41864956977 -127.63584846597 -127.11289131186 -126.61920584815 -125.89658003264 -125.00483218937 -123.98446839527 -122.87919223814 -121.72654034508 -120.59997238978 -119.57437530367 -118.69964014423 -117.68851817135 -116.98532311911 -116.84054294925
-141.65202313745 -141.69272563462 -141.7533268444 -141.77590655168 -141.51435729141 -140.97156605555 -140.71776549655 -141.21572487894 -141.97124256027 -142.56424015594 -142.97262390242 -143.16726572552 -143.0694099337 -142.58467312726 -141.6478895214 -140.29250801661 -138.91609878042 -138.76590260277 -139.2414885489 -139.12060547967 -138.60142784551 -137.88235121616 -137.11572895912 -136.63846394538 -136.31336339435 -135.45574884152 -134.24783407824 -133.0400208173 -131.88809632653 -130.76760228384 -129.67847547784 -128.76247491047 -128.04194839249 -127.58535711226 -127.16676703759 -126.30458985137 -125.30090142724 -124.22358962949 -123.06999587771 -121.83981013507 -120.56053808056 -119.57555549235 -119.0125172744 -118.35762707835 -117.57984670496 -117.04600812733
-141.82793616178 -141.87336742257 -141.97441218059 -142.04008650663 -141.93302871681 -141.58674076261 -141.42328487169 -142.01891512862 -142.82576719784 -143.47471176692 -144.00995781161 -144.39063337412 -144.49904898916 -144.23311910159 -143.55761800551 -142.5957867573 -141.75786262791 -141.56910459002 -141.42629948752 -140.72479167483 -139.95857419169 -139.21916791121 -138.59748465906 -138.28957478368 -137.81153146158 -136.54457099561 -135.03430264323 -133.6180582136 -132.31989708469 -131.11691824798 -129.98584962191 -129.03420218133 -128.27407699964 -127.83669146043 -127.50739112124 -126.68269797119 -125.68584997594 -124.61637925324 -123.49011779255 -122.30606735294 -120.97252809828 -119.96073411618 -119.620551086 -119.35051290122 -118.59786532901 -117.6458392751
-141.96143998235 -142.02399322446 -142.1894242123 -142.35120369448 -142.50379676626 -142.74991855266 -143.04589954185 -143.37782381368 -143.81650478781 -144.3937920712 -145.05040043926 -145.66736063376 -146.04567172599 -146.02095577792 -145.59948625643 -144.91497202952 -144.17460812773 -143.77696249548 -143.2313571389 -142.1668165552 -141.24432041172 -140.46508049749 -139.80024448271 -139.21382679184 -138.42585471641 -137.16352021523 -135.63258897032 -134.10528458043 -132.72623320167 -131.46235177239 -130.27394287159 -129.18859103337 -128.29507083054 -127.75775910368 -127.46739333777 -126.94975975645 -126.10093972785 -125.07481354157 -124.04347612178 -123.18935098301 -122.16833892865 -120.88133877512 -120.20336642271 -119.9292565512 -119.34388465813 -118.36427538522
-142.0944169287 -142.15622908957 -142.3308190468 -142.5873511022 -142.96464403138 -143.77771275151 -144.53647140405 -144.57746653203 -144.62805606418 -145.13959125646 -145.94101551463 -146.86395915301 -147.60244047058 -147.77496302853 -147.48222595214 -147.00219400386 -145.95859911396 -145.0960168281 -144.23246957745 -143.26174688965 -142.32844806188 -141.52965113244 -140.80277843473 -140.01051587229 -139.02144470473 -137.72496730032 -136.12087134479 -134.49232850213 -133.0761730703 -131.82147843827 -130.60897471115 -129.38854723134 -128.21454368451 -127.47055636721 -127.36488550666 -127.21307070172 -126.57757483193 -125.59202664164 -124.59762296384 -124.13908062922 -123.6719232029 -121.89247664961 -120.59614270179 -120.28858503665 -120.02716847694 -119.27040481068
-142.21138245559 -142.23894946434 -142.35101309432 -142.59868314138 -143.01799925525 -143.8350149329 -144.61458656189 -144.79426695121 -144.92738993004 -145.5193954072 -146.50883992722 -147.78682822892 -149.05727733851 -149.2618471182 -148.74938111323 -148.07916752115 -146.98317048771 -145.93139990618 -144.97543374184 -144.04889197 -143.18935186592 -142.4195085175 -141.69530550227 -140.91748346138 -139.90978503376 -138.43240446651 -136.56793595635 -134.78885925749 -133.3700999246 -132.21931334849 -131.07179385343 -129.75882609263 -128.23795205779 -127.09910729258 -127.26682897901 -127.50606381766 -127.11350734728 -126.13310662128 -125.14610737215 -124.69115752695 -124.42705634358 -122.45670488006 -121.01150549042 -120.91404942635 -120.97515283819 -120.437642858
