MFC+VTK/函数库及接口制作/重磁三维基本处理/张双喜的程序/经验模态分解_2D/三峡gra_ε=0.001局部异常（BIMF1～BIMF3）.grd
DSAA
196 196
305000.000000 695000.000000
3265000.000000 3655000.000000
-23.83080 26.89736
[rows 135 to 161 of 196, columns 122 to 182 of 196]
0.654384 0.280942 0.055414 1.094136 1.210914 1.357993 1.092212 2.058062 3.413499 4.917302 6.554296 8.570266 9.924160 10.549666 11.949498 12.850213 12.917908 12.923539 12.859980 12.087554 10.628369 9.496779 8.346482 7.113111 5.841984 5.289350 5.328611 5.754523 6.246374 5.849358 3.950795 3.064188 3.983989 4.441266 4.650015 4.437398 3.819969 2.410942 1.068311 -0.111159 -1.070936 -2.265222 -4.261615 -6.733900 -9.076955 -9.935986 -9.776093 -9.819029 -10.926210 -12.185832 -13.095957 -11.940085 -8.662349 -4.109506 -0.198957 0.433960 -1.007842 -1.930174 -2.166489 -2.437432 -2.034488
2.115673 0.477777 0.054747 0.448145 0.601286 0.832891 1.290538 2.706197 4.352165 5.975030 8.013952 10.559613 11.784873 11.783682 11.884299 11.864122 11.704044 12.095934 12.224606 11.191633 9.653406 8.865538 7.859725 7.170710 6.663261 6.569012 6.545545 6.674198 6.830857 6.208761 4.599838 3.480408 3.687506 3.736124 3.753693 3.582625 2.451362 -0.056117 -2.806371 -5.497672 -7.670076 -9.846013 -12.271091 -14.584559 -16.580472 -17.420553 -17.517656 -17.657526 -18.175755 -18.811694 -19.401080 -18.131317 -14.721319 -9.392944 -3.571053 -0.222535 0.022737 -0.048353 0.001765 -0.203793 -0.382284
7.175347 3.194335 0.891874 0.574409 0.603311 1.666189 3.286756 5.058247 6.737684 8.256628 10.061066 11.884333 12.324448 11.309713 9.869342 9.446458 9.849277 10.675771 11.197245 10.665703 9.832162 9.500747 8.859000 8.332079 7.963681 8.124271 8.060086 7.904881 8.141003 7.576421 6.426770 4.917263 3.810072 2.930841 2.382005 1.937205 0.340610 -2.659774 -6.401766 -10.188178 -12.970518 -15.373690 -17.440063 -19.044502 -20.101072 -20.173103 -19.731929 -19.924021 -20.122086 -20.275346 -20.382903 -19.766863 -17.576698 -14.574885 -11.345710 -6.196670 -2.662498 0.336246 2.616445 2.531412 1.338801
6.707127 4.260565 2.388102 2.337173 2.578498 3.988101 6.241534 8.227934 9.238258 10.210663 11.404785 12.175981 11.831710 9.903490 7.614310 7.131477 7.747792 8.719727 10.106638 10.533174 10.835876 10.949880 10.659856 10.202837 9.884473 10.107252 10.026605 9.261371 9.338281 9.227006 8.603208 6.832810 4.220287 2.023413 0.769638 -0.264786 -1.850532 -4.658404 -8.667504 -12.803092 -15.554963 -17.731731 -19.822974 -20.827015 -20.997052 -20.535465 -19.904319 -19.809574 -19.693495 -19.449073 -19.337093 -18.971658 -18.182851 -17.305314 -15.558043 -13.280361 -9.825993 -5.482656 -1.628165 -1.810017 -4.371110
5.120134 4.693124 4.322446 4.927699 5.584195 6.485016 8.443809 10.205454 10.342380 10.581159 11.077508 10.959521 10.643744 8.974041 6.507221 5.293918 4.828992 5.401952 7.921135 9.633749 11.190806 11.935292 12.121209 11.908526 11.570279 11.424893 11.178542 9.893482 9.654389 9.847230 9.347420 7.339537 3.963443 1.027728 -0.455239 -1.334885 -2.479764 -5.076421 -8.980902 -13.157313 -15.903669 -17.683795 -19.008904 -19.842657 -19.886949 -19.887007 -19.526522 -18.720220 -18.441717 -18.105504 -17.921442 -17.709582 -17.353726 -16.775151 -16.847609 -17.111274 -17.252515 -17.201689 -16.860526 -15.402670 -14.305590
7.115089 6.541656 6.201316 6.887995 7.642373 7.745042 8.873844 9.878499 9.563420 9.481197 9.695296 9.142698 9.374447 8.853666 6.278729 3.521409 1.491460 1.360753 4.201783 6.812654 8.577778 9.301878 9.748018 9.525131 9.149848 8.874189 8.442872 7.570091 7.639129 7.882384 7.288004 5.356245 2.897189 1.628470 0.545156 0.415365 -0.293397 -3.180628 -7.523235 -11.482034 -14.213831 -16.212271 -17.403585 -17.891044 -18.120876 -17.854205 -17.326411 -16.713830 -16.210714 -16.320504 -15.885058 -15.977052 -15.866169 -16.297211 -17.549247 -19.062074 -21.033575 -22.482101 -23.265014 -22.293026 -19.574759
7.298780 6.220449 6.222818 7.228239 7.439540 6.893256 7.569582 8.149940 7.923589 7.902139 8.429027 8.659693 8.823188 8.007737 5.093685 1.242721 -0.762344 -0.814064 0.983605 2.850004 3.428069 3.013495 1.774754 0.634849 0.751773 1.091453 0.886131 0.788874 1.355116 2.519155 3.105187 3.100364 2.966811 3.632293 3.895452 3.521433 2.106616 -0.452858 -4.084090 -8.066834 -11.213454 -13.683063 -15.297243 -16.028631 -16.441332 -16.159038 -15.101995 -14.326040 -13.844955 -13.954163 -14.081834 -14.234426 -14.696764 -15.973509 -17.951367 -19.980765 -21.721142 -22.835013 -23.353957 -22.595449 -19.066424
4.663368 3.111686 4.795274 6.391524 5.965310 4.439560 5.357957 6.410966 7.008253 6.974353 7.015354 7.538839 7.528172 5.570499 2.027838 -1.685325 -3.587241 -3.733831 -3.288468 -1.983806 -1.807133 -2.664430 -4.474017 -5.583968 -6.072601 -6.297966 -6.237459 -5.840546 -4.700156 -2.613513 -0.622614 0.759462 1.596251 2.073150 2.782406 2.895527 2.734614 1.580716 -1.304795 -4.645854 -7.728327 -10.824153 -12.848638 -13.883988 -14.212667 -14.035689 -13.092270 -12.112255 -11.614488 -11.930141 -12.309411 -12.651048 -13.759708 -15.966476 -18.691128 -20.628499 -21.491197 -21.806237 -21.459903 -19.543701 -14.753565
3.996396 1.563494 3.240125 5.280805 4.701718 3.179913 4.104710 5.343136 6.288139 6.282409 5.473647 5.509565 4.413580 1.660302 -1.237635 -4.082840 -5.741508 -6.809132 -8.336992 -7.277268 -6.728569 -7.950748 -9.148313 -9.975733 -10.207354 -10.517611 -10.596211 -10.092965 -8.412502 -5.866512 -3.431627 -1.624604 -0.584582 0.278735 1.693599 1.593450 1.964889 2.547237 0.788473 -1.477854 -4.368395 -7.239828 -9.256370 -10.632725 -11.185058 -11.125636 -10.606746 -9.916008 -9.876732 -10.556799 -11.260291 -12.078554 -13.932190 -16.607359 -19.369775 -20.985171 -21.103703 -20.466410 -18.784859 -13.843108 -6.092730
4.638602 2.560309 3.180240 4.257108 4.065242 3.259877 3.353517 3.996491 4.233967 3.658327 2.336113 0.654072 -0.861634 -2.063458 -3.686826 -5.168416 -6.724006 -8.400185 -10.070681 -10.717257 -10.813235 -11.639478 -12.672350 -12.725335 -12.300883 -12.464833 -12.633478 -12.045640 -10.345379 -8.173045 -5.978842 -3.958075 -2.371425 -0.682095 1.131207 1.679991 2.113909 3.347633 3.253572 1.889549 -0.150967 -2.275755 -4.118039 -6.193701 -7.625822 -7.821593 -7.689859 -7.364694 -7.799109 -9.291918 -10.690954 -12.089279 -14.156313 -16.784711 -18.955865 -19.889125 -19.426878 -18.025713 -15.202050 -8.005160 2.236641
4.236580 2.964176 3.411649 3.813020 3.585056 2.625964 1.987335 1.538129 1.318773 0.576118 -1.300906 -2.879198 -3.627480 -3.469568 -3.795521 -4.648031 -6.235831 -8.408407 -10.560585 -12.137084 -13.004997 -13.369883 -13.766826 -13.352894 -12.780831 -12.783437 -12.652374 -11.860429 -10.431572 -8.797195 -7.301755 -5.663545 -3.564447 -0.901312 1.744021 3.575454 4.736227 5.640916 6.008765 5.065424 3.378421 1.500147 -0.485496 -3.161524 -4.999406 -5.095851 -4.860831 -5.274780 -6.574475 -8.451172 -9.999894 -11.876937 -13.728076 -15.746732 -17.172908 -17.258813 -16.184240 -14.374565 -11.291446 -5.299734 3.777029
4.076221 3.364683 3.145246 2.901317 2.327056 1.499120 0.452967 -0.467675 -1.010756 -2.093459 -3.612407 -3.673287 -2.598649 -1.901788 -2.316900 -3.930034 -5.943745 -8.300398 -10.646665 -12.376936 -13.211332 -13.515409 -13.537144 -12.974422 -12.388037 -12.292390 -11.961201 -11.178933 -9.828359 -8.269390 -7.263443 -5.956055 -3.883143 -0.886579 2.509823 4.821994 6.094712 6.200586 5.743166 4.488254 3.057155 1.364759 -0.321929 -2.452693 -3.845377 -3.855789 -3.721562 -4.857562 -6.698161 -8.293735 -9.494574 -11.577657 -13.209825 -14.157729 -14.741456 -14.188861 -12.670588 -10.663675 -8.046126 -4.497098 0.904233
3.259049 2.801750 2.326838 1.302806 0.427363 0.348798 -0.060575 -0.243734 -0.507766 -1.681630 -2.590726 -1.875460 -0.163927 0.204231 -1.258520 -3.799347 -6.209435 -8.233705 -10.241443 -11.828424 -12.680479 -12.834487 -12.647426 -12.098839 -11.723963 -11.536094 -10.909324 -10.104703 -8.936068 -7.405987 -6.307920 -5.081332 -3.485786 -1.332787 1.456722 2.802081 3.010651 2.434056 1.411777 0.142610 -0.484720 -1.231140 -1.912237 -2.743761 -3.507327 -3.831197 -4.417870 -5.456892 -6.631925 -8.104941 -9.668890 -11.334126 -12.595019 -12.905515 -12.221662 -11.114966 -9.656202 -7.786181 -5.446339 -3.057639 -0.203715
1.820695 1.019439 0.467239 -0.241215 -0.457081 0.244231 0.708527 1.085786 1.177137 0.406356 -0.317293 0.356117 1.392607 1.042282 -0.818839 -3.758580 -6.279080 -7.820413 -9.314674 -10.593282 -11.364640 -11.575348 -11.331632 -10.751535 -10.543558 -10.262007 -9.362191 -8.421898 -7.726386 -6.606698 -5.236544 -4.121048 -2.962090 -1.985875 -0.888926 -0.746014 -1.432724 -2.131962 -2.621188 -3.045027 -3.122721 -3.093480 -3.260407 -3.415632 -3.692145 -4.042199 -4.638707 -5.474897 -6.417044 -7.606895 -9.324234 -10.754833 -11.504862 -11.391544 -10.079360 -8.753567 -7.873126 -6.002933 -4.045360 -2.002304 0.468516
-0.224730 -1.262486 -1.545895 -1.216979 -0.270245 0.920571 1.524500 1.761740 1.778467 1.154391 0.254732 0.717104 1.109525 0.388915 -1.116404 -3.748446 -5.904824 -6.913095 -7.986630 -8.775020 -9.136299 -9.448754 -9.304755 -8.749467 -8.387976 -7.950426 -7.164528 -6.197359 -5.797837 -5.136934 -3.964826 -3.134190 -2.134107 -1.496322 -1.622955 -1.953465 -2.310010 -2.744311 -2.759998 -2.793535 -3.074228 -3.826382 -4.180886 -3.959570 -3.992530 -4.279090 -4.815263 -5.257150 -5.848641 -6.894445 -8.638062 -9.786848 -9.523044 -8.604578 -8.109501 -7.013375 -6.078907 -4.535414 -2.882076 -1.139703 0.968697
-2.126132 -2.615328 -2.376820 -1.465799 -0.136429 0.930490 1.281528 1.430313 1.346830 0.518179 -0.546838 -0.419466 -0.208207 -0.814318 -1.931438 -3.742916 -5.108550 -5.353382 -6.061812 -6.362315 -6.515324 -6.427653 -6.226815 -5.941229 -5.398584 -4.569623 -3.835592 -2.848786 -2.130475 -1.621553 -1.172100 -0.739298 0.111418 0.506938 -0.024412 -0.342512 -0.609337 -0.836753 -0.808599 -0.969950 -1.925386 -3.335245 -3.785266 -3.746146 -3.961939 -4.209229 -4.504244 -4.824889 -5.298616 -6.451253 -7.556713 -8.000294 -7.086771 -6.208864 -5.689770 -5.247604 -4.673216 -3.748994 -2.110639 -0.248837 0.564009
-3.480004 -2.808977 -2.040689 -1.169409 -0.719927 -0.559967 0.304422 0.800924 0.905113 0.182222 -0.760255 -0.825120 -0.830208 -1.083593 -1.659988 -2.636818 -3.269795 -2.837340 -3.348515 -3.353192 -3.262380 -3.011376 -2.659408 -2.309303 -1.703229 -0.595991 0.376844 1.463731 2.418114 2.809072 2.793473 2.758491 2.851613 2.937713 2.557274 2.323879 1.848177 1.453973 1.136825 0.680326 -0.506136 -1.867195 -2.519877 -3.037706 -3.428159 -3.804747 -3.889505 -4.481238 -5.059849 -6.272011 -6.566734 -5.955312 -5.563775 -5.294030 -5.129312 -5.047274 -5.395853 -5.484584 -4.077687 -2.122943 -1.219700
-5.012978 -3.622479 -1.967544 -1.024871 -2.023277 -2.733543 -0.423302 0.847004 1.134776 0.722085 0.368170 0.570212 0.371280 0.114385 -0.011654 -0.411996 0.182316 0.556785 -0.409099 -0.818667 -0.041406 1.089183 1.594038 2.027130 2.767798 3.645654 4.588810 5.526123 6.335292 6.580318 6.353002 5.775945 5.283241 5.150355 4.832439 4.441039 3.883155 3.223019 2.396436 1.635494 0.821648 -0.185462 -1.194891 -2.249931 -2.811463 -2.924325 -3.227582 -4.075985 -4.832920 -5.513804 -5.442858 -5.037641 -5.588876 -5.942895 -6.121649 -6.196710 -6.367230 -5.912240 -4.293779 -2.086950 -0.808040
-7.155600 -5.077135 -2.768562 -1.356733 -2.925216 -2.804376 -0.069238 1.867367 2.507806 2.957579 3.520697 3.677006 3.175621 2.435271 2.030364 2.274336 3.245313 3.715239 2.139193 1.793536 2.603808 3.923528 4.758177 5.296107 5.991629 6.392886 6.958985 7.760350 8.526460 8.849129 8.316257 7.015226 6.321479 6.566394 6.603300 5.700351 4.756059 3.553786 2.667791 2.064898 1.781255 0.931698 -0.056600 -0.818685 -1.287438 -1.489740 -2.022534 -3.131585 -4.121867 -4.583899 -4.579477 -5.274799 -5.853741 -6.052045 -6.152497 -5.786090 -4.931254 -3.216127 -0.780812 1.746945 2.967992
-8.267497 -6.147368 -3.432101 -0.993047 -0.346857 1.072211 3.864785 4.445439 4.947825 6.529573 6.877734 6.372205 5.285452 3.610277 2.881451 3.504900 3.869517 4.446952 3.476030 2.655921 3.153243 4.009027 4.675710 4.657985 4.644780 4.693169 5.098477 5.841529 6.867108 7.607960 7.112439 6.290533 5.975393 6.375511 6.819474 5.690478 4.203230 3.021841 2.512380 2.493612 2.830846 2.529817 1.776659 1.104950 0.636328 0.027008 -0.721344 -1.714704 -2.830663 -3.552904 -4.102804 -4.991722 -4.905459 -4.378058 -3.872656 -2.627386 -0.778913 1.760039 5.075184 7.572593 8.425753
-8.021216 -5.303430 -1.771879 1.361623 4.059295 6.434890 8.156664 7.089849 6.506125 7.346498 7.394275 6.292121 3.857340 2.035958 0.986224 1.004122 1.234513 1.508121 0.837215 0.057571 0.109723 0.677655 0.704937 0.160970 -0.210910 -0.140277 0.410507 1.251053 2.589970 4.481523 5.887785 5.877946 5.611178 5.753550 6.095660 5.031328 3.554621 2.917180 3.254638 3.956780 4.640540 4.721974 4.015383 3.009460 2.213550 1.294173 0.437783 -0.092486 -0.975151 -1.817356 -2.696136 -2.999495 -2.269875 -1.254342 -0.023142 2.131313 4.795734 7.931551 11.732786 13.691781 14.080573
-5.889074 -3.553508 -0.153673 3.228049 6.102412 7.789274 7.975800 6.884548 5.827984 5.323877 4.459233 3.275652 1.364902 -0.180021 -1.312152 -1.837443 -1.801755 -1.805283 -1.809404 -2.178845 -2.172927 -1.893955 -2.130399 -2.740068 -3.151586 -3.092803 -2.403591 -1.356827 0.186309 2.843767 5.277003 5.703123 5.516253 5.473551 5.493354 4.867855 3.987254 4.019751 5.112952 6.282307 6.939367 6.954822 6.066061 4.671131 3.429153 2.449730 1.813293 1.776455 1.649710 1.185606 0.235452 0.379994 1.314939 2.328782 3.910767 6.683545 10.176358 14.208568 17.623293 18.814732 18.895090
-2.673553 -1.351849 0.802737 3.458283 5.265721 6.105936 5.931649 5.361474 4.309590 3.271684 2.101383 0.699941 -0.622729 -1.555814 -2.135478 -2.641015 -2.779212 -2.615821 -2.333756 -1.953293 -1.747975 -1.914299 -2.079934 -2.374865 -2.598753 -2.576371 -1.809219 -0.663789 0.636962 2.855282 4.965150 5.326999 5.529846 5.884846 5.833524 5.716223 5.606221 6.016900 7.504809 8.978309 9.518281 8.939373 7.566673 5.790867 4.118929 3.146350 3.340081 3.812018 4.681453 4.788936 3.872937 4.225337 4.947221 5.986614 7.359749 10.412166 14.723794 19.351038 21.607792 21.782782 22.050808
1.067712 0.463696 0.874061 2.277325 3.447035 4.476869 4.675570 4.334249 3.275236 1.981667 0.662474 -0.954289 -2.075368 -2.627003 -2.746954 -2.791669 -3.058948 -2.963845 -2.828484 -1.903894 -1.004111 -1.042052 -1.006920 -0.680824 -0.312266 0.001130 0.559396 1.220474 1.810530 3.003461 4.375650 4.812019 5.850205 7.150924 7.601477 7.909748 8.276998 8.764490 10.284846 11.775363 12.106554 10.700821 8.443101 6.091945 4.195992 3.435747 5.008382 6.520566 7.372734 7.864046 7.902674 8.246753 8.613708 9.829500 11.046741 14.534074 18.955461 22.683817 23.350230 22.868756 23.405187
2.626402 1.322810 1.089955 1.794889 2.773730 3.665931 3.663541 3.060545 1.940803 0.453750 -1.309483 -3.396821 -4.550367 -5.168454 -5.386594 -5.252068 -5.323654 -5.712775 -6.019806 -4.593316 -2.415632 -1.348607 -0.495283 0.534769 1.468430 2.206761 2.415264 2.327419 2.251716 2.757625 3.459095 4.382362 6.587341 8.869050 10.503270 11.405976 11.658572 12.026292 13.103755 13.966491 13.783757 12.108484 8.897270 6.065018 4.843588 5.552445 8.577156 10.634552 11.166697 11.442437 11.804740 11.991345 12.062995 12.849174 14.752843 18.030702 21.533736 23.529129 23.221786 23.576189 24.172901
2.556468 2.225012 2.283190 2.429183 2.999856 3.171978 2.438604 1.400651 -0.107806 -2.025214 -4.819047 -7.771533 -9.156093 -9.976120 -10.205182 -10.400607 -9.469421 -9.632435 -9.824522 -7.723802 -4.731340 -2.638627 -0.399050 0.890120 1.666329 2.372926 2.537756 2.280681 2.109542 2.425976 3.104583 4.434159 7.183612 9.632851 12.823818 14.099530 13.969173 13.764114 14.495596 15.516009 15.057057 12.522460 8.872429 6.506589 6.909279 9.951825 12.985402 14.061089 14.545508 14.754906 15.000825 15.463438 15.834060 16.462039 17.803357 20.225960 22.551288 23.444118 23.325134 23.924634 23.550555
2.868063 3.551687 3.882025 3.714832 3.785518 3.546880 1.985755 -0.631383 -3.359576 -6.067167 -9.550127 -12.355632 -13.804945 -14.448847 -14.007672 -14.250310 -12.354441 -10.978666 -9.829471 -7.497160 -5.212349 -3.042783 -0.332196 0.781875 1.273583 1.765213 1.840628 1.750403 1.828663 2.400665 3.551508 5.213263 6.781386 8.122918 11.416179 12.839757 12.414283 12.685425 14.501514 16.802278 16.498948 13.276682 9.628082 8.390071 9.754625 12.969493 14.758944 15.483953 16.079742 16.101890 16.644789 17.526660 18.206274 18.765552 19.648099 20.690251 22.027616 22.643087 22.715967 23.213788 21.702508
