MFC+VTK/函数库及接口制作/重磁三维基本处理/张双喜的程序/经验模态分解_2D/三峡gra_ε=0.001_BIMF_D5.grd
DSAA
196 196
305000.000000 695000.000000
3265000.000000 3655000.000000
-35.37153 25.65342
[rows 135 to 161 of 196, columns 0 to 60 of 196]
-11.691195 -11.587622 -11.484142 -11.380904 -11.278049 -11.175645 -11.073643 -10.971856 -10.869967 -10.767553 -10.663928 -10.556924 -10.441109 -10.315504 -10.181792 -10.042627 -9.900309 -9.756492 -9.612294 -9.468444 -9.325369 -9.183249 -9.042036 -8.901462 -8.761027 -8.619993 -8.477362 -8.331885 -8.182090 -8.026361 -7.863047 -7.690590 -7.507645 -7.313171 -7.106485 -6.887286 -6.655664 -6.412090 -6.157413 -5.892864 -5.620065 -5.341047 -5.058262 -4.774576 -4.493200 -4.217569 -3.951163 -3.697326 -3.459136 -3.239345 -3.040336 -2.864103 -2.712208 -2.585744 -2.485299 -2.410962 -2.362386 -2.338895 -2.339585 -2.363419 -2.409281
-11.341075 -11.267443 -11.193861 -11.120407 -11.047155 -10.974126 -10.901246 -10.828311 -10.754952 -10.680671 -10.605333 -10.527776 -10.440777 -10.338080 -10.225782 -10.107860 -9.986719 -9.863871 -9.740307 -9.616668 -9.493318 -9.370385 -9.247774 -9.125175 -9.002046 -8.877600 -8.750775 -8.620209 -8.484234 -8.340932 -8.188243 -8.024118 -7.846674 -7.654336 -7.445948 -7.220847 -6.978884 -6.720410 -6.446263 -6.157759 -5.856710 -5.545463 -5.226949 -4.904702 -4.582802 -4.265703 -3.957955 -3.663893 -3.387398 -3.131801 -2.899880 -2.693870 -2.515426 -2.365578 -2.244704 -2.152601 -2.088628 -2.051868 -2.041253 -2.055651 -2.093908
-10.957522 -10.913905 -10.870311 -10.826767 -10.783282 -10.739818 -10.696255 -10.652367 -10.607831 -10.562260 -10.515079 -10.464347 -10.404715 -10.326091 -10.237488 -10.142982 -10.044762 -9.944212 -9.842270 -9.739553 -9.636411 -9.532950 -9.429057 -9.324407 -9.218450 -9.110401 -8.999202 -8.883487 -8.761529 -8.631217 -8.490141 -8.335754 -8.165540 -7.977222 -7.768996 -7.539689 -7.288821 -7.016574 -6.723751 -6.411747 -6.082575 -5.738927 -5.384268 -5.022875 -4.659777 -4.300539 -3.950913 -3.616386 -3.301772 -3.011018 -2.747256 -2.512882 -2.309521 -2.137942 -1.998115 -1.889411 -1.810850 -1.761298 -1.739581 -1.744536 -1.775020
-10.542171 -10.528546 -10.514922 -10.501286 -10.487590 -10.473729 -10.459519 -10.444677 -10.428788 -10.411184 -10.390584 -10.364485 -10.328727 -10.277843 -10.216374 -10.147735 -10.074165 -9.997148 -9.917690 -9.836462 -9.753849 -9.669980 -9.584748 -9.497833 -9.408704 -9.316600 -9.220516 -9.119174 -9.010949 -8.893740 -8.764914 -8.621473 -8.460173 -8.277848 -8.071816 -7.840196 -7.582032 -7.297260 -6.986611 -6.651570 -6.294388 -5.918201 -5.527141 -5.126362 -4.721896 -4.320405 -3.928828 -3.553914 -3.201640 -2.876721 -2.582612 -2.321791 -2.095604 -1.904238 -1.747011 -1.622782 -1.530267 -1.468208 -1.435418 -1.430779 -1.453211
-10.096634 -10.112895 -10.129139 -10.145315 -10.161319 -10.176970 -10.191989 -10.205951 -10.218201 -10.227674 -10.232670 -10.230777 -10.219312 -10.196576 -10.163789 -10.122661 -10.075103 -10.022632 -9.966342 -9.906993 -9.845056 -9.780727 -9.713934 -9.644370 -9.571540 -9.494716 -9.412954 -9.325103 -9.229772 -9.125159 -9.008704 -8.877010 -8.726033 -8.551593 -8.349906 -8.118085 -7.854453 -7.558547 -7.230965 -6.873289 -6.488112 -6.079230 -5.651740 -5.211888 -4.766746 -4.323887 -3.891160 -3.476458 -3.087198 -2.729370 -2.406871 -2.122098 -1.875587 -1.666465 -1.493221 -1.354256 -1.248132 -1.173608 -1.129591 -1.115076 -1.129085
-9.622522 -9.668500 -9.714443 -9.760262 -9.805789 -9.850754 -9.894745 -9.937150 -9.977062 -10.013182 -10.043817 -10.067121 -10.081613 -10.086660 -10.082256 -10.069062 -10.048226 -10.020956 -9.988285 -9.951007 -9.909690 -9.864653 -9.815910 -9.763162 -9.705933 -9.643535 -9.575102 -9.499583 -9.415803 -9.322500 -9.217898 -9.098019 -8.958096 -8.793040 -8.597834 -8.368187 -8.101222 -7.795769 -7.452163 -7.072087 -6.658704 -6.216943 -5.753353 -5.275555 -4.791635 -4.309763 -3.838150 -3.385254 -2.959903 -2.570408 -2.222082 -1.916472 -1.652250 -1.427081 -1.238717 -1.085355 -0.965622 -0.878440 -0.822888 -0.798113 -0.803261
-9.121462 -9.196943 -9.272369 -9.347607 -9.422420 -9.496435 -9.569102 -9.639642 -9.707002 -9.769866 -9.826783 -9.876426 -9.917853 -9.950523 -9.974097 -9.988631 -9.994604 -9.992751 -9.983860 -9.968639 -9.947683 -9.921448 -9.890163 -9.853591 -9.811075 -9.762054 -9.705787 -9.641334 -9.567610 -9.483624 -9.389532 -9.280290 -9.150940 -8.995874 -8.808963 -8.584115 -8.316413 -8.003277 -7.644540 -7.241944 -6.799824 -6.325119 -5.826443 -5.312961 -4.793597 -4.276768 -3.770509 -3.282964 -2.823311 -2.402771 -2.032153 -1.708989 -1.429012 -1.188628 -0.985312 -0.817402 -0.683768 -0.583563 -0.516068 -0.480586 -0.476391
-8.595115 -8.699860 -8.804528 -8.908936 -9.012775 -9.115573 -9.216669 -9.315187 -9.410048 -9.500040 -9.583957 -9.660755 -9.729623 -9.789924 -9.841148 -9.883001 -9.915486 -9.938881 -9.953640 -9.960270 -9.959268 -9.951122 -9.936357 -9.915245 -9.886339 -9.849449 -9.803963 -9.749158 -9.684270 -9.608598 -9.521430 -9.419940 -9.299069 -9.153055 -8.975244 -8.757772 -8.492600 -8.174076 -7.800951 -7.375071 -6.903513 -6.396467 -5.865009 -5.319616 -4.769630 -4.223384 -3.688586 -3.172767 -2.683971 -2.233166 -1.843870 -1.504730 -1.209206 -0.953201 -0.734392 -0.551427 -0.403435 -0.289772 -0.209886 -0.163228 -0.149193
-8.045197 -8.178968 -8.312636 -8.445969 -8.578590 -8.709952 -8.839326 -8.965808 -9.088361 -9.205891 -9.317345 -9.421769 -9.518319 -9.606230 -9.684822 -9.753548 -9.812070 -9.860288 -9.898317 -9.926416 -9.944910 -9.954143 -9.954583 -9.947613 -9.931278 -9.905094 -9.868729 -9.821767 -9.763717 -9.693946 -9.611331 -9.513730 -9.397508 -9.257508 -9.087449 -8.878726 -8.619936 -8.299267 -7.911652 -7.461079 -6.960135 -6.423146 -5.863283 -5.291546 -4.717105 -4.147989 -3.591693 -3.055792 -2.548851 -2.081572 -1.665821 -1.308104 -0.995094 -0.722037 -0.486806 -0.288177 -0.125368 0.002167 0.094867 0.153157 0.177528
-7.473503 -7.636085 -7.798538 -7.960586 -8.121797 -8.281573 -8.439159 -8.593660 -8.744094 -8.889447 -9.028720 -9.160952 -9.285210 -9.400589 -9.506232 -9.601370 -9.685383 -9.757856 -9.818593 -9.867599 -9.905041 -9.931231 -9.946649 -9.951736 -9.945871 -9.928479 -9.899220 -9.857811 -9.803890 -9.736835 -9.655544 -9.558245 -9.442177 -9.303362 -9.136527 -8.934160 -8.684174 -8.366857 -7.961666 -7.486473 -6.959160 -6.397921 -5.816634 -5.225782 -4.634023 -4.049136 -3.478628 -2.930247 -2.412372 -1.933723 -1.501777 -1.121077 -0.787166 -0.495396 -0.242925 -0.028170 0.149781 0.291490 0.397342 0.467669 0.502843
-6.881931 -7.073156 -7.264228 -7.454835 -7.644506 -7.832612 -8.018387 -8.200955 -8.379365 -8.552631 -8.719750 -8.879709 -9.031477 -9.174014 -9.306291 -9.427324 -9.536238 -9.632327 -9.715105 -9.784324 -9.839966 -9.882193 -9.911239 -9.927190 -9.929937 -9.919179 -9.894643 -9.856090 -9.803210 -9.735453 -9.651868 -9.550960 -9.430462 -9.287077 -9.116225 -8.911660 -8.664323 -8.355805 -7.927413 -7.436016 -6.891217 -6.315727 -5.722254 -5.120503 -4.518918 -3.925297 -3.347203 -2.792206 -2.267786 -1.780714 -1.336157 -0.937046 -0.583287 -0.272634 -0.002685 0.228314 0.421470 0.577443 0.696627 0.779287 0.825677
-6.272509 -6.492270 -6.711858 -6.930932 -7.148989 -7.365378 -7.579321 -7.789936 -7.996273 -8.197331 -8.392071 -8.579418 -8.758256 -8.927430 -9.085759 -9.232064 -9.365224 -9.484243 -9.588330 -9.676948 -9.749823 -9.806873 -9.848101 -9.873501 -9.883066 -9.876708 -9.854290 -9.815657 -9.760587 -9.688656 -9.599089 -9.490573 -9.361038 -9.207354 -9.024865 -8.806440 -8.540221 -8.206648 -7.785300 -7.294164 -6.751248 -6.174895 -5.579164 -4.974760 -4.370600 -3.774701 -3.194595 -2.637399 -2.109589 -1.616575 -1.162378 -0.749592 -0.379514 -0.051846 0.234651 0.481347 0.689331 0.859329 0.991767 1.086871 1.144777
-5.647421 -5.895674 -6.143738 -6.391244 -6.637658 -6.882294 -7.124340 -7.362883 -7.596933 -7.825446 -8.047335 -8.261470 -8.466674 -8.661712 -8.845293 -9.016076 -9.172711 -9.313905 -9.438516 -9.545646 -9.634681 -9.705258 -9.757186 -9.790380 -9.804827 -9.800539 -9.777527 -9.735804 -9.675325 -9.595853 -9.496761 -9.376810 -9.233871 -9.064550 -8.863588 -8.623055 -8.331995 -7.978913 -7.559002 -7.076484 -6.544199 -5.976755 -5.387649 -4.788249 -4.188114 -3.595571 -3.018072 -2.462269 -1.933883 -1.437566 -0.976884 -0.554456 -0.172062 0.169524 0.470464 0.731446 0.953264 1.136578 1.281815 1.389177 1.458699
-5.009020 -5.285783 -5.562340 -5.838290 -6.113051 -6.385880 -6.655900 -6.922126 -7.183499 -7.438914 -7.687235 -7.927293 -8.157881 -8.377731 -8.585493 -8.779717 -8.958867 -9.121358 -9.265654 -9.390396 -9.494528 -9.577345 -9.638442 -9.677621 -9.694837 -9.690162 -9.663794 -9.616019 -9.547085 -9.456982 -9.345197 -9.210457 -9.050451 -8.861502 -8.638260 -8.373765 -8.060634 -7.693716 -7.272170 -6.798215 -6.279298 -5.725993 -5.149786 -4.561561 -3.970996 -3.386541 -2.815544 -2.264320 -1.738161 -1.241379 -0.777412 -0.348969 0.041911 0.393901 0.706418 0.979487 1.213471 1.408825 1.565914 1.684921 1.765818
-4.359850 -4.665193 -4.970306 -5.274738 -5.577835 -5.878760 -6.176528 -6.470047 -6.758167 -7.039715 -7.313510 -7.578370 -7.833089 -8.076407 -8.306970 -8.523288 -8.723707 -8.906405 -9.069446 -9.210924 -9.329183 -9.423022 -9.491741 -9.534999 -9.552710 -9.545065 -9.512583 -9.455989 -9.375918 -9.272602 -9.145595 -8.993568 -8.814128 -8.603721 -8.357777 -8.071364 -7.740446 -7.363135 -6.939845 -6.472823 -5.966883 -5.429418 -4.869464 -4.296519 -3.719652 -3.147048 -2.585846 -2.042133 -1.521000 -1.026651 -0.562539 -0.131474 0.264315 0.623180 0.944068 1.226489 1.470382 1.675928 1.843372 1.972874 2.064401
-3.702663 -4.036692 -4.370453 -4.703417 -5.034814 -5.363663 -5.688827 -6.009079 -6.323167 -6.629856 -6.927941 -7.216247 -7.493592 -7.758756 -8.010425 -8.247133 -8.467200 -8.668671 -8.849296 -9.006607 -9.138163 -9.241969 -9.316809 -9.362167 -9.377940 -9.364645 -9.323430 -9.255653 -9.162377 -9.044025 -8.900192 -8.729566 -8.529929 -8.298321 -8.031454 -7.726415 -7.381421 -6.996199 -6.571831 -6.110647 -5.616379 -5.094447 -4.551775 -3.996172 -3.435594 -2.877564 -2.328836 -1.795269 -1.281844 -0.792754 -0.331507 0.098977 0.496319 0.858652 1.184625 1.473383 1.724514 1.937927 2.113711 2.251987 2.352763
-3.040439 -3.403289 -3.765806 -4.127339 -4.486939 -4.843422 -5.195459 -5.541676 -5.880732 -6.211351 -6.532332 -6.842521 -7.140776 -7.425929 -7.696727 -7.951768 -8.189427 -8.407750 -8.604356 -8.776365 -8.920490 -9.033504 -9.113114 -9.158505 -9.169689 -9.148094 -9.095956 -9.015358 -8.907688 -8.773453 -8.612288 -8.423030 -8.203897 -7.952783 -7.667713 -7.347334 -6.991254 -6.600095 -6.175373 -5.719451 -5.235571 -4.728033 -4.202239 -3.664457 -3.121376 -2.579616 -2.045366 -1.524175 -1.020894 -0.539698 -0.084146 0.342750 0.738490 1.101049 1.428872 1.720856 1.976323 2.194944 2.376645 2.521476 2.629479
-2.376430 -2.768250 -3.159633 -3.549725 -3.937318 -4.320960 -4.699112 -5.070276 -5.433060 -5.786191 -6.128489 -6.458833 -6.776122 -7.079229 -7.366957 -7.637980 -7.890762 -8.123456 -8.333749 -8.518675 -8.674400 -8.796253 -8.879707 -8.922771 -8.926489 -8.894396 -8.830076 -8.736095 -8.613905 -8.463998 -8.286084 -8.079288 -7.842402 -7.574211 -7.273839 -6.941033 -6.576279 -6.180766 -5.756310 -5.305306 -4.830736 -4.336248 -3.826230 -3.305745 -2.780319 -2.255622 -1.737168 -1.230092 -0.739031 -0.268085 0.179180 0.599698 0.990883 1.350600 1.677153 1.969271 2.226083 2.447073 2.632004 2.780826 2.893550
-1.714215 -2.135165 -2.555495 -2.974034 -3.389204 -3.799246 -4.202445 -4.597249 -4.982283 -5.356314 -5.718202 -6.066855 -6.401191 -6.720104 -7.022426 -7.306880 -7.572014 -7.816102 -8.037005 -8.231953 -8.397195 -8.527360 -8.614815 -8.652309 -8.646066 -8.602681 -8.526406 -8.419728 -8.283959 -8.119563 -7.926406 -7.703983 -7.451688 -7.169089 -6.856157 -6.513411 -6.141930 -5.743313 -5.319600 -4.873233 -4.407046 -3.924294 -3.428704 -2.924471 -2.416181 -1.908641 -1.406674 -0.914931 -0.437749 0.020930 0.457599 0.869193 1.253087 1.607080 1.929392 2.218640 2.473821 2.694276 2.879627 3.029693 3.144380
-1.057815 -1.508036 -1.957314 -2.403963 -2.845936 -3.281207 -3.708007 -4.124845 -4.530433 -4.923602 -5.303245 -5.668280 -6.017617 -6.350135 -6.664653 -6.959898 -7.234447 -7.486656 -7.714517 -7.915458 -8.086031 -8.221435 -8.313632 -8.341965 -8.326103 -8.273097 -8.186676 -8.069085 -7.921561 -7.744639 -7.538410 -7.302768 -7.037656 -6.743279 -6.420253 -6.069658 -5.693022 -5.292260 -4.869610 -4.427582 -3.968938 -3.496697 -3.014158 -2.524921 -2.032872 -1.542106 -1.056814 -0.581144 -0.119073 0.325688 0.749764 1.150155 1.524252 1.869843 2.185111 2.468616 2.719279 2.936337 3.119290 3.267816 3.381651
-0.411868 -0.891420 -1.369416 -1.843389 -2.310815 -2.769610 -3.218169 -3.655176 -4.079455 -4.489889 -4.885381 -5.264827 -5.627096 -5.971010 -6.295331 -6.598730 -6.879746 -7.136718 -7.367665 -7.570061 -7.740327 -7.872711 -7.957872 -7.986221 -7.966618 -7.907556 -7.813794 -7.687833 -7.531026 -7.344082 -7.127358 -6.881126 -6.605799 -6.302100 -5.971144 -5.614454 -5.233919 -4.831731 -4.410316 -3.972282 -3.520382 -3.057509 -2.586700 -2.111165 -1.634291 -1.159629 -0.690832 -0.231577 0.214538 0.644086 1.053889 1.441074 1.803112 2.137838 2.443452 2.718515 2.961917 3.172837 3.350681 3.494989 3.605322
0.218044 -0.290615 -0.796488 -1.296172 -1.786879 -2.266939 -2.735100 -3.190231 -3.631227 -4.056985 -4.466379 -4.858247 -5.231380 -5.584511 -5.916299 -6.225305 -6.509951 -6.768455 -6.998698 -7.197996 -7.362735 -7.488037 -7.567662 -7.592173 -7.570957 -7.509456 -7.411676 -7.280343 -7.117115 -6.922946 -6.698461 -6.444274 -6.161205 -5.850406 -5.513405 -5.152091 -4.768666 -4.365576 -3.945443 -3.511004 -3.065065 -2.610481 -2.150155 -1.687056 -1.224240 -0.764858 -0.312140 0.130653 0.560289 0.973649 1.367796 1.740046 2.088010 2.409634 2.703202 2.967330 3.200935 3.403185 3.573429 3.711121 3.815724
0.824784 0.288169 -0.243278 -0.765727 -1.276690 -1.775394 -2.260832 -2.731938 -3.187611 -3.626708 -4.048033 -4.450333 -4.832289 -5.192513 -5.529529 -5.841747 -6.127422 -6.384580 -6.610918 -6.803669 -6.959492 -7.074514 -7.144683 -7.167285 -7.146200 -7.084448 -6.985382 -6.851637 -6.684936 -6.486368 -6.256787 -5.997122 -5.708564 -5.392644 -5.051240 -4.686556 -4.301070 -3.897465 -3.478570 -3.047283 -2.606525 -2.159196 -1.708166 -1.256289 -0.806416 -0.361426 0.075773 0.502260 0.915138 1.311594 1.688965 2.044801 2.376920 2.683445 2.962814 3.213767 3.435308 3.626648 3.787145 3.916247 4.013458
1.398427 0.838110 0.286082 -0.254356 -0.782386 -1.297057 -1.797364 -2.282228 -2.750490 -3.200913 -3.632188 -4.042938 -4.431713 -4.796985 -5.137128 -5.450390 -5.734852 -5.988375 -6.208557 -6.392748 -6.538200 -6.642445 -6.703969 -6.722966 -6.700860 -6.639470 -6.541044 -6.407436 -6.239924 -6.039503 -5.807197 -5.544247 -5.252192 -4.932899 -4.588544 -4.221595 -3.834763 -3.430955 -3.013204 -2.584607 -2.148253 -1.707170 -1.264293 -0.822462 -0.384437 0.047072 0.469384 0.879847 1.275855 1.654889 2.014574 2.352740 2.667473 2.957151 3.220441 3.456282 3.663827 3.842396 3.991426 4.110454 4.199133
1.923881 1.353720 0.789353 0.235267 -0.306339 -0.834073 -1.346729 -1.843075 -2.321799 -2.781511 -3.220749 -3.637987 -4.031631 -4.400012 -4.741362 -5.053794 -5.335268 -5.583585 -5.796415 -5.971436 -6.106636 -6.200790 -6.253964 -6.267510 -6.243113 -6.182173 -6.085704 -5.954097 -5.787751 -5.587426 -5.354295 -5.089889 -4.796055 -4.474933 -4.128938 -3.760740 -3.373239 -2.969526 -2.552835 -2.126479 -1.693769 -1.257940 -0.822091 -0.389152 0.038108 0.457052 0.865145 1.259935 1.639063 2.000287 2.341536 2.660961 2.956988 3.228332 3.473975 3.693121 3.885137 4.049507 4.185812 4.293740 4.373144
2.409938 1.834418 1.263134 0.700329 0.149029 -0.388660 -0.911039 -1.416528 -1.903547 -2.370485 -2.815693 -3.237484 -3.634119 -4.003804 -4.344664 -4.654735 -4.931957 -5.174207 -5.379397 -5.545655 -5.671624 -5.756807 -5.801880 -5.808816 -5.780709 -5.720607 -5.626978 -5.498263 -5.334059 -5.134996 -4.902382 -4.637963 -4.343801 -4.022221 -3.675798 -3.307334 -2.919858 -2.516599 -2.100960 -1.676466 -1.246686 -0.815140 -0.385192 0.040017 0.457602 0.864905 1.259460 1.638957 2.001243 2.344340 2.666503 2.966269 3.242487 3.494302 3.721086 3.922366 4.097764 4.246965 4.369723 4.465907 4.535562
2.859591 2.280932 1.706308 1.138825 0.581480 0.036939 -0.492485 -1.004719 -1.497813 -1.969881 -2.419064 -2.843508 -3.241349 -3.610695 -3.949618 -4.256156 -4.528332 -4.764227 -4.962095 -5.120536 -5.238699 -5.316463 -5.354594 -5.355074 -5.322026 -5.263449 -5.172471 -5.046214 -4.884081 -4.686708 -4.455443 -4.192095 -3.898806 -3.577984 -3.232269 -2.864526 -2.477841 -2.075518 -1.661073 -1.238210 -0.810756 -0.382569 0.042608 0.461286 0.870323 1.266935 1.648643 2.013226 2.358704 2.683372 2.985859 3.265182 3.520726 3.752154 3.959281 4.141982 4.300139 4.433641 4.542420 4.626515 4.686132
