MFC+VTK/函数库及接口制作/重磁三维基本处理/张双喜的程序/经验模态分解_2D/三峡gra_ε=0.001_BIMF_A1.grd
DSAA
196 196
305000.000000 695000.000000
3265000.000000 3655000.000000
-152.78225 -15.19222
[rows 50 to 74 of 196, columns 55 to 109 of 196]
-112.845539 -112.745576 -112.639502 -112.591950 -112.645001 -112.792491 -112.946871 -112.774035 -112.510244 -112.316488 -112.247315 -112.326728 -112.553420 -112.895320 -113.297800 -113.674121 -113.905829 -113.842122 -113.344842 -112.500743 -111.412427 -110.160155 -108.813788 -107.436246 -106.074895 -104.759285 -103.506088 -102.332594 -101.255369 -100.247739 -99.152368 -97.740410 -96.135698 -94.460454 -92.774952 -91.096155 -89.414506 -87.714746 -85.988963 -84.260926 -82.578309 -80.972519 -79.434288 -77.926920 -76.423507 -74.892677 -73.286607 -71.537948 -69.595156 -67.528826 -65.424285 -63.367329 -61.453236 -59.798063 -58.545734
-113.091380 -112.880234 -112.653694 -112.520290 -112.530086 -112.656015 -112.786524 -112.780513 -112.688959 -112.601819 -112.575594 -112.650189 -112.854384 -113.178878 -113.568030 -113.926697 -114.147946 -114.092239 -113.425666 -112.447442 -111.259771 -109.930124 -108.526072 -107.121182 -105.783321 -104.521752 -103.336236 -102.231979 -101.234062 -100.400560 -99.700618 -98.389529 -96.932780 -95.442734 -93.962974 -92.502731 -91.022775 -89.441697 -87.646881 -85.761479 -83.892591 -82.090370 -80.349230 -78.582253 -76.832750 -75.102579 -73.356299 -71.514916 -69.400699 -67.202595 -64.989197 -62.822421 -60.775108 -58.940895 -57.460542
-113.359666 -112.969268 -112.598222 -112.355824 -112.271793 -112.330192 -112.469110 -112.622740 -112.741678 -112.820862 -112.881723 -112.965697 -113.142581 -113.478796 -113.857613 -114.152176 -114.246687 -114.010689 -113.328889 -112.307036 -111.059761 -109.672130 -108.215857 -106.767560 -105.448136 -104.221791 -103.087206 -102.035388 -101.045606 -100.124023 -99.521319 -98.591168 -97.414613 -96.142261 -94.855735 -93.578805 -92.281186 -90.804087 -88.875363 -86.846621 -84.821278 -82.843283 -80.939219 -78.948270 -76.985637 -75.066262 -73.157769 -71.183726 -69.004001 -66.752610 -64.497511 -62.286079 -60.174721 -58.252357 -56.657673
-113.560657 -112.983930 -112.531124 -112.204698 -112.001987 -111.969942 -112.158665 -112.462963 -112.773015 -113.030360 -113.219784 -113.353940 -113.492176 -113.873863 -114.210199 -114.380858 -114.296755 -113.888578 -113.139341 -112.087624 -110.813293 -109.399750 -107.925733 -106.472780 -105.118665 -103.883915 -102.773081 -101.775933 -100.870553 -100.053334 -99.340903 -98.546214 -97.594629 -96.529083 -95.399454 -94.211021 -92.905180 -91.358463 -89.485898 -87.425864 -85.300734 -83.175371 -81.064661 -78.935246 -76.819837 -74.736370 -72.665250 -70.558252 -68.374874 -66.149800 -63.931378 -61.757576 -59.665292 -57.709103 -55.967174
-113.615209 -112.997686 -112.590018 -112.218720 -111.898506 -111.734086 -112.002817 -112.419089 -112.861090 -113.269408 -113.615501 -113.898977 -114.160490 -114.452990 -114.658376 -114.657709 -114.377686 -113.795971 -112.932968 -111.826873 -110.534620 -109.121650 -107.654012 -106.197042 -104.809765 -103.540301 -102.419679 -101.459829 -100.644938 -99.913293 -99.158437 -98.385985 -97.555244 -96.631106 -95.594403 -94.414532 -93.037517 -91.412301 -89.538159 -87.468190 -85.284693 -83.051426 -80.801374 -78.553709 -76.320336 -74.109605 -71.916673 -69.729964 -67.549188 -65.385678 -63.263917 -61.203671 -59.210269 -57.279663 -55.417432
-113.812871 -113.360196 -112.917644 -112.500076 -112.136037 -111.936741 -112.153823 -112.557660 -113.040779 -113.549229 -114.047900 -114.504845 -114.884048 -115.136619 -115.203491 -115.007919 -114.516690 -113.747367 -112.744434 -111.558908 -110.242653 -108.843706 -107.402767 -105.957798 -104.552266 -103.237913 -102.064510 -101.074985 -100.284562 -99.632375 -98.860573 -98.124236 -97.371928 -96.520832 -95.504742 -94.269349 -92.782467 -91.049718 -89.107831 -87.000091 -84.776857 -82.484485 -80.159099 -77.828970 -75.509651 -73.211297 -70.942250 -68.715142 -66.549154 -64.462143 -62.469309 -60.573444 -58.749514 -56.934961 -55.051427
-114.214449 -113.871513 -113.468539 -113.060963 -112.716612 -112.531640 -112.600138 -112.882826 -113.316082 -113.852903 -114.454955 -115.063290 -115.570420 -115.846026 -115.801259 -115.405706 -114.698240 -113.739472 -112.589667 -111.309348 -109.955702 -108.572498 -107.180383 -105.783406 -104.394089 -103.042807 -101.772827 -100.655203 -99.749968 -99.026986 -98.380269 -97.769132 -97.104213 -96.282196 -95.218007 -93.852558 -92.193970 -90.301011 -88.241401 -86.066594 -83.811711 -81.501399 -79.154845 -76.789890 -74.423494 -72.073507 -69.760909 -67.518438 -65.383832 -63.385803 -61.536180 -59.825358 -58.213256 -56.610118 -54.854331
-114.783599 -114.507212 -114.183558 -113.830909 -113.501847 -113.271709 -113.208068 -113.345209 -113.672161 -114.160348 -114.778713 -115.478931 -116.137359 -116.520162 -116.363859 -115.774521 -114.879882 -113.762464 -112.483743 -111.107637 -109.699415 -108.317346 -106.989742 -105.693947 -104.385132 -103.027882 -101.637590 -100.310381 -99.198682 -98.425491 -97.856997 -97.360228 -96.795015 -95.987240 -94.799612 -93.203442 -91.294854 -89.189921 -86.978278 -84.716734 -82.433964 -80.136873 -77.818341 -75.470729 -73.099391 -70.724010 -68.385030 -66.145832 -64.064941 -62.175679 -60.480977 -58.955395 -57.547523 -56.177468 -54.691673
-115.466170 -115.231223 -114.991163 -114.711111 -114.355419 -114.043246 -113.868261 -113.878814 -114.085510 -114.472090 -115.009761 -115.679214 -116.461148 -117.039545 -116.734188 -116.016071 -115.019511 -113.806258 -112.445074 -110.996644 -109.522555 -108.104172 -106.825250 -105.691647 -104.562398 -103.238249 -101.762777 -100.240584 -98.864080 -98.090958 -97.478902 -96.951030 -96.469009 -95.682016 -94.247759 -92.310639 -90.098989 -87.756459 -85.374205 -83.010017 -80.693790 -78.426954 -76.180194 -73.904855 -71.571738 -69.178819 -66.821988 -64.612330 -62.621076 -60.872229 -59.350619 -58.009219 -56.770201 -55.513115 -54.053895
-116.217934 -115.984597 -115.785504 -115.580015 -115.148771 -114.765837 -114.516619 -114.435252 -114.535105 -114.805925 -115.214006 -115.701776 -116.447718 -116.915137 -116.733478 -116.077276 -115.096070 -113.858328 -112.490727 -111.026228 -109.503850 -108.009863 -106.703484 -105.769319 -104.912088 -103.638285 -102.196065 -100.675308 -99.236345 -98.285616 -97.441326 -96.628997 -96.114039 -95.303975 -93.435841 -91.142840 -88.646689 -86.073459 -83.513061 -81.027723 -78.655383 -76.408216 -74.258017 -72.111314 -69.854168 -67.431010 -65.084020 -62.958142 -61.111225 -59.544283 -58.217996 -57.060975 -55.972839 -54.826538 -53.491628
-117.014447 -116.728013 -116.461508 -116.161253 -115.778835 -115.404387 -115.126794 -114.992994 -115.012456 -115.170163 -115.457345 -115.880973 -116.367201 -116.642648 -116.519640 -115.977623 -115.081487 -113.914224 -112.636863 -111.226474 -109.719637 -108.189200 -106.787850 -105.978060 -105.177572 -104.131345 -102.897318 -101.578771 -100.276336 -99.057157 -97.901064 -96.794079 -95.709421 -94.303881 -92.254832 -89.753415 -87.030760 -84.247115 -81.506625 -78.879593 -76.413683 -74.136567 -72.049970 -70.081968 -67.862403 -65.458463 -63.223215 -61.270701 -59.633555 -58.292525 -57.186804 -56.227423 -55.310603 -54.332041 -53.207982
-117.840465 -117.458301 -117.092823 -116.698132 -116.331207 -115.975072 -115.693201 -115.554132 -115.532526 -115.596982 -115.741666 -116.053662 -116.323583 -116.426336 -116.275581 -115.817669 -115.061385 -114.063210 -112.893592 -111.580212 -110.173306 -108.771577 -107.524928 -106.567196 -105.703275 -104.779057 -103.755948 -102.669087 -101.525970 -100.145956 -98.675022 -97.124439 -95.404954 -93.389818 -91.007193 -88.291382 -85.380170 -82.411309 -79.490960 -76.701137 -74.104007 -71.733184 -69.574681 -67.533616 -65.445378 -63.336293 -61.378759 -59.694278 -58.326560 -57.249705 -56.389734 -55.651992 -54.942058 -54.178968 -53.302776
-118.684965 -118.218950 -117.747831 -117.295410 -116.892733 -116.536010 -116.247724 -116.145247 -116.104033 -116.102818 -116.149673 -116.256232 -116.335151 -116.303331 -116.098767 -115.679870 -115.043348 -114.215756 -113.211510 -112.034004 -110.788409 -109.576602 -108.465577 -107.458836 -106.520644 -105.597709 -104.664016 -103.697854 -102.614478 -101.286202 -99.592906 -97.614669 -95.329862 -92.756100 -89.955401 -86.976639 -83.879994 -80.733759 -77.624769 -74.647855 -71.887620 -69.392890 -67.149013 -65.095263 -63.171819 -61.378645 -59.771247 -58.425026 -57.370295 -56.576740 -55.974279 -55.478637 -55.005219 -54.478733 -53.844065
-119.498573 -118.945086 -118.392042 -117.891453 -117.469812 -117.140264 -116.916118 -116.798986 -116.710118 -116.611196 -116.513874 -116.440774 -116.381438 -116.278076 -116.024230 -115.598978 -115.020999 -114.325094 -113.518663 -112.485947 -111.437294 -110.439953 -109.489596 -108.534090 -107.545612 -106.529856 -105.541221 -104.604811 -103.613628 -102.346787 -100.584949 -98.296856 -95.558453 -92.490901 -89.258445 -86.029122 -82.746891 -79.406333 -76.086606 -72.903800 -69.973391 -67.391404 -65.159551 -63.204980 -61.464383 -59.950559 -58.699059 -57.728717 -56.992888 -56.455221 -56.087709 -55.837850 -55.617086 -55.328014 -54.895447
-120.216068 -119.589019 -118.983715 -118.459467 -118.042565 -117.746003 -117.562100 -117.444718 -117.304592 -117.042071 -116.765754 -116.555136 -116.420888 -116.334592 -116.048704 -115.579904 -115.000098 -114.355485 -113.641312 -112.837440 -112.027185 -111.260801 -110.516021 -109.691619 -108.666837 -107.513752 -106.370298 -105.372634 -104.587629 -103.514613 -101.683088 -99.163851 -96.120632 -92.695539 -89.064017 -85.660645 -82.178986 -78.612899 -75.065252 -71.688800 -68.633666 -66.050519 -63.991978 -62.241057 -60.690182 -59.397177 -58.505671 -57.931740 -57.462241 -57.080929 -56.877611 -56.850816 -56.874486 -56.803188 -56.520512
-120.783092 -120.117915 -119.506631 -118.986009 -118.590954 -118.323091 -118.129755 -117.971373 -117.791292 -117.304436 -116.869877 -116.594497 -116.460609 -116.371371 -116.129322 -115.611439 -115.013805 -114.394341 -113.763533 -113.132971 -112.536888 -111.986126 -111.439580 -110.796569 -109.724278 -108.516936 -107.266091 -106.097881 -105.599141 -104.788505 -102.812058 -100.163282 -97.003218 -93.467539 -89.743882 -86.032403 -82.289829 -78.500386 -74.750108 -71.242133 -68.235109 -65.766588 -64.022432 -62.505672 -61.193579 -60.080361 -59.600034 -59.350196 -59.037906 -58.674138 -58.527633 -58.647563 -58.852033 -58.926763 -58.737008
-121.187989 -120.570971 -119.977587 -119.470928 -119.115616 -118.879848 -118.606293 -118.278270 -117.865808 -117.336384 -116.859632 -116.593126 -116.500404 -116.457310 -116.167992 -115.708075 -115.146230 -114.544465 -113.965950 -113.450090 -113.017735 -112.641857 -112.174531 -111.521255 -110.589954 -109.508723 -108.412737 -107.444650 -106.680650 -105.625990 -103.803666 -101.264398 -98.159703 -94.645286 -90.884690 -87.005292 -83.083959 -79.165841 -75.333206 -71.802529 -69.242428 -67.205576 -65.517637 -64.135610 -63.233128 -62.589523 -62.273557 -62.103287 -61.873389 -61.546402 -61.346014 -61.377491 -61.595317 -61.640586 -61.429862
-121.447231 -120.940531 -120.415252 -119.947355 -119.650005 -119.411498 -118.996007 -118.493147 -117.906749 -117.328200 -116.892971 -116.664456 -116.640690 -116.586877 -116.355990 -116.022473 -115.528921 -114.907554 -114.306537 -113.889736 -113.573006 -113.313504 -112.867266 -112.187863 -111.338570 -110.423840 -109.533672 -108.673345 -107.737196 -106.534296 -104.822157 -102.461817 -99.491610 -96.054648 -92.316516 -88.412714 -84.464099 -80.589211 -76.951063 -73.829819 -71.454293 -69.663449 -68.270075 -67.250719 -66.627578 -66.284332 -66.111911 -66.006304 -65.864424 -65.643671 -65.406974 -65.222385 -65.070400 -64.816587 -64.391339
-121.599845 -121.246131 -120.836760 -120.446710 -120.115247 -119.772618 -119.316482 -118.746295 -118.090562 -117.482231 -117.179259 -117.009608 -117.153582 -117.139491 -116.891548 -116.713954 -116.292261 -115.609073 -114.888319 -114.600728 -114.426874 -114.186220 -113.661754 -112.898407 -112.037749 -111.189529 -110.418805 -109.615297 -108.656079 -107.492928 -105.930978 -103.745969 -100.892627 -97.557653 -93.919951 -90.119785 -86.295861 -82.616232 -79.288059 -76.519321 -74.396380 -72.880182 -71.855590 -71.228113 -70.906241 -70.775156 -70.724145 -70.706677 -70.645593 -70.457461 -70.104536 -69.599279 -68.967864 -68.231745 -67.383119
-121.717230 -121.509875 -121.222038 -120.910178 -120.556583 -120.146806 -119.671085 -119.126935 -118.549616 -118.072896 -117.993220 -118.062534 -118.223428 -118.273100 -118.104742 -117.852221 -117.450685 -116.758787 -116.062325 -115.690585 -115.465952 -115.247619 -114.592264 -113.713721 -112.769568 -111.817757 -110.968985 -110.187103 -109.376157 -108.377861 -107.016284 -105.002506 -102.233966 -99.046418 -95.590231 -91.993933 -88.400382 -84.975491 -81.935117 -79.456205 -77.620540 -76.431990 -75.804375 -75.583421 -75.591186 -75.667308 -75.718389 -75.791347 -75.745956 -75.474164 -74.920274 -74.040139 -72.913464 -71.617125 -70.205875
-121.866670 -121.759428 -121.586736 -121.387955 -121.051847 -120.615866 -120.134129 -119.673565 -119.291268 -119.140451 -119.257235 -119.445918 -119.638672 -119.765662 -119.546688 -119.209915 -118.777313 -118.219653 -117.645819 -117.127935 -116.613332 -116.223368 -115.596430 -114.726458 -113.660799 -112.495823 -111.441555 -110.672260 -109.982935 -109.094465 -107.785244 -105.885104 -103.394639 -100.451694 -97.224151 -93.873241 -90.559694 -87.394758 -84.604775 -82.351065 -80.754701 -79.874444 -79.643642 -79.855585 -80.200370 -80.501918 -80.733397 -80.853525 -80.648881 -80.129962 -79.322052 -78.081648 -76.562212 -74.723750 -72.700201
-122.160024 -122.063124 -122.020666 -121.926980 -121.674187 -121.254319 -120.742189 -120.326167 -120.160194 -120.318782 -120.703036 -120.927834 -121.091766 -121.154456 -120.967219 -120.636176 -120.244510 -119.811149 -119.365248 -118.844605 -118.094614 -117.471857 -116.902029 -116.128899 -114.995295 -113.557874 -112.153658 -111.416590 -110.774129 -109.879769 -108.559206 -106.738937 -104.439041 -101.726076 -98.704178 -95.572733 -92.505885 -89.640710 -87.104734 -84.992405 -83.516842 -82.831210 -82.924270 -83.565963 -84.184791 -84.679801 -85.213293 -85.454252 -84.871176 -83.849489 -82.653885 -81.263317 -79.591247 -77.310325 -74.775804
-122.676694 -122.561707 -122.609313 -122.627853 -122.480091 -122.123873 -121.541674 -121.098227 -121.118160 -121.473600 -121.934485 -122.278364 -122.485528 -122.550905 -122.322367 -122.031337 -121.686536 -121.389502 -121.071861 -120.598389 -119.489651 -118.995918 -118.683435 -118.064299 -116.943259 -115.373814 -113.660614 -112.840031 -111.989952 -110.919360 -109.488762 -107.641871 -105.401529 -102.828813 -99.913281 -96.956917 -94.124807 -91.545051 -89.282943 -87.231040 -85.750357 -85.066012 -85.300331 -86.102091 -86.846194 -87.616228 -88.418273 -88.930651 -87.697586 -86.226158 -84.803681 -83.318111 -81.503777 -79.104149 -76.374669
-123.406958 -123.401694 -123.440367 -123.491265 -123.443266 -123.172677 -122.613422 -122.082653 -122.300341 -122.756837 -123.238689 -123.623475 -123.831092 -123.811620 -123.591100 -123.359988 -123.104487 -122.902305 -122.709304 -122.072008 -120.809179 -120.980317 -121.015960 -120.462088 -119.394521 -118.016634 -116.542057 -115.136487 -113.698415 -112.298019 -110.630919 -108.625289 -106.278880 -103.623901 -100.759669 -97.927369 -95.311864 -92.972564 -90.868677 -88.977742 -87.463041 -86.561392 -86.767340 -87.488185 -88.364408 -89.219778 -89.809018 -89.702924 -88.533583 -87.139133 -85.724834 -84.219807 -82.448059 -79.996238 -77.247618
-124.244773 -124.266528 -124.326049 -124.422817 -124.512798 -124.484795 -124.112078 -123.824857 -123.944102 -124.312814 -124.700009 -125.074502 -125.286644 -125.238464 -124.975084 -124.884061 -124.669370 -124.475027 -124.565437 -124.423495 -123.747961 -123.661467 -123.682274 -123.002937 -121.958211 -120.827597 -119.572995 -117.768765 -115.916004 -114.017327 -111.963559 -109.682343 -107.139390 -104.309239 -101.288448 -98.422649 -96.025269 -93.960768 -92.054560 -90.279180 -88.765486 -87.773435 -87.594688 -88.148750 -88.996775 -89.726791 -89.980312 -89.459203 -88.004408 -86.866928 -85.524368 -83.933040 -82.060382 -79.835216 -77.381463
