MFC+VTK/函数库及接口制作/重磁三维基本处理/张双喜的程序/经验模态分解_2D/三峡gra_ε=0.001_BIMF_D5.grd
DSAA
196 196
305000.000000 695000.000000
3265000.000000 3655000.000000
-35.37153 25.65342
[rows 0 to 26 of 196, columns 0 to 60 of 196]
-35.371531 -34.567635 -33.771111 -32.985609 -32.213659 -31.456858 -30.716287 -29.992706 -29.286652 -28.598492 -27.928454 -27.276632 -26.642984 -26.027303 -25.429151 -24.848773 -24.286167 -23.741337 -23.214139 -22.704304 -22.211438 -21.734997 -21.274219 -20.827972 -20.396737 -19.980613 -19.579438 -19.192797 -18.819910 -18.459330 -18.114024 -17.786590 -17.480007 -17.198593 -16.938005 -16.695379 -16.468600 -16.255947 -16.055927 -15.867188 -15.688484 -15.518646 -15.356568 -15.201200 -15.051545 -14.906654 -14.765623 -14.627594 -14.491747 -14.357302 -14.223510 -14.089648 -13.955021 -13.818946 -13.680760 -13.539805 -13.395433 -13.246998 -13.093858 -12.935372 -12.770900
-33.591692 -32.863604 -32.139068 -31.421655 -30.714154 -30.018591 -29.336423 -28.668715 -28.016244 -27.379574 -26.759092 -26.155032 -25.567491 -24.996450 -24.441851 -23.903742 -23.382153 -22.877064 -22.388366 -21.915841 -21.459165 -21.017900 -20.591531 -20.179599 -19.782004 -19.398702 -19.029547 -18.674276 -18.332606 -18.004636 -17.691671 -17.395511 -17.117987 -16.860188 -16.620963 -16.398477 -16.190942 -15.996763 -15.814508 -15.642863 -15.480601 -15.326562 -15.179640 -15.038779 -14.902967 -14.771238 -14.642665 -14.516364 -14.391490 -14.267238 -14.142835 -14.017541 -13.890646 -13.761460 -13.629314 -13.493553 -13.353538 -13.208637 -13.058226 -12.901691 -12.738420
-31.819371 -31.163297 -30.508864 -29.858632 -29.215167 -28.580645 -27.956781 -27.344892 -26.745978 -26.160788 -25.589867 -25.033598 -24.492230 -23.965927 -23.454801 -22.958909 -22.478286 -22.012916 -21.562717 -21.127528 -20.707111 -20.301170 -19.909414 -19.531607 -19.167532 -18.817041 -18.480023 -18.156423 -17.846367 -17.550315 -17.268932 -17.003097 -16.753515 -16.520304 -16.303171 -16.101182 -15.913057 -15.737433 -15.572988 -15.418461 -15.272655 -15.134421 -15.002660 -14.876309 -14.754344 -14.635779 -14.519667 -14.405097 -14.291200 -14.177145 -14.062136 -13.945416 -13.826258 -13.703964 -13.577860 -13.447297 -13.311641 -13.170274 -13.022594 -12.868007 -12.705937
-30.058533 -29.470416 -28.883117 -28.298239 -27.717782 -27.143737 -26.577866 -26.021624 -25.476172 -24.942416 -24.421053 -23.912608 -23.417477 -22.935958 -22.468264 -22.014526 -21.574808 -21.149123 -20.737428 -20.339627 -19.955577 -19.585114 -19.228082 -18.884328 -18.553680 -18.236003 -17.931252 -17.639518 -17.361058 -17.096241 -16.845391 -16.608751 -16.386383 -16.178148 -15.983828 -15.802912 -15.634555 -15.477694 -15.331176 -15.193836 -15.064525 -14.942120 -14.825532 -14.713698 -14.605585 -14.500191 -14.396546 -14.293718 -14.190810 -14.086965 -13.981365 -13.873231 -13.761823 -13.646431 -13.526381 -13.401023 -13.269731 -13.131901 -12.986951 -12.834312 -12.673438
-28.311503 -27.787746 -27.264441 -26.742566 -26.223540 -25.708983 -25.200503 -24.699546 -24.207344 -23.724909 -23.253055 -22.792432 -22.343553 -21.906820 -21.482530 -21.070890 -20.672023 -20.285992 -19.912811 -19.552452 -19.204864 -18.869980 -18.547728 -18.238022 -17.940767 -17.655900 -17.383441 -17.123516 -16.876331 -16.642074 -16.420814 -16.212460 -16.016797 -15.833564 -15.662482 -15.503163 -15.355011 -15.217217 -15.088824 -14.968792 -14.856047 -14.749514 -14.648122 -14.550818 -14.456565 -14.364350 -14.273185 -14.182114 -14.090214 -13.996603 -13.900437 -13.800916 -13.697282 -13.588817 -13.474839 -13.354700 -13.227782 -13.093497 -12.951277 -12.800583 -12.640896
-26.579788 -26.117285 -25.655054 -25.193708 -24.734216 -24.277803 -23.825810 -23.379551 -22.940227 -22.508885 -22.086409 -21.673536 -21.270865 -20.878878 -20.497949 -20.128356 -19.770293 -19.423888 -19.089221 -18.766340 -18.455267 -18.156012 -17.868567 -17.592912 -17.329027 -17.076915 -16.836625 -16.608253 -16.391889 -16.187555 -15.995143 -15.814411 -15.645039 -15.486688 -15.339017 -15.201647 -15.074086 -14.955689 -14.845664 -14.743103 -14.647029 -14.556427 -14.470265 -14.387507 -14.307124 -14.228097 -14.149425 -14.070131 -13.989268 -13.905925 -13.819232 -13.728366 -13.632547 -13.531045 -13.423171 -13.308277 -13.185753 -13.055020 -12.915535 -12.766779 -12.608265
-24.864443 -24.460503 -24.056739 -23.653553 -23.251603 -22.851776 -22.455120 -22.062747 -21.675747 -21.295127 -20.921786 -20.556499 -20.199920 -19.852592 -19.514950 -19.187341 -18.870028 -18.563212 -18.267043 -17.981639 -17.707090 -17.443467 -17.190820 -16.949188 -16.718608 -16.499118 -16.290766 -16.093584 -15.907557 -15.732581 -15.568445 -15.414843 -15.271410 -15.137766 -15.013527 -14.898290 -14.791593 -14.692876 -14.601460 -14.516551 -14.437269 -14.362672 -14.291778 -14.223584 -14.157077 -14.091243 -14.025074 -13.957578 -13.887785 -13.814755 -13.737590 -13.655436 -13.567492 -13.473009 -13.371287 -13.261676 -13.143573 -13.016410 -12.879661 -12.732835 -12.575476
-23.166254 -22.818526 -22.470926 -22.123729 -21.777381 -21.432504 -21.089881 -20.750401 -20.414993 -20.084572 -19.759991 -19.442021 -19.131337 -18.828516 -18.534045 -18.248326 -17.971689 -17.704400 -17.446682 -17.198715 -16.960651 -16.732615 -16.514710 -16.307020 -16.109613 -15.922540 -15.745823 -15.579437 -15.423285 -15.277184 -15.140870 -15.014005 -14.896211 -14.787084 -14.686214 -14.593172 -14.507496 -14.428659 -14.356048 -14.288955 -14.226583 -14.168063 -14.112473 -14.058854 -14.006221 -13.953574 -13.899911 -13.844229 -13.785538 -13.722873 -13.655302 -13.581937 -13.501947 -13.414558 -13.319057 -13.214785 -13.101142 -12.977571 -12.843565 -12.698657 -12.542424
-21.485830 -21.192251 -20.898790 -20.605634 -20.313072 -20.021527 -19.731562 -19.443858 -19.159167 -18.878274 -18.601947 -18.330914 -18.065835 -17.807300 -17.555826 -17.311859 -17.075783 -16.847925 -16.628568 -16.417953 -16.216286 -16.023741 -15.840463 -15.666568 -15.502139 -15.347221 -15.201808 -15.065826 -14.939130 -14.821493 -14.712622 -14.612169 -14.519749 -14.434948 -14.357338 -14.286471 -14.221874 -14.163028 -14.109352 -14.060194 -14.014823 -13.972436 -13.932172 -13.893124 -13.854345 -13.814864 -13.773690 -13.729823 -13.682260 -13.630011 -13.572108 -13.507625 -13.435691 -13.355498 -13.266308 -13.167451 -13.058323 -12.938376 -12.807121 -12.664115 -12.508971
-19.823650 -19.582430 -19.341340 -19.100484 -18.860037 -18.620276 -18.381591 -18.144481 -17.909529 -17.677374 -17.448676 -17.224086 -17.004227 -16.789675 -16.580958 -16.378547 -16.182868 -15.994295 -15.813163 -15.639764 -15.474353 -15.317146 -15.168321 -15.028013 -14.896312 -14.773251 -14.658799 -14.552852 -14.455236 -14.365703 -14.283951 -14.209626 -14.142340 -14.081677 -14.027195 -13.978430 -13.934896 -13.896070 -13.861386 -13.830223 -13.801897 -13.775664 -13.750721 -13.726214 -13.701246 -13.674881 -13.646155 -13.614080 -13.577650 -13.535855 -13.487695 -13.432199 -13.368443 -13.295574 -13.212814 -13.119471 -13.014932 -12.898653 -12.770158 -12.629034 -12.474929
-18.180080 -17.989746 -17.799481 -17.609363 -17.419501 -17.230068 -17.041320 -16.853606 -16.667352 -16.483057 -16.301259 -16.122520 -15.947401 -15.776444 -15.610167 -15.449052 -15.293547 -15.144060 -15.000964 -14.864594 -14.735242 -14.613162 -14.498556 -14.391575 -14.292310 -14.200785 -14.116952 -14.040692 -13.971815 -13.910067 -13.855143 -13.806691 -13.764320 -13.727609 -13.696107 -13.669335 -13.646793 -13.627948 -13.612240 -13.599064 -13.587773 -13.577669 -13.568002 -13.557973 -13.546737 -13.533406 -13.517050 -13.496706 -13.471380 -13.440053 -13.401696 -13.355291 -13.299854 -13.234462 -13.158284 -13.070586 -12.970731 -12.858177 -12.732458 -12.593187 -12.440055
-16.555788 -16.414906 -16.274047 -16.133250 -15.992573 -15.852111 -15.712016 -15.572510 -15.433889 -15.296515 -15.160812 -15.027242 -14.896293 -14.768460 -14.644232 -14.524084 -14.408467 -14.297809 -14.192507 -14.092922 -13.999380 -13.912160 -13.831488 -13.757529 -13.690376 -13.630050 -13.576497 -13.529591 -13.489138 -13.454884 -13.426525 -13.403710 -13.386047 -13.373105 -13.364422 -13.359506 -13.357838 -13.358878 -13.362063 -13.366803 -13.372476 -13.378423 -13.383942 -13.388286 -13.390665 -13.390242 -13.386134 -13.377415 -13.363116 -13.342224 -13.313695 -13.276469 -13.229492 -13.171759 -13.102350 -13.020461 -12.925418 -12.816662 -12.693736 -12.556281 -12.404036
-14.951377 -14.858612 -14.765840 -14.673061 -14.580279 -14.487525 -14.394862 -14.302409 -14.210346 -14.118921 -14.028448 -13.939294 -13.851870 -13.766611 -13.683967 -13.604387 -13.528313 -13.456171 -13.388366 -13.325274 -13.267241 -13.214567 -13.167498 -13.126215 -13.090822 -13.061346 -13.037733 -13.019858 -13.007529 -13.000497 -12.998458 -13.001061 -13.007905 -13.018551 -13.032515 -13.049289 -13.068338 -13.089114 -13.111053 -13.133575 -13.156082 -13.177948 -13.198513 -13.217081 -13.232914 -13.245229 -13.253199 -13.255942 -13.252530 -13.241976 -13.223240 -13.195234 -13.156842 -13.106958 -13.044541 -12.968676 -12.878608 -12.773746 -12.653634 -12.517941 -12.366469
-13.367426 -13.321549 -13.275645 -13.229674 -13.183590 -13.137360 -13.090968 -13.044445 -12.997874 -12.951405 -12.905257 -12.859712 -12.815102 -12.771801 -12.730208 -12.690736 -12.653799 -12.619807 -12.589155 -12.562221 -12.539354 -12.520870 -12.507034 -12.498048 -12.494038 -12.495044 -12.501025 -12.511862 -12.527368 -12.547297 -12.571347 -12.599158 -12.630317 -12.664361 -12.700784 -12.739055 -12.778625 -12.818940 -12.859438 -12.899554 -12.938710 -12.976309 -13.011733 -13.044330 -13.073413 -13.098253 -13.118078 -13.132064 -13.139331 -13.138937 -13.129870 -13.111043 -13.081301 -13.039439 -12.984265 -12.914689 -12.829813 -12.728971 -12.611694 -12.477685 -12.326832
-11.804518 -11.804399 -11.804234 -11.803947 -11.803439 -11.802613 -11.801381 -11.799694 -11.797558 -11.795043 -11.792289 -11.789502 -11.786946 -11.784931 -11.783800 -11.783918 -11.785661 -11.789405 -11.795523 -11.804374 -11.816302 -11.831624 -11.850621 -11.873524 -11.900489 -11.931590 -11.966805 -12.006029 -12.049083 -12.095723 -12.145640 -12.198460 -12.253741 -12.310983 -12.369651 -12.429190 -12.489042 -12.548653 -12.607469 -12.664940 -12.720510 -12.773612 -12.823662 -12.870051 -12.912138 -12.949247 -12.980660 -13.005611 -13.023280 -13.032781 -13.033152 -13.023343 -13.002198 -12.968453 -12.920764 -12.857800 -12.778407 -12.681752 -12.567332 -12.434881 -12.284448
-10.263265 -10.307858 -10.352384 -10.396728 -10.440736 -10.484241 -10.527089 -10.569167 -10.610417 -10.650848 -10.690539 -10.729634 -10.768335 -10.806890 -10.845583 -10.884726 -10.924645 -10.965673 -11.008143 -11.052384 -11.098715 -11.147445 -11.198861 -11.253221 -11.310727 -11.371504 -11.435572 -11.502847 -11.573161 -11.646268 -11.721844 -11.799477 -11.878675 -11.958889 -12.039550 -12.120087 -12.199939 -12.278557 -12.355405 -12.429949 -12.501658 -12.569991 -12.634397 -12.694303 -12.749112 -12.798196 -12.840887 -12.876478 -12.904208 -12.923256 -12.932725 -12.931627 -12.918855 -12.893151 -12.853086 -12.797079 -12.723566 -12.631335 -12.519775 -12.388680 -12.238444
-8.744323 -8.832653 -8.920892 -9.008872 -9.096374 -9.183165 -9.269031 -9.353808 -9.437397 -9.519765 -9.600945 -9.681031 -9.760168 -9.838546 -9.916390 -9.993954 -10.071507 -10.149329 -10.227707 -10.306923 -10.387262 -10.469003 -10.552426 -10.637805 -10.725394 -10.815392 -10.907897 -11.002870 -11.100153 -11.199494 -11.300530 -11.402775 -11.505656 -11.608572 -11.710924 -11.812138 -11.911660 -12.008958 -12.103512 -12.194811 -12.282347 -12.365605 -12.444062 -12.517180 -12.584398 -12.645130 -12.698758 -12.744623 -12.782024 -12.810202 -12.828331 -12.835496 -12.830671 -12.812674 -12.780107 -12.731269 -12.664142 -12.576725 -12.467940 -12.337910 -12.187743
-7.248415 -7.379567 -7.510588 -7.641243 -7.771236 -7.900267 -8.028083 -8.154494 -8.279378 -8.402677 -8.524390 -8.644568 -8.763306 -8.880740 -8.997035 -9.112385 -9.226998 -9.341099 -9.454915 -9.568680 -9.682628 -9.796999 -9.912041 -10.028024 -10.145235 -10.263965 -10.384440 -10.506727 -10.630687 -10.756052 -10.882352 -11.008972 -11.135244 -11.260523 -11.384203 -11.505720 -11.624540 -11.740151 -11.852055 -11.959762 -12.062785 -12.160634 -12.252812 -12.338808 -12.418097 -12.490127 -12.554320 -12.610065 -12.656709 -12.693552 -12.719829 -12.734700 -12.737220 -12.726307 -12.700684 -12.658762 -12.598385 -12.516517 -12.410150 -12.281021 -12.131177
-5.776352 -5.949452 -6.122356 -6.294726 -6.466180 -6.636381 -6.805063 -6.972036 -7.137174 -7.300405 -7.461701 -7.621076 -7.778578 -7.934288 -8.088317 -8.240794 -8.391869 -8.541705 -8.690471 -8.838343 -8.985503 -9.132138 -9.278451 -9.424677 -9.571098 -9.718066 -9.865980 -10.015139 -10.165507 -10.316712 -10.468048 -10.618721 -10.767994 -10.915214 -11.059794 -11.201193 -11.338901 -11.472428 -11.601298 -11.725040 -11.843187 -11.955271 -12.060817 -12.159341 -12.250341 -12.333298 -12.407669 -12.472878 -12.528315 -12.573323 -12.607194 -12.629143 -12.638295 -12.633641 -12.613996 -12.577929 -12.523622 -12.448109 -12.343742 -12.216351 -12.067713
-4.329081 -4.543273 -4.757139 -4.970202 -5.182024 -5.392275 -5.600715 -5.807178 -6.011540 -6.213719 -6.413662 -6.611346 -6.806776 -6.999981 -7.191013 -7.379944 -7.566863 -7.751869 -7.935074 -8.116597 -8.296562 -8.475107 -8.652382 -8.828566 -9.003895 -9.178702 -9.353496 -9.528959 -9.705551 -9.882397 -10.058402 -10.232653 -10.404418 -10.573075 -10.738072 -10.898892 -11.055049 -11.206072 -11.351502 -11.490887 -11.623778 -11.749724 -11.868270 -11.978952 -12.081291 -12.174793 -12.258940 -12.333186 -12.396952 -12.449615 -12.490501 -12.518868 -12.533881 -12.534577 -12.519791 -12.488021 -12.437157 -12.364148 -12.265746 -12.142863 -11.996521
-2.907740 -3.162132 -3.415922 -3.668516 -3.919509 -4.168641 -4.415725 -4.660613 -4.903187 -5.143349 -5.381019 -5.616139 -5.848668 -6.078585 -6.305886 -6.530586 -6.752712 -6.972305 -7.189420 -7.404117 -7.616470 -7.826565 -8.034506 -8.240422 -8.444491 -8.646974 -8.848312 -9.049376 -9.252096 -9.454118 -9.654144 -9.851317 -10.044962 -10.234493 -10.419383 -10.599135 -10.773278 -10.941356 -11.102926 -11.257548 -11.404788 -11.544211 -11.675377 -11.797837 -11.911133 -12.014789 -12.108305 -12.191158 -12.262789 -12.322596 -12.369924 -12.404047 -12.424145 -12.429257 -12.418200 -12.389435 -12.340978 -12.270699 -12.177248 -12.059940 -11.916595
-1.513795 -1.807284 -2.099651 -2.390403 -2.679282 -2.966107 -3.250725 -3.532997 -3.812794 -4.089997 -4.364495 -4.636190 -4.904998 -5.170848 -5.433681 -5.693455 -5.950141 -6.203722 -6.454196 -6.701571 -6.945872 -7.187142 -7.425443 -7.660874 -7.893583 -8.123807 -8.351966 -8.578917 -8.806632 -9.032700 -9.255825 -9.475150 -9.690005 -9.899812 -10.104046 -10.302220 -10.493870 -10.678550 -10.855825 -11.025267 -11.186452 -11.338957 -11.482354 -11.616209 -11.740075 -11.853490 -11.955970 -12.047005 -12.126046 -12.192502 -12.245724 -12.284984 -12.309453 -12.318164 -12.309966 -12.283508 -12.237272 -12.169672 -12.079222 -11.965229 -11.827472
-0.149609 -0.479979 -0.809076 -1.136464 -1.461916 -1.785257 -2.106325 -2.424964 -2.741021 -3.054344 -3.364788 -3.672215 -3.976492 -4.277500 -4.575128 -4.869277 -5.159864 -5.446817 -5.730080 -6.009614 -6.285399 -6.557438 -6.825768 -7.090467 -7.351687 -7.609694 -7.864944 -8.118093 -8.369595 -8.618537 -8.863808 -9.104496 -9.339876 -9.569342 -9.792358 -10.008431 -10.217098 -10.417915 -10.610452 -10.794289 -10.969009 -11.134197 -11.289435 -11.434297 -11.568346 -11.691131 -11.802176 -11.900978 -11.986996 -12.059640 -12.118260 -12.162123 -12.190396 -12.202132 -12.196277 -12.171729 -12.127441 -12.062309 -11.974143 -11.863805 -11.731634
1.183801 0.819162 0.455286 0.092785 -0.267953 -0.626661 -0.983123 -1.337139 -1.688514 -2.037060 -2.382588 -2.724915 -3.063862 -3.399259 -3.730943 -4.058762 -4.382580 -4.702273 -5.017735 -5.328882 -5.635655 -5.938024 -6.236002 -6.529658 -6.819139 -7.104688 -7.386621 -7.665185 -7.940304 -8.211576 -8.478275 -8.739606 -8.994844 -9.243357 -9.484588 -9.718032 -9.943219 -10.159704 -10.367057 -10.564860 -10.752702 -10.930173 -11.096860 -11.252345 -11.396197 -11.527971 -11.647197 -11.753376 -11.845971 -11.924393 -11.987993 -12.036046 -12.067744 -12.082202 -12.078484 -12.055650 -12.012788 -11.949060 -11.864010 -11.758240 -11.631778
2.488005 2.090354 1.693126 1.296873 0.902077 0.509113 0.118285 -0.270142 -0.655920 -1.038809 -1.418574 -1.794984 -2.167809 -2.536829 -2.901830 -3.262608 -3.618975 -3.970758 -4.317805 -4.659990 -4.997216 -5.329422 -5.656597 -5.978784 -6.296086 -6.608643 -6.916569 -7.219847 -7.518281 -7.811567 -8.099218 -8.380617 -8.655112 -8.922088 -9.180979 -9.431270 -9.672481 -9.904163 -10.125883 -10.337225 -10.537777 -10.727133 -10.904884 -11.070615 -11.223901 -11.364300 -11.491346 -11.604546 -11.703365 -11.787223 -11.855484 -11.907451 -11.942373 -11.959455 -11.957891 -11.936885 -11.895700 -11.833793 -11.751350 -11.650871 -11.529960
3.763811 3.333961 2.904366 2.475453 2.047692 1.621517 1.197310 0.775408 0.356122 -0.060251 -0.473421 -0.883106 -1.289024 -1.690904 -2.088478 -2.481495 -2.869716 -3.252919 -3.630910 -4.003520 -4.370615 -4.732102 -5.087929 -5.438089 -5.782603 -6.121484 -6.454682 -6.782055 -7.103369 -7.418331 -7.726559 -8.027568 -8.320808 -8.605714 -8.881738 -9.148365 -9.405113 -9.651527 -9.887171 -10.111626 -10.324481 -10.525332 -10.713770 -10.889384 -11.051753 -11.200437 -11.334977 -11.454884 -11.559636 -11.648668 -11.721377 -11.777115 -11.815211 -11.834982 -11.835767 -11.816974 -11.778180 -11.719326 -11.640935 -11.543739 -11.426799
5.011607 4.550214 4.088997 3.628283 3.168484 2.710041 2.253381 1.798900 1.346973 0.897958 0.452200 0.010039 -0.428191 -0.862165 -1.291566 -1.716090 -2.135450 -2.549379 -2.957638 -3.360017 -3.756341 -4.146473 -4.530310 -4.907775 -5.278793 -5.643264 -6.001035 -6.351896 -6.695591 -7.031824 -7.360251 -7.680468 -7.992006 -8.294364 -8.587033 -8.869512 -9.141325 -9.402016 -9.651149 -9.888302 -10.113065 -10.325031 -10.523795 -10.708948 -10.880072 -11.036733 -11.178479 -11.304834 -11.415294 -11.509326 -11.586372 -11.645856 -11.687201 -11.709855 -11.713329 -11.697261 -11.661498 -11.606163 -11.531534 -11.437687 -11.324445
