MFC+VTK/函数库及接口制作/重磁三维基本处理/张双喜的程序/经验模态分解_2D/三峡gra_ε=0.001_BIMF_D4.grd
DSAA
196 196
305000.000000 695000.000000
3265000.000000 3655000.000000
-14.54017 14.78031
[rows 81 to 107 of 196, columns 120 to 179 of 196]
10.053213 9.631619 9.219945 8.831045 8.475805 8.162969 7.899022 7.687793 7.530352 7.426691 7.377186 7.382098 7.440205 7.548977 7.704885 7.903674 8.140533 8.410202 8.706952 9.024275 9.353944 9.684103 9.996377 10.262520 10.442099 10.488566 10.379406 10.133759 9.786781 9.368957 8.901586 8.399081 7.871909 7.328333 6.775024 6.217211 5.659024 5.104007 4.555538 4.017033 3.492006 2.984051 2.496802 2.033865 1.598694 1.194443 0.823870 0.489326 0.192699 -0.064712 -0.282325 -0.460257 -0.599160 -0.700030 -0.764042 -0.792446 -0.786505 -0.747469 -0.676568 -0.575025
9.348036 8.855470 8.386320 7.954026 7.570088 7.243562 6.981078 6.786574 6.659151 6.593133 6.591533 6.654078 6.777495 6.957569 7.189749 7.469117 7.790292 8.147334 8.533519 8.940798 9.358812 9.773462 10.165074 10.505768 10.755324 10.859084 10.765760 10.522604 10.178773 9.764358 9.297002 8.788537 8.248203 7.683906 7.102655 6.510642 5.913298 5.315496 4.721802 4.136692 3.564663 3.010272 2.478132 1.972877 1.499025 1.060701 0.661328 0.303557 -0.010690 -0.280456 -0.505818 -0.687642 -0.827254 -0.926187 -0.986049 -1.008447 -0.994962 -0.947152 -0.866560 -0.754733
8.556589 7.994292 7.468730 6.993880 6.582272 6.243715 5.984559 5.809015 5.717069 5.692821 5.745429 5.870315 6.061981 6.315214 6.624678 6.984637 7.388777 7.829989 8.299995 8.788750 9.283624 9.768509 10.223091 10.622367 10.934461 11.115223 11.025162 10.801562 10.485173 10.094644 9.643077 9.141081 8.597737 8.021181 7.418939 6.798064 6.165181 5.526540 4.888115 4.255743 3.635224 3.032376 2.453040 1.903065 1.388244 0.914016 0.484827 0.103641 -0.227776 -0.509308 -0.742097 -0.927897 -1.068668 -1.166389 -1.222995 -1.240367 -1.220345 -1.164753 -1.075431 -0.954251
7.679013 7.050536 6.471835 5.956894 5.519424 5.171526 4.919803 4.764103 4.699738 4.733955 4.848616 5.038886 5.300306 5.627422 6.014056 6.453382 6.937788 7.458608 8.005708 8.566962 9.127652 9.669903 10.172035 10.607151 10.939658 11.122457 11.116399 10.965672 10.706235 10.358996 9.938086 9.454732 8.918578 8.338331 7.722172 7.078001 6.413551 5.736436 5.054162 4.374159 3.703847 3.050674 2.422068 1.825321 1.267556 0.755689 0.295838 -0.108283 -0.455824 -0.748426 -0.988576 -1.178818 -1.321576 -1.419123 -1.473608 -1.487098 -1.461630 -1.399268 -1.302131 -1.172425
6.716366 6.027537 5.401745 4.852073 4.392070 4.037231 3.801370 3.676709 3.656412 3.738468 3.911755 4.167576 4.499239 4.900101 5.362845 5.879300 6.440295 7.035399 7.652570 8.277741 8.894379 9.482986 10.020385 10.478813 10.826408 11.034244 11.094797 11.032074 10.847761 10.559089 10.181827 9.728461 9.209404 8.633998 8.011083 7.349352 6.657558 5.944624 5.219657 4.491892 3.770670 3.065466 2.385810 1.740893 1.139161 0.588503 0.097029 -0.328431 -0.690837 -0.994352 -1.242466 -1.438185 -1.584196 -1.682934 -1.736657 -1.747543 -1.717785 -1.649655 -1.545554 -1.408025
5.670651 4.929102 4.264838 3.690037 3.216233 2.857821 2.648357 2.559774 2.583919 2.714992 2.945135 3.265173 3.666268 4.139808 4.676789 5.267396 5.900731 6.564567 7.245080 7.926555 8.591092 9.218318 9.785320 10.267549 10.642255 10.894961 11.023915 11.032952 10.922332 10.699507 10.375676 9.962175 9.469422 8.907102 8.284562 7.611142 6.896458 6.150616 5.384331 4.608867 3.835853 3.077187 2.345031 1.651237 1.006059 0.417646 -0.106072 -0.550525 -0.927979 -1.243564 -1.501103 -1.703921 -1.854873 -1.956448 -2.010937 -2.020586 -1.987714 -1.914793 -1.804499 -1.659723
4.545196 3.759769 3.067028 2.479458 2.009620 1.671871 1.478924 1.421410 1.488203 1.669731 1.957040 2.340408 2.809559 3.353952 3.962637 4.623930 5.325140 6.052342 6.790202 7.521837 8.228757 8.891041 9.488117 10.000621 10.413342 10.717453 10.909018 10.984950 10.943985 10.788119 10.523081 10.156856 9.698333 9.156719 8.541439 7.862225 7.129325 6.353791 5.547809 4.724872 3.899503 3.086604 2.301246 1.558357 0.871029 0.249582 -0.298143 -0.767085 -1.163084 -1.493029 -1.762143 -1.974206 -2.132127 -2.238372 -2.295235 -2.305026 -2.270195 -2.193414 -2.077627 -1.926071
3.345024 2.525419 1.814874 1.226143 0.770778 0.458028 0.291314 0.267382 0.377259 0.610206 0.955415 1.401796 1.937665 2.550758 3.228219 3.956494 4.721167 5.506842 6.297090 7.074494 7.820883 8.517930 9.148261 9.697013 10.153091 10.508973 10.758948 10.898035 10.923008 10.832662 10.628403 10.314221 9.896182 9.381924 8.780270 8.100962 7.354627 6.552982 5.709353 4.839426 3.961463 3.094799 2.257566 1.466370 0.737069 0.084138 -0.487116 -0.977763 -1.393294 -1.740207 -2.023714 -2.247580 -2.414675 -2.527455 -2.588261 -2.599509 -2.563806 -2.484031 -2.363397 -2.205469
2.077077 1.233185 0.514859 -0.065890 -0.500107 -0.782980 -0.914474 -0.898103 -0.741531 -0.455293 -0.051237 0.458109 1.059550 1.739175 2.482381 3.273909 4.097861 4.937734 5.776503 6.596857 7.381636 8.114546 8.781086 9.369324 9.870030 10.275926 10.580728 10.778907 10.865965 10.838612 10.695105 10.435664 10.062795 9.581485 8.999098 8.324906 7.569699 6.745712 5.867193 4.951669 4.021408 3.102995 2.218937 1.382159 0.609659 -0.076078 -0.670024 -1.181167 -1.617417 -1.984002 -2.284812 -2.523034 -2.701405 -2.822433 -2.888590 -2.902459 -2.866848 -2.784869 -2.659997 -2.496102
0.750416 -0.108250 -0.825337 -1.390322 -1.797019 -2.043750 -2.132720 -2.069066 -1.860726 -1.518189 -1.053826 -0.481292 0.184766 0.928862 1.734822 2.585974 3.465312 4.355674 5.239951 6.101421 6.924223 7.693945 8.398151 9.026585 9.570883 10.023979 10.379631 10.632245 10.776807 10.808861 10.724570 10.521008 10.196818 9.753249 9.195084 8.530522 7.770264 6.927149 6.016982 5.059672 4.080210 3.113944 2.191055 1.313992 0.503443 -0.222083 -0.839473 -1.374897 -1.835548 -2.224760 -2.545331 -2.799970 -2.991314 -3.121971 -3.194601 -3.212022 -3.177296 -3.093796 -2.965269 -2.795869
-0.623297 -1.487610 -2.194980 -2.736691 -3.109162 -3.313333 -3.353554 -3.236662 -2.971565 -2.569227 -2.042595 -1.406333 -0.676444 0.130129 0.995884 1.903100 2.834123 3.771609 4.698794 5.599809 6.460064 7.266606 8.008321 8.675869 9.261376 9.758049 10.159896 10.461522 10.657935 10.744337 10.715898 10.567596 10.294517 9.893152 9.363874 8.712824 7.950032 7.089182 6.149630 5.157189 4.142825 3.139974 2.175540 1.264653 0.423909 -0.330875 -0.989155 -1.559233 -2.049121 -2.463540 -2.805610 -3.078022 -3.283442 -3.424620 -3.504453 -3.526044 -3.492760 -3.408285 -3.276658 -3.102306
-2.029064 -2.889798 -3.578996 -4.090024 -4.421857 -4.577852 -4.564303 -4.389497 -4.063405 -3.597864 -3.006796 -2.306096 -1.513153 -0.646208 0.276235 1.235857 2.214839 3.196102 4.163528 5.102196 5.998605 6.840833 7.618563 8.322952 8.946417 9.482402 9.925180 10.269654 10.511133 10.645061 10.666619 10.570162 10.348627 9.993713 9.498616 8.864689 8.099753 7.219590 6.250972 5.227609 4.184118 3.151705 2.155778 1.216201 0.348348 -0.436215 -1.131731 -1.738320 -2.260100 -2.701483 -3.066058 -3.356856 -3.576768 -3.728775 -3.816059 -3.842053 -3.810485 -3.725399 -3.591172 -3.412525
-3.447773 -4.294809 -4.957180 -5.430826 -5.717018 -5.820939 -5.750217 -5.514123 -5.123620 -4.591845 -3.934343 -3.168723 -2.313876 -1.389117 -0.413520 0.594501 1.617433 2.638816 3.643373 4.617119 5.547449 6.423156 7.234382 7.972524 8.630115 9.200706 9.678738 10.059359 10.338225 10.511234 10.574161 10.522033 10.347999 10.041686 9.588564 8.975336 8.204503 7.299695 6.301690 5.251848 4.185493 3.131523 2.113694 1.151469 0.259332 -0.553019 -1.280154 -1.919592 -2.472051 -2.940167 -3.327113 -3.636050 -3.870129 -4.032628 -4.127066 -4.157262 -4.127356 -4.041811 -3.905396 -3.723179
-4.855457 -5.676846 -6.303722 -6.735212 -6.973630 -7.024231 -6.894868 -6.595228 -6.137494 -5.536940 -4.811659 -3.981502 -3.066863 -2.087750 -1.063277 -0.011451 1.050913 2.108220 3.146125 4.151538 5.112600 6.018625 6.860025 7.628246 8.315752 8.916004 9.423415 9.833222 10.141293 10.343889 10.437371 10.417775 10.279986 10.015672 9.608215 9.026024 8.238375 7.303879 6.281562 5.214239 4.134145 3.067363 2.035701 1.057097 0.145241 -0.690327 -1.443385 -2.110181 -2.689372 -3.181720 -3.589349 -3.915090 -4.162163 -4.334114 -4.434831 -4.468566 -4.439928 -4.353849 -4.215548 -4.030491
-6.222400 -7.003950 -7.587481 -7.975390 -8.168225 -8.167724 -7.980130 -7.615327 -7.087905 -6.416857 -5.623881 -4.731295 -3.760609 -2.731921 -1.663833 -0.573535 0.523108 1.611487 2.678205 3.711012 4.698710 5.631043 6.498598 7.292757 8.005726 8.630624 9.161555 9.593580 9.922543 10.144809 10.256968 10.255473 10.136098 9.893038 9.516264 8.976887 8.158308 7.205939 6.176396 5.105541 4.022412 2.951451 1.913191 0.924513 -0.001281 -0.854229 -1.627177 -2.315309 -2.915918 -3.428283 -3.853358 -4.193334 -4.451269 -4.630870 -4.736387 -4.772539 -4.744444 -4.657549 -4.517551 -4.330351
-7.512007 -8.239314 -8.774127 -9.120628 -9.274742 -9.229575 -8.985389 -8.553842 -7.954916 -7.213537 -6.355609 -5.405350 -4.384501 -3.312553 -2.207171 -1.084511 0.040597 1.154532 2.244802 3.299930 4.309334 5.263170 6.152199 6.967698 7.701485 8.346068 8.894870 9.342383 9.684081 9.916101 10.034825 10.036434 9.916132 9.666124 9.270540 8.698727 7.920826 6.995887 5.982587 4.922662 3.846907 2.779882 1.741809 0.749292 -0.184271 -1.048340 -1.834883 -2.538092 -3.154183 -3.681289 -4.119338 -4.469817 -4.735499 -4.920169 -5.028414 -5.065430 -5.036868 -4.948694 -4.807092 -4.618392
-8.680958 -9.346314 -9.831183 -10.138998 -10.262617 -10.184298 -9.885322 -9.385791 -8.715888 -7.908301 -6.992258 -5.992321 -4.929422 -3.821982 -2.686597 -1.538398 -0.391250 0.742128 1.850049 2.921738 3.947185 4.916974 5.822097 6.653795 7.403490 8.062883 8.624287 9.081056 9.427788 9.660010 9.773491 9.763545 9.624104 9.346132 8.916584 8.323459 7.571246 6.684493 5.703348 4.667106 3.608156 2.552400 1.520775 0.530353 -0.404958 -1.273939 -2.067742 -2.779658 -3.404984 -3.940937 -4.386619 -4.742925 -5.012367 -5.198814 -5.307187 -5.343163 -5.312904 -5.222869 -5.079674 -4.890027
-9.686753 -10.297236 -10.734428 -11.001395 -11.094126 -10.995019 -10.646277 -10.081249 -9.347202 -8.484158 -7.521712 -6.483115 -5.388085 -4.254055 -3.096740 -1.930430 -0.768185 0.378024 1.497192 2.579141 3.614376 4.593904 5.509023 6.351087 7.111287 7.780550 8.349750 8.810368 9.155297 9.378981 9.476492 9.442691 9.272109 8.959046 8.499136 7.894093 7.155263 6.299461 5.352837 4.346611 3.311025 2.272366 1.252519 0.269469 -0.662063 -1.530086 -2.324970 -3.039219 -3.667349 -4.205860 -4.653251 -5.010026 -5.278590 -5.462992 -5.568532 -5.601345 -5.568048 -5.475502 -5.330671 -5.140522
-10.507306 -11.078389 -11.470217 -11.689310 -11.732530 -11.586037 -11.224522 -10.607791 -9.828692 -8.928782 -7.935489 -6.871151 -5.755024 -4.604081 -3.433497 -2.256981 -1.086997 0.065059 1.188709 2.274251 3.312609 4.295158 5.213528 6.059328 6.823815 7.497504 8.069955 8.530162 8.867996 9.075915 9.148741 9.082719 8.876252 8.529809 8.046446 7.433585 6.702968 5.869349 4.952117 3.975405 2.965341 1.947004 0.942637 -0.028892 -0.951939 -1.813691 -2.603785 -3.314056 -3.938424 -4.472899 -4.915665 -5.267130 -5.529832 -5.708141 -5.807781 -5.835292 -5.797631 -5.701938 -5.555416 -5.365173
-11.145561 -11.684217 -12.031981 -12.197827 -12.181277 -11.973782 -11.562402 -10.940241 -10.150624 -9.236195 -8.228638 -7.152127 -6.026499 -4.868790 -3.693998 -2.515518 -1.345436 -0.194761 0.926401 2.008679 3.043292 4.021880 4.936330 5.778538 6.540058 7.211581 7.782187 8.238728 8.566642 8.753931 8.795470 8.692715 8.451303 8.077284 7.577130 6.959416 6.235125 5.417638 4.523237 3.571663 2.585336 1.587443 0.599981 -0.357535 -1.268578 -2.119534 -2.899391 -3.599474 -4.213352 -4.736893 -5.168395 -5.508605 -5.760500 -5.928867 -6.019785 -6.040079 -5.996880 -5.897514 -5.749360 -5.559555
-11.624494 -12.122551 -12.422804 -12.532739 -12.455282 -12.189571 -11.736182 -11.104714 -10.317386 -9.405510 -8.399287 -7.324032 -6.200561 -5.046383 -3.876615 -2.704574 -1.542173 -0.400203 0.711441 1.783580 2.807586 3.775226 4.678504 5.509472 6.259964 6.921176 7.482857 7.931774 8.249624 8.414726 8.419760 8.279691 8.009446 7.615969 7.105481 6.486064 5.767854 4.963070 4.086245 3.154619 2.188074 1.208186 0.236633 -0.706432 -1.603521 -2.440199 -3.204906 -3.888681 -4.485105 -4.990454 -5.403838 -5.726988 -5.963654 -6.118954 -6.198980 -6.210591 -6.160961 -6.057664 -5.908258 -5.719767
-11.967452 -12.409870 -12.655229 -12.707902 -12.573856 -12.258675 -11.771907 -11.128002 -10.344332 -9.443346 -8.449907 -7.387647 -6.277307 -5.136663 -3.981023 -2.823765 -1.676775 -0.550774 0.544419 1.599682 2.606408 3.556348 4.441461 5.253755 5.985089 6.626910 7.169789 7.602443 7.908456 8.053420 8.020505 7.850254 7.562443 7.158259 6.643385 6.025607 5.314378 4.520929 3.658509 2.742735 1.791810 0.826218 -0.132342 -1.062642 -1.945706 -2.765930 -3.511210 -4.172586 -4.744225 -5.223746 -5.612166 -5.913007 -6.131053 -6.271445 -6.339496 -6.341521 -6.284988 -6.178065 -6.028395 -5.842628
-12.191147 -12.563543 -12.746353 -12.740963 -12.554873 -12.197342 -11.683006 -11.027806 -10.247927 -9.361206 -8.387468 -7.347061 -6.259223 -5.141233 -4.008305 -2.873828 -1.749711 -0.646694 0.425374 1.457317 2.440437 3.366349 4.226828 5.013651 5.718432 6.332387 6.845882 7.247251 7.520293 7.642843 7.596639 7.418987 7.122779 6.714687 6.200674 5.588036 4.885606 4.103790 3.254754 2.352782 1.414695 0.460053 -0.489215 -1.410172 -2.281194 -3.084378 -3.806637 -4.439401 -4.978420 -5.424315 -5.781526 -6.056026 -6.253487 -6.378612 -6.435150 -6.427158 -6.364097 -6.254920 -6.106848 -5.925800
-12.306472 -12.597422 -12.711682 -12.649952 -12.412237 -12.016916 -11.479984 -10.816743 -10.042230 -9.171820 -8.221834 -7.209331 -6.151260 -5.063623 -3.961038 -2.856663 -1.762352 -0.688878 0.353828 1.356460 2.310148 3.206287 4.036375 4.791845 5.463866 6.043068 6.519166 6.880710 7.115796 7.214379 7.167867 6.992521 6.698445 6.293682 5.785511 5.181569 4.490428 3.721865 2.887118 1.999252 1.073663 0.128678 -0.814007 -1.729652 -2.592544 -3.380053 -4.076386 -4.673892 -5.171999 -5.577200 -5.898806 -6.145047 -6.321575 -6.431723 -6.478607 -6.461092 -6.393945 -6.285430 -6.141661 -5.967776
-12.320669 -12.521657 -12.560607 -12.438645 -12.154480 -11.727441 -11.173103 -10.505780 -9.739309 -8.887391 -7.963981 -6.983469 -5.960440 -4.909188 -3.843282 -2.775333 -1.716963 -0.678908 0.328822 1.296769 2.215853 3.077213 3.872039 4.591413 5.226115 5.766445 6.202204 6.523290 6.721724 6.795963 6.751272 6.583707 6.298137 5.902347 5.404517 4.812857 4.135969 3.383244 2.565209 1.693889 0.783286 -0.149933 -1.085426 -1.997994 -2.857501 -3.632952 -4.301336 -4.855961 -5.305444 -5.665917 -5.951188 -6.170043 -6.326890 -6.421738 -6.457128 -6.437424 -6.371915 -6.268103 -6.131775 -5.967745
-12.238338 -12.344219 -12.303214 -12.117729 -11.792512 -11.339648 -10.772892 -10.105548 -9.350288 -8.519385 -7.624999 -6.679430 -5.695169 -4.684736 -3.660407 -2.633982 -1.616653 -0.618997 0.348962 1.277641 2.157766 2.980243 3.736022 4.415973 5.010815 5.511179 5.908014 6.193608 6.363381 6.418466 6.370091 6.207457 5.931313 5.547427 5.063379 4.487344 3.827893 3.094191 2.296299 1.445512 0.554762 -0.360849 -1.283147 -2.189032 -3.046966 -3.814928 -4.455284 -4.958443 -5.356417 -5.675058 -5.928437 -6.123309 -6.261219 -6.343873 -6.374118 -6.356757 -6.297548 -6.202418 -6.076792 -5.925463
-12.062407 -12.072264 -11.952003 -11.706071 -11.341002 -10.865529 -10.290358 -9.626811 -8.886034 -8.078831 -7.215783 -6.307461 -5.364582 -4.398034 -3.418769 -2.437639 -1.465257 -0.511905 0.412476 1.298255 2.136042 2.916609 3.630823 4.269622 4.824104 5.285833 5.647482 5.903853 6.053030 6.096877 6.038749 5.875767 5.607041 5.235632 4.767392 4.209686 3.570734 2.859470 2.085683 1.260275 0.395620 -0.494000 -1.391788 -2.277452 -3.123864 -3.881514 -4.496720 -4.946660 -5.304909 -5.594241 -5.824689 -6.001541 -6.127235 -6.202946 -6.233039 -6.221485 -6.172093 -6.088827 -5.976955 -5.841235
