MFC+VTK/函数库及接口制作/重磁三维基本处理/张双喜的程序/经验模态分解_2D/三峡gra_ε=0.001_BIMF_D1.grd
DSAA
196 196
305000.000000 695000.000000
3265000.000000 3655000.000000
-10.76823 10.95858
[rows 54 to 80 of 196, columns 0 to 60 of 196]
-0.906196 -0.300951 0.409463 0.994513 1.519289 1.899581 1.434131 0.646739 0.191016 0.001900 0.036101 0.337891 0.691895 0.533702 0.289854 0.277289 0.538774 1.002216 1.458186 1.118741 0.259268 -0.536903 -0.894394 -0.821797 -0.430401 0.197024 0.601923 0.411139 -0.106410 -0.537811 -0.844259 -1.132275 -0.948563 -0.039647 0.956565 0.640915 -0.227248 -0.792223 -0.906738 -0.638648 -0.203610 0.214844 0.547582 0.780990 0.956921 1.049648 0.952635 0.628857 0.185871 -0.177692 -0.581950 -1.110200 -1.298752 -0.346150 0.811528 0.212338 -1.459373 -1.112285 0.247396 1.291326 1.843406
-1.014395 -0.580676 -0.025126 0.394970 0.847721 1.262597 1.232899 0.910036 0.637263 0.509167 0.489017 0.645927 1.075136 0.895092 0.566661 0.357335 0.361865 0.601425 0.961669 0.699911 -0.062242 -0.649890 -0.991552 -1.107389 -0.795945 0.012446 0.655668 0.380425 -0.338667 -0.671775 -0.701288 -0.949507 -0.995140 -0.032445 1.096067 0.809742 0.029051 -0.489093 -0.634863 -0.477572 -0.165007 0.142146 0.390066 0.579838 0.764488 0.928501 1.006634 0.913368 0.474631 -0.062898 -0.509460 -0.924320 -1.034717 -0.514978 0.026900 -0.347561 -1.225101 -0.831364 0.375212 1.357046 1.712836
-1.111267 -0.791235 -0.333575 0.200706 0.710467 1.022993 1.164421 1.131237 1.000312 0.931704 0.952421 1.055982 1.307666 1.060792 0.616328 0.238089 -0.001135 -0.169590 -0.329618 -0.296566 -0.494033 -0.773810 -0.935192 -0.887984 -0.527080 0.214143 0.856177 0.443890 -0.396260 -0.634510 -0.254897 -0.094637 -0.207363 0.069273 0.384983 0.292075 -0.074205 -0.391473 -0.498354 -0.387234 -0.146953 0.068608 0.222205 0.350003 0.584811 0.940298 1.226142 1.250062 0.845865 0.205103 -0.275138 -0.619119 -0.726062 -0.540560 -0.355171 -0.433833 -0.569736 -0.243988 0.437384 0.985140 1.005575
-1.125901 -1.028804 -0.595698 0.192783 1.106387 1.468122 1.497359 1.434174 1.278225 1.216082 1.365736 1.892786 1.698896 1.096774 0.502225 0.003323 -0.404687 -0.777296 -1.100470 -0.913311 -0.787646 -0.806910 -0.781333 -0.626545 -0.287608 0.196752 0.546346 0.344073 -0.208302 -0.530055 0.035599 0.802548 0.683020 0.076502 -0.290271 -0.287824 -0.278419 -0.383488 -0.460620 -0.386441 -0.170920 -0.017082 0.008200 0.027893 0.292371 0.934458 1.369682 1.246103 0.874835 0.383250 -0.029402 -0.366114 -0.547463 -0.526884 -0.443559 -0.327105 -0.097615 0.278062 0.632028 0.759228 0.535206
-1.231133 -1.348666 -1.057965 -0.040402 1.918422 2.800745 2.249116 1.738860 1.416986 1.250267 1.289440 1.563416 1.422106 0.853958 0.254004 -0.277201 -0.721383 -1.026891 -1.151566 -1.055227 -0.873063 -0.755725 -0.597993 -0.383096 -0.140410 0.092784 0.239161 0.252546 -0.005533 -0.637770 -0.375067 0.383476 0.315038 -0.404584 -0.943963 -0.592255 -0.275000 -0.304733 -0.504312 -0.548008 -0.253496 -0.104740 -0.262772 -0.414797 -0.276976 0.462098 1.042969 0.550843 0.512570 0.447782 0.191144 -0.166665 -0.451196 -0.515872 -0.444877 -0.223272 0.282018 0.767792 0.936261 0.761776 0.422899
-1.399027 -1.832015 -1.992565 -1.172871 1.266894 2.800653 2.398736 1.761774 1.344660 1.047080 0.824205 0.860323 0.781325 0.399464 -0.100897 -0.571987 -0.986303 -1.199872 -1.166094 -0.938780 -0.773259 -0.544901 -0.357947 -0.169370 -0.034207 -0.000747 -0.016504 0.179150 0.455775 -0.032850 -0.345344 -0.043278 -0.068433 -0.571375 -0.908385 -0.278505 0.115713 -0.026780 -0.556810 -0.987391 -0.380883 -0.233247 -0.595058 -0.884244 -0.954352 -0.660108 -0.503604 -0.553568 0.174754 0.571911 0.429636 0.004592 -0.398037 -0.539316 -0.507274 -0.277376 0.372132 0.983918 1.156297 0.766948 0.271755
-1.525651 -2.251853 -3.008944 -2.840017 -0.610029 1.375756 1.689571 1.400853 1.073910 0.760544 0.470363 0.347016 0.241266 -0.019137 -0.390162 -0.777675 -1.084604 -0.978640 -0.903703 -0.796664 -0.584490 -0.360367 -0.145056 0.006386 0.106067 0.010480 -0.300537 -0.165905 0.502216 0.430112 -0.097768 -0.201030 -0.228167 -0.323225 -0.170880 0.492491 0.771558 0.411416 -0.438707 -1.289327 -0.870590 -0.601333 -0.876659 -1.192465 -1.334242 -1.272368 -1.405595 -1.224083 0.225900 0.924445 0.679160 0.101841 -0.401518 -0.613720 -0.646571 -0.572285 -0.209058 0.529383 0.980411 0.585593 -0.100542
-1.490126 -2.291111 -3.186658 -3.384806 -1.806831 0.015039 0.764403 0.841928 0.690044 0.464072 0.230499 0.056359 -0.125519 -0.386843 -0.669676 -0.985964 -1.217404 -1.120896 -0.724370 -0.659699 -0.497422 -0.266334 -0.044407 0.151439 0.310318 0.260580 -0.238156 -0.468393 -0.000316 0.109986 -0.165808 -0.289873 -0.244353 -0.091821 0.201328 0.597719 1.096842 0.592994 -0.286038 -0.864541 -0.855395 -0.745984 -0.888399 -1.150892 -1.386211 -1.397176 -1.159125 -0.521224 0.596046 1.246862 0.733182 0.042153 -0.483851 -0.720100 -0.745854 -0.787465 -0.946990 -0.045606 0.870794 0.274924 -0.703723
-1.216132 -1.965215 -2.576460 -2.680924 -1.816642 -0.606246 0.128667 0.352546 0.346029 0.231477 0.067158 -0.121061 -0.329996 -0.594605 -0.811570 -1.050820 -1.263540 -1.196234 -0.546190 -0.470669 -0.377402 -0.173014 0.019666 0.200560 0.399502 0.497117 0.019750 -0.397379 -0.349630 -0.308102 -0.379815 -0.382246 -0.251475 0.003822 0.245791 0.057606 -0.772405 -0.529492 -0.461457 -0.605475 -0.607410 -0.581241 -0.702093 -0.993284 -1.360490 -1.436458 -0.789039 0.062768 0.687643 0.841621 0.400188 -0.175276 -0.614242 -0.811328 -0.731572 -0.590611 -0.463477 0.018746 0.339547 -0.159624 -1.005245
-0.850428 -1.528515 -1.987420 -2.080128 -1.609230 -0.849375 -0.250649 -0.009532 0.063012 0.037972 -0.063689 -0.261578 -0.440832 -0.666893 -0.853692 -1.040740 -1.211675 -1.115251 -0.616151 -0.337824 -0.263895 -0.142230 -0.013304 0.099112 0.181933 0.191928 -0.027279 -0.342645 -0.478398 -0.523709 -0.525985 -0.439237 -0.237854 0.073327 0.359229 0.119228 -1.122583 -1.066939 -0.690834 -0.473473 -0.305866 -0.254331 -0.390501 -0.707908 -1.130747 -1.180613 -0.186987 0.581506 0.645067 0.342112 -0.116271 -0.481711 -0.740211 -0.873429 -0.611039 -0.124617 0.177723 0.275731 0.052587 -0.422438 -0.777817
-0.558220 -1.157065 -1.605259 -1.778904 -1.454307 -1.015609 -0.557603 -0.307371 -0.193429 -0.164043 -0.200087 -0.319944 -0.463847 -0.665898 -0.860360 -1.021902 -1.109810 -1.018041 -0.848023 -0.200344 -0.169656 -0.151151 -0.105448 -0.086605 -0.125462 -0.183780 -0.275527 -0.431137 -0.556202 -0.608439 -0.573941 -0.433961 -0.190820 0.156619 0.605559 0.991086 -0.010810 -0.883931 -0.865520 -0.400144 0.013887 0.138443 -0.001393 -0.290562 -0.533419 -0.182220 0.943339 1.208831 0.619552 -0.119054 -0.717499 -0.772709 -0.709995 -0.897144 -0.482782 0.468521 0.810338 0.545683 -0.114464 -0.614056 -0.489417
-0.407604 -0.867978 -1.286424 -1.506606 -1.278103 -1.008079 -0.628842 -0.387612 -0.219964 -0.181347 -0.121627 -0.130098 -0.252946 -0.459620 -0.643535 -0.777220 -0.739026 -0.720458 -0.608598 0.137908 -0.006594 -0.088225 -0.163804 -0.263232 -0.349746 -0.383146 -0.463381 -0.534386 -0.600050 -0.619963 -0.552296 -0.379887 -0.123700 0.216009 0.629279 1.047028 0.423556 -0.914843 -1.229658 -0.351873 0.381052 0.557231 0.403529 0.150134 0.056295 0.512402 1.322273 1.322407 0.603060 -0.373424 -1.093870 -0.693959 -0.068319 -0.169144 -0.008414 0.692915 0.788966 0.487179 -0.093667 -0.838647 -0.149295
-0.304585 -0.701868 -1.096131 -1.293966 -1.113437 -0.946492 -0.617316 -0.389359 -0.184876 -0.094880 0.026862 0.068394 -0.034429 -0.225542 -0.394877 -0.488068 -0.407244 -0.490805 -0.441542 0.561317 0.174237 -0.041424 -0.259496 -0.431930 -0.531960 -0.530528 -0.593458 -0.583676 -0.585232 -0.583188 -0.482822 -0.296354 -0.033347 0.297493 0.586862 0.623445 0.007014 -1.102167 -1.240743 0.047704 0.880253 0.956053 0.750470 0.490678 0.352126 0.543209 0.956526 1.027806 0.536102 -0.142924 -0.581427 -0.028144 0.911453 0.756041 0.438613 0.355466 0.038413 0.232785 0.539985 -0.367967 0.449644
-0.188982 -0.540859 -0.907273 -1.118367 -1.003691 -0.961166 -0.728577 -0.509667 -0.248252 -0.063180 0.136525 0.141134 0.123468 -0.069240 -0.195075 -0.138830 -0.140448 -0.227848 -0.304283 0.907437 0.337009 -0.047259 -0.320454 -0.544425 -0.658033 -0.568991 -0.627058 -0.505708 -0.445344 -0.467511 -0.367853 -0.189088 0.099778 0.495068 0.726853 0.553846 -0.058163 -0.735401 -0.569297 0.703336 1.297295 1.196785 0.979695 0.727066 0.484801 0.378941 0.380565 0.179333 -0.132523 0.107978 -0.087269 -0.235675 0.359071 0.690861 0.385061 -0.098212 -0.674923 -0.028312 0.778380 0.339066 0.819603
-0.103593 -0.376687 -0.710299 -0.937852 -0.795279 -0.776510 -0.627601 -0.406809 -0.164274 0.051988 0.347115 0.458522 0.398919 0.207689 0.233368 0.227906 0.186204 0.071483 -0.204036 -0.131307 0.590765 0.039242 -0.299394 -0.563574 -0.553494 -0.504315 -0.462534 -0.360906 -0.261484 -0.253555 -0.211423 -0.060194 0.221214 0.681228 0.912412 0.573792 0.052161 -0.263206 -0.002437 0.811151 1.230421 1.187165 1.107908 0.933016 0.587801 0.241563 -0.107636 -0.756335 -1.166227 -0.146141 -0.328503 -0.957514 -0.619986 0.011338 0.004155 -0.299313 -0.774942 -0.245343 0.283311 0.506817 0.348846
0.006277 -0.180764 -0.444444 -0.622222 -0.443204 -0.436564 -0.313219 -0.062467 0.169384 0.477574 0.909374 0.980237 0.761524 0.687070 0.682064 0.639203 0.517830 0.346123 0.060975 0.051424 0.847515 0.221042 -0.075921 -0.330032 -0.419898 -0.221198 -0.374270 -0.277541 -0.194886 -0.013506 0.032647 0.118056 0.270419 0.495897 0.607302 0.405170 0.094260 -0.052578 0.109271 0.522204 0.874289 1.023817 1.214784 1.168725 0.669369 0.147759 -0.237040 -0.643718 -0.854160 -0.611480 -0.727519 -0.501163 -0.051054 -0.240120 -0.216628 -0.369858 -0.562345 -0.604823 -0.120607 0.100475 -0.323763
-0.137404 0.119236 -0.091444 -0.233532 -0.035855 -0.039390 0.084917 0.356213 0.590318 0.957702 1.448300 1.643925 1.407921 1.369924 1.320378 1.205653 1.075863 0.991010 0.744713 0.615466 0.282403 0.843514 0.249970 -0.039500 -0.009350 0.071349 -0.109265 -0.019246 0.045535 0.253803 0.253982 0.268848 0.306943 0.192712 0.150055 0.164356 0.057682 -0.022015 0.053674 0.232777 0.478362 0.717195 1.124174 1.213027 0.493241 0.110254 -0.063487 -0.169814 -0.293087 -0.471599 -0.773525 -0.643780 -0.101667 0.160448 -0.010460 -0.193394 -0.322721 -0.716034 -0.807443 -0.546949 -0.524549
0.127424 0.344262 0.425990 0.452441 0.782555 0.924092 1.118616 1.340771 1.599775 1.835484 0.966176 0.060861 -0.016091 -0.026666 0.024215 -0.046559 -0.168869 -0.141855 -0.261023 -0.350011 -0.714249 0.042506 0.842174 0.784436 0.691381 0.696692 0.460628 0.434764 0.509832 0.657498 0.587562 0.538864 0.476849 0.282569 0.164055 0.125708 0.044585 -0.037342 -0.052498 -0.019837 0.061965 0.197507 0.339207 0.235846 -0.082570 -0.051006 0.177325 0.405940 0.397737 0.165768 -0.407432 -0.974308 -0.393173 0.388481 0.398501 0.415694 0.434929 0.206685 -0.168121 -0.660273 -0.735793
0.309978 0.773838 1.127860 1.480715 2.068970 2.291700 1.655467 0.510043 0.645162 0.804245 -0.409275 -1.437412 -1.305879 -1.153633 -0.990390 -0.953061 -0.961398 -0.839151 -0.853546 -0.718829 -0.781783 -0.548059 0.149151 -0.085922 -0.172844 -0.064378 -0.104463 -0.095432 -0.018557 0.104982 0.125664 0.420307 0.657905 0.458226 0.272854 0.140225 0.006304 -0.103505 -0.176676 -0.184257 -0.232824 -0.323741 -0.445305 -0.622381 -0.683747 -0.207735 0.359391 0.907013 0.990655 1.037162 0.775654 -0.414444 -0.387786 0.492305 0.938131 0.773589 0.906460 0.857318 0.201475 -0.523342 -0.826965
0.332052 1.208900 2.012461 2.025866 1.612013 1.645103 0.360322 -1.832610 -1.585192 -1.379902 -1.247627 -1.070065 -0.829338 -0.611540 -0.537697 -0.495253 -0.445974 -0.412844 -0.444165 -0.303589 -0.287076 -0.419732 -0.475450 -0.542056 -0.658817 -0.595984 -0.627195 -0.601244 -0.427703 -0.143146 -0.066208 0.161028 0.317834 0.189680 0.184585 0.121083 -0.113480 -0.224718 -0.213427 -0.272557 -0.392518 -0.631008 -0.981208 -0.996021 -0.749384 -0.237098 0.389363 0.854553 0.968868 0.827815 0.425603 0.110988 0.142384 0.264086 0.414806 0.257346 0.633145 0.335036 0.087657 0.123130 -0.091737
0.045100 0.794127 2.216354 1.626062 -2.005377 -1.728633 -1.433232 -1.216831 -0.954414 -0.881426 -0.811904 -0.681728 -0.406995 -0.278504 -0.258438 -0.195020 -0.189773 -0.217092 -0.182768 -0.011505 0.105794 0.014125 -0.229489 -0.083341 -0.163910 -0.225887 -0.464873 -0.480749 -0.331776 -0.056615 0.077679 0.190603 0.145257 0.045730 0.001250 -0.150526 -0.413148 -0.319366 -0.236351 -0.356934 -0.442981 -0.574322 -0.788240 -0.747124 -0.503849 -0.151776 0.239732 0.463077 0.498232 0.094453 -0.202990 0.283601 0.515958 0.591563 0.827857 0.343330 0.019067 -0.248646 -0.016167 0.665228 0.874473
-0.454679 -0.816701 -1.947629 -1.810588 -1.502665 -1.216788 -0.841260 -0.570504 -0.449422 -0.413689 -0.401575 -0.280447 -0.102005 -0.082864 -0.043384 -0.087531 -0.148015 -0.151367 -0.102905 0.314196 0.425978 0.287786 0.122625 -0.090930 0.133040 0.032215 -0.234049 -0.225947 -0.177742 -0.066279 0.097332 0.263319 0.321253 0.269295 0.039141 -0.271868 -0.536036 -0.443075 -0.420480 -0.366051 -0.266438 -0.123668 0.070999 -0.058410 -0.118742 -0.007039 0.182274 0.138810 -0.043221 -0.520040 -0.799270 -0.089067 0.665601 0.878091 1.118531 0.749208 -0.173108 -0.739808 -0.325531 0.323141 0.712565
-0.571365 -1.106059 -1.531738 -1.384084 -0.903391 -0.503322 -0.281209 -0.070315 0.018384 0.038177 -0.009315 0.052651 0.111228 0.137485 0.096366 0.051401 -0.053769 -0.083749 -0.063821 0.507305 0.556766 0.400145 0.119606 -0.132129 0.110578 0.133836 -0.144265 -0.055718 0.030013 0.101184 0.158962 0.216366 0.405961 0.417784 0.191882 -0.099571 -0.317010 -0.437802 -0.497233 -0.242296 0.056811 0.343353 0.695669 0.497890 0.239194 0.174535 0.190137 -0.041336 -0.349783 -0.755552 -1.028713 -0.507842 0.360834 0.763771 0.711010 0.302049 -0.591784 -1.102742 -0.782571 -0.706526 -0.232334
-0.150060 -0.698556 -0.909391 -0.702586 -0.329555 0.164443 0.324792 0.446308 0.467384 0.411234 0.257401 0.226088 0.308011 0.381418 0.239874 0.141656 -0.032278 -0.108470 -0.068141 0.159300 0.315078 0.167801 -0.013291 -0.444034 -0.301558 0.427639 -0.036860 0.064907 0.217785 0.303702 0.301720 0.328816 0.415581 0.312998 0.181378 0.001387 -0.133165 -0.218768 -0.201806 -0.071062 0.207142 0.430777 0.668073 0.632125 0.435134 0.336608 0.226973 -0.066823 -0.353072 -0.715703 -1.129490 -1.038811 -0.351366 0.096222 -0.260197 -0.572186 -0.949424 -0.976199 -0.887554 -1.095883 -0.632460
0.491962 -0.456792 -1.114077 -0.872932 -0.465485 -0.067684 0.371708 0.864336 0.780811 0.544638 0.363524 0.328648 0.443255 0.446897 0.279844 -0.005520 -0.201729 -0.285707 -0.270371 -0.130061 0.100560 0.026172 0.398681 0.189061 -0.165859 0.230623 -0.019248 0.012912 0.300188 0.336315 0.306122 0.376142 0.383613 0.187197 0.071241 0.051198 0.036909 0.024041 0.049393 0.089383 0.105321 0.223741 0.471305 0.557317 0.469815 0.436700 0.394540 0.134429 -0.080116 -0.400615 -0.949207 -1.192411 -0.627832 -0.561718 -1.271647 -1.120085 -1.042187 -0.800758 -0.883295 -1.126612 -0.823125
0.966546 -0.312945 -0.840652 -0.640401 -0.094662 0.299421 0.408845 0.303921 0.162234 -0.005808 -0.143946 0.099927 0.517229 0.432248 0.206767 -0.107814 -0.328909 -0.405119 -0.229944 -0.376770 -0.181864 0.155190 0.150746 -0.050208 -0.225684 -0.333831 -0.111152 -0.317129 0.018310 0.087595 0.073788 0.099082 0.098686 -0.024504 -0.068360 -0.085016 0.071309 0.228317 0.159636 0.126220 0.201074 0.202934 0.209385 0.417100 0.465685 0.517626 0.626959 0.475522 0.359264 0.351483 0.222302 0.067700 0.206275 -0.068508 -0.683552 -0.860435 -1.082280 -0.738608 -0.772162 -1.199302 -1.073135
0.626787 0.016570 -0.312650 -0.215133 0.204811 0.576695 0.293027 -0.027570 -0.203146 -0.300900 -0.471414 -0.369179 0.074354 0.157485 0.020551 -0.083532 -0.180094 -0.049111 0.219165 -0.097876 0.182353 0.311706 0.054439 -0.128081 -0.199280 -0.331295 -0.031770 -0.218472 -0.032023 0.030513 0.096847 0.060753 0.000511 -0.198620 -0.151545 -0.174941 -0.109928 0.069169 0.103280 0.066064 0.256502 0.215231 0.154075 0.182777 0.428315 0.750929 0.786561 0.707784 0.644977 0.821832 1.292077 1.301101 1.232664 0.996554 0.881759 0.370447 -0.523347 -0.412646 -0.152960 -0.298113 0.082134
