MFC+VTK/函数库及接口制作/重磁三维基本处理/张双喜的程序/经验模态分解_2D/三峡gra_ε=0.001_BIMF_A5.grd
DSAA
196 196
305000.000000 695000.000000
3265000.000000 3655000.000000
-139.38863 -18.05582
[rows 24 to 47 of 196, columns 56 to 111 of 196]
-94.784049 -94.297944 -93.809226 -93.317897 -92.823960 -92.327422 -91.828291 -91.326578 -90.822296 -90.315460 -89.806089 -89.294202 -88.779823 -88.262976 -87.743689 -87.221991 -86.697916 -86.171497 -85.642773 -85.111783 -84.578570 -84.043180 -83.505660 -82.966061 -82.424438 -81.880845 -81.335342 -80.787992 -80.238859 -79.688011 -79.135520 -78.581458 -78.025902 -77.468932 -76.910631 -76.351084 -75.790379 -75.228607 -74.665862 -74.102239 -73.537836 -72.972754 -72.407095 -71.840962 -71.274461 -70.707697 -70.140775 -69.573803 -69.006884 -68.440123 -67.873621 -67.307479 -66.741792 -66.176654 -65.612152 -65.048371
-95.161923 -94.676267 -94.188070 -93.697332 -93.204056 -92.708245 -92.209907 -91.709050 -91.205687 -90.699831 -90.191497 -89.680706 -89.167477 -88.651835 -88.133805 -87.613415 -87.090696 -86.565682 -86.038408 -85.508912 -84.977237 -84.443425 -83.907522 -83.369579 -82.829646 -82.287779 -81.744034 -81.198472 -80.651156 -80.102152 -79.551529 -78.999358 -78.445714 -77.890673 -77.334317 -76.776727 -76.217989 -75.658191 -75.097423 -74.535777 -73.973347 -73.410230 -72.846523 -72.282324 -71.717735 -71.152853 -70.587780 -70.022615 -69.457456 -68.892399 -68.327540 -67.762969 -67.198777 -66.635048 -66.071861 -65.509295
-95.539281 -95.054071 -94.566393 -94.076243 -93.583623 -93.088534 -92.590982 -92.090975 -91.588521 -91.083634 -90.576329 -90.066621 -89.554530 -89.040079 -88.523291 -88.004193 -87.482814 -86.959185 -86.433342 -85.905321 -85.375160 -84.842903 -84.308593 -83.772279 -83.234009 -82.693837 -82.151818 -81.608011 -81.062477 -80.515279 -79.966484 -79.416161 -78.864383 -78.311224 -77.756761 -77.201075 -76.644246 -76.086361 -75.527505 -74.967768 -74.407238 -73.846009 -73.284173 -72.721824 -72.159056 -71.595963 -71.032640 -70.469178 -69.905671 -69.342208 -68.778875 -68.215759 -67.652941 -67.090498 -66.528503 -65.967028
-95.916073 -95.431310 -94.944148 -94.454582 -93.962613 -93.468240 -92.971467 -92.472301 -91.970749 -91.466821 -90.960531 -90.451895 -89.940929 -89.427653 -88.912092 -88.394268 -87.874211 -87.351950 -86.827516 -86.300947 -85.772278 -85.241550 -84.708806 -84.174092 -83.637455 -83.098947 -82.558621 -82.016533 -81.472742 -80.927310 -80.380300 -79.831781 -79.281820 -78.730492 -78.177868 -77.624028 -77.069049 -76.513013 -75.956002 -75.398102 -74.839398 -74.279977 -73.719929 -73.159341 -72.598302 -72.036902 -71.475227 -70.913366 -70.351402 -69.789420 -69.227501 -68.665722 -68.104159 -67.542882 -66.981959 -66.421454
-96.292250 -95.807932 -95.321283 -94.832299 -94.340975 -93.847312 -93.351312 -92.852978 -92.352317 -91.849338 -91.344052 -90.836473 -90.326617 -89.814503 -89.300150 -88.783584 -88.264828 -87.743913 -87.220867 -86.695725 -86.168523 -85.639298 -85.108092 -84.574948 -84.039912 -83.503034 -82.964364 -82.423957 -81.881869 -81.338160 -80.792891 -80.246126 -79.697934 -79.148381 -78.597541 -78.045487 -77.492294 -76.938040 -76.382804 -75.826667 -75.269710 -74.712017 -74.153670 -73.594753 -73.035350 -72.475544 -71.915417 -71.355051 -70.794523 -70.233912 -69.673292 -69.112735 -68.552310 -67.992082 -67.432113 -66.872461
-96.667759 -96.183885 -95.697748 -95.209340 -94.718658 -94.225698 -93.730462 -93.232951 -92.733171 -92.231129 -91.726834 -91.220299 -90.711538 -90.200567 -89.687406 -89.172077 -88.654603 -88.135011 -87.613329 -87.089590 -86.563827 -86.036077 -85.506378 -84.974772 -84.441304 -83.906019 -83.368967 -82.830201 -82.289773 -81.747742 -81.204166 -80.659106 -80.112628 -79.564796 -79.015680 -78.465350 -77.913877 -77.361336 -76.807802 -76.253351 -75.698061 -75.142011 -74.585278 -74.027941 -73.470078 -72.911768 -72.353087 -71.794110 -71.234910 -70.675560 -70.116127 -69.556678 -68.997277 -68.437983 -67.878854 -67.319943
-97.042545 -96.559114 -96.073486 -95.585651 -95.095604 -94.603341 -94.108861 -93.612165 -93.113255 -92.612137 -92.108820 -91.603314 -91.095631 -90.585786 -90.073797 -89.559685 -89.043470 -88.525177 -88.004835 -87.482472 -86.958119 -86.431813 -85.903589 -85.373488 -84.841550 -84.307822 -83.772348 -83.235180 -82.696368 -82.155967 -81.614033 -81.070626 -80.525806 -79.979637 -79.432183 -78.883511 -78.333691 -77.782791 -77.230884 -76.678041 -76.124336 -75.569842 -75.014634 -74.458784 -73.902366 -73.345452 -72.788114 -72.230422 -71.672443 -71.114244 -70.555888 -69.997436 -69.438947 -68.880476 -68.322075 -67.763795
-97.416550 -96.933561 -96.448439 -95.961174 -95.471758 -94.980185 -94.486452 -93.990559 -93.492508 -92.992302 -92.489948 -91.985455 -91.478833 -90.970095 -90.459259 -89.946341 -89.431361 -88.914344 -88.395313 -87.874297 -87.351326 -86.826432 -86.299649 -85.771016 -85.240572 -84.708358 -84.174421 -83.638806 -83.101562 -82.562742 -82.022399 -81.480589 -80.937370 -80.392802 -79.846946 -79.299866 -78.751627 -78.202295 -77.651937 -77.100622 -76.548418 -75.995394 -75.441619 -74.887162 -74.332092 -73.776476 -73.220379 -72.663867 -72.107003 -71.549847 -70.992459 -70.434895 -69.877209 -69.319452 -68.761673 -68.203917
-97.789713 -97.307166 -96.822549 -96.335849 -95.847058 -95.356167 -94.863174 -94.368074 -93.870870 -93.371562 -92.870156 -92.366659 -91.861079 -91.353429 -90.843723 -90.331976 -89.818208 -89.302439 -88.784692 -88.264993 -87.743371 -87.219854 -86.694477 -86.167275 -85.638283 -85.107544 -84.575097 -84.040989 -83.505264 -82.967973 -82.429166 -81.888896 -81.347218 -80.804187 -80.259864 -79.714306 -79.167577 -78.619737 -78.070850 -77.520980 -76.970191 -76.418548 -75.866116 -75.312958 -74.759139 -74.204720 -73.649763 -73.094328 -72.538474 -71.982256 -71.425729 -70.868946 -70.311956 -69.754807 -69.197544 -68.640211
-98.161972 -97.679867 -97.195753 -96.709614 -96.221442 -95.731227 -95.238963 -94.744646 -94.248276 -93.749852 -93.249378 -92.746859 -92.242303 -91.735719 -91.227120 -90.716521 -90.203937 -89.689388 -89.172895 -88.654482 -88.134174 -87.612001 -87.087992 -86.562179 -86.034600 -85.505289 -84.974288 -84.441637 -83.907380 -83.371564 -82.834236 -82.295447 -81.755246 -81.213689 -80.670829 -80.126723 -79.581429 -79.035004 -78.487507 -77.938999 -77.389540 -76.839189 -76.288007 -75.736054 -75.183388 -74.630068 -74.076150 -73.521689 -72.966741 -72.411357 -71.855587 -71.299481 -70.743083 -70.186440 -69.629592 -69.072581
-98.533262 -98.051599 -97.567985 -97.082405 -96.594846 -96.105298 -95.613754 -95.120209 -94.624660 -94.127105 -93.627546 -93.125987 -92.622434 -92.116894 -91.609379 -91.099900 -90.588473 -90.075115 -89.559845 -89.042684 -88.523656 -88.002788 -87.480107 -86.955644 -86.429432 -85.901504 -85.371899 -84.840655 -84.307813 -83.773416 -83.237509 -82.700138 -82.161352 -81.621201 -81.079735 -80.537008 -79.993072 -79.447983 -78.901795 -78.354565 -77.806347 -77.257199 -76.707175 -76.156332 -75.604723 -75.052403 -74.499424 -73.945837 -73.391694 -72.837041 -72.281926 -71.726394 -71.170488 -70.614250 -70.057720 -69.500935
-98.903515 -98.422295 -97.939180 -97.454154 -96.967202 -96.478314 -95.987481 -95.494695 -94.999953 -94.503251 -94.004590 -93.503971 -93.001400 -92.496881 -91.990424 -91.482040 -90.971741 -90.459543 -89.945462 -89.429518 -88.911734 -88.392131 -87.870738 -87.347580 -86.822689 -86.296097 -85.767838 -85.237948 -84.706465 -84.173429 -83.638881 -83.102866 -82.565428 -82.026614 -81.486471 -80.945048 -80.402394 -79.858561 -79.313600 -78.767562 -78.220499 -77.672462 -77.123505 -76.573677 -76.023029 -75.471612 -74.919473 -74.366661 -73.813221 -73.259199 -72.704639 -72.149583 -71.594070 -71.038141 -70.481832 -69.925181
-99.272662 -98.791886 -98.309268 -97.824792 -97.338442 -96.850205 -96.360072 -95.868034 -95.374084 -94.878220 -94.380438 -93.880739 -93.379127 -92.875605 -92.370180 -91.862862 -91.353660 -90.842589 -90.329664 -89.814901 -89.298320 -88.779943 -88.259793 -87.737896 -87.214279 -86.688972 -86.162007 -85.633415 -85.103234 -84.571499 -84.038250 -83.503525 -82.967368 -82.429820 -81.890927 -81.350732 -80.809282 -80.266624 -79.722806 -79.177874 -78.631877 -78.084863 -77.536879 -76.987973 -76.438192 -75.887580 -75.336184 -74.784048 -74.231215 -73.677727 -73.123624 -72.568945 -72.013730 -71.458016 -70.901837 -70.345228
-99.640631 -99.160299 -98.678177 -98.194247 -97.708493 -97.220900 -96.731456 -96.240153 -95.746981 -95.251937 -94.755015 -94.256216 -93.755539 -93.252988 -92.748568 -92.242286 -91.734150 -91.224172 -90.712366 -90.198745 -89.683328 -89.166134 -88.647183 -88.126499 -87.604107 -87.080033 -86.554307 -86.026958 -85.498020 -84.967525 -84.435508 -83.902008 -83.367062 -82.830709 -82.292991 -81.753948 -81.213622 -80.672058 -80.129299 -79.585387 -79.040369 -78.494286 -77.947185 -77.399107 -76.850097 -76.300197 -75.749448 -75.197892 -74.645569 -74.092517 -73.538776 -72.984382 -72.429372 -71.873780 -71.317641 -70.760988
-100.007346 -99.527460 -99.045834 -98.562447 -98.077282 -97.590324 -97.101560 -96.610977 -96.118569 -95.624326 -95.128245 -94.630322 -94.130557 -93.628951 -93.125507 -92.620229 -92.113126 -91.604207 -91.093482 -90.580964 -90.066668 -89.550612 -89.032814 -88.513295 -87.992076 -87.469182 -86.944639 -86.418474 -85.890717 -85.361399 -84.830550 -84.298206 -83.764401 -83.229170 -82.692551 -82.154582 -81.615301 -81.074748 -80.532963 -79.989986 -79.445857 -78.900617 -78.354306 -77.806965 -77.258633 -76.709350 -76.159154 -75.608083 -75.056176 -74.503468 -73.949996 -73.395795 -72.840899 -72.285341 -71.729156 -71.172374
-100.372733 -99.893295 -99.412162 -98.929314 -98.444733 -97.958401 -97.470305 -96.980431 -96.488769 -95.995310 -95.500049 -95.002980 -94.504101 -94.003412 -93.500913 -92.996609 -92.490504 -91.982606 -91.472923 -90.961466 -90.448249 -89.933285 -89.416591 -88.898185 -88.378087 -87.856317 -87.332900 -86.807860 -86.281222 -85.753015 -85.223267 -84.692009 -84.159273 -83.625090 -83.089494 -82.552520 -82.014203 -81.474579 -80.933683 -80.391554 -79.848227 -79.303740 -78.758130 -78.211434 -77.663688 -77.114929 -76.565194 -76.014516 -75.462932 -74.910477 -74.357183 -73.803085 -73.248215 -72.692606 -72.136290 -71.579298
-100.736712 -100.257723 -99.777083 -99.294772 -98.810768 -98.325054 -97.837614 -97.348434 -96.857503 -96.364809 -95.870346 -95.374107 -94.876088 -94.376287 -93.874703 -93.371338 -92.866195 -92.359280 -91.850599 -91.340161 -90.827976 -90.314057 -89.798417 -89.281073 -88.762040 -88.241338 -87.718987 -87.195009 -86.669427 -86.142265 -85.613549 -85.083307 -84.551566 -84.018355 -83.483706 -82.947648 -82.410213 -81.871434 -81.331345 -80.789977 -80.247365 -79.703542 -79.158543 -78.612402 -78.065151 -77.516826 -76.967459 -76.417084 -75.865734 -75.313441 -74.760238 -74.206156 -73.651228 -73.095484 -72.538956 -71.981674
-101.099202 -100.620664 -100.140518 -99.658739 -99.175307 -98.690202 -98.203407 -97.714907 -97.224689 -96.732741 -96.239054 -95.743620 -95.246433 -94.747491 -94.246789 -93.744329 -93.240111 -92.734139 -92.226418 -91.716954 -91.205755 -90.692831 -90.178194 -89.661857 -89.143833 -88.624140 -88.102795 -87.579816 -87.055223 -86.529039 -86.001286 -85.471987 -84.941167 -84.408853 -83.875071 -83.339850 -82.803216 -82.265200 -81.725831 -81.185139 -80.643154 -80.099908 -79.555432 -79.009755 -78.462911 -77.914930 -77.365843 -76.815682 -76.264477 -75.712260 -75.159061 -74.604912 -74.049842 -73.493882 -72.937063 -72.379415
-101.460120 -100.982037 -100.502383 -100.021134 -99.538267 -99.053762 -98.567600 -98.079766 -97.590243 -97.099021 -96.606087 -96.111433 -95.615051 -95.116936 -94.617084 -94.115492 -93.612161 -93.107091 -92.600286 -92.091749 -91.581488 -91.069509 -90.555821 -90.040435 -89.523363 -89.004619 -88.484216 -87.962172 -87.438502 -86.913227 -86.386364 -85.857936 -85.327963 -84.796468 -84.263476 -83.729010 -83.193095 -82.655759 -82.117026 -81.576924 -81.035481 -80.492724 -79.948682 -79.403384 -78.856858 -78.309133 -77.760239 -77.210204 -76.659059 -76.106833 -75.553555 -74.999255 -74.443964 -73.887710 -73.330524 -72.772436
-101.819381 -101.341757 -100.862596 -100.381873 -99.899565 -99.415650 -98.930110 -98.442926 -97.954082 -97.463564 -96.971360 -96.477459 -95.981853 -95.484533 -94.985495 -94.484735 -93.982251 -93.478041 -92.972107 -92.464451 -91.955076 -91.443989 -90.931196 -90.416705 -89.900525 -89.382667 -88.863144 -88.341968 -87.819153 -87.294715 -86.768672 -86.241040 -85.711837 -85.181085 -84.648803 -84.115012 -83.579735 -83.042994 -82.504813 -81.965217 -81.424229 -80.881875 -80.338182 -79.793174 -79.246880 -78.699325 -78.150538 -77.600546 -77.049377 -76.497059 -75.943621 -75.389092 -74.833500 -74.276877 -73.719250 -73.160651
-102.176900 -101.699736 -101.221068 -100.740869 -100.259114 -99.775782 -99.290850 -98.804301 -98.316117 -97.826282 -97.334784 -96.841609 -96.346748 -95.850191 -95.351932 -94.851965 -94.350286 -93.846893 -93.341783 -92.834959 -92.326420 -91.816172 -91.304217 -90.790561 -90.275212 -89.758178 -89.239468 -88.719093 -88.197063 -87.673393 -87.148094 -86.621183 -86.092675 -85.562587 -85.030935 -84.497738 -83.963016 -83.426789 -82.889076 -82.349900 -81.809283 -81.267247 -80.723817 -80.179015 -79.632868 -79.085399 -78.536635 -77.986602 -77.435327 -76.882837 -76.329160 -75.774324 -75.218358 -74.661291 -74.103152 -73.543973
-102.532586 -102.055888 -101.577713 -101.098035 -100.616827 -100.134067 -99.649732 -99.163803 -98.676260 -98.187087 -97.696269 -97.203792 -96.709646 -96.213818 -95.716302 -95.217088 -94.716172 -94.213550 -93.709218 -93.203174 -92.695419 -92.185952 -91.674778 -91.161898 -90.647318 -90.131043 -89.613079 -89.093436 -88.572121 -88.049144 -87.524517 -86.998251 -86.470360 -85.940856 -85.409754 -84.877071 -84.342822 -83.807025 -83.269697 -82.730858 -82.190527 -81.648725 -81.105473 -80.560794 -80.014709 -79.467244 -78.918421 -78.368267 -77.816806 -77.264066 -76.710074 -76.154856 -75.598442 -75.040861 -74.482142 -73.922316
-102.886350 -102.410121 -101.932441 -101.453281 -100.972615 -100.490418 -100.006667 -99.521341 -99.034420 -98.545886 -98.055723 -97.563917 -97.070453 -96.575320 -96.078507 -95.580007 -95.079811 -94.577913 -94.074309 -93.568994 -93.061968 -92.553228 -92.042774 -91.530608 -91.016732 -90.501150 -89.983865 -89.464883 -88.944211 -88.421855 -87.897823 -87.372126 -86.844773 -86.315774 -85.785143 -85.252891 -84.719033 -84.183584 -83.646557 -83.107972 -82.567844 -82.026192 -81.483036 -80.938396 -80.392294 -79.844750 -79.295789 -78.745435 -78.193712 -77.640645 -77.086263 -76.530592 -75.973660 -75.415496 -74.856130 -74.295593
-103.238099 -102.762344 -102.285159 -101.806515 -101.326384 -100.844741 -100.361562 -99.876823 -99.390505 -98.902588 -98.413054 -97.921888 -97.429074 -96.934600 -96.438453 -95.940624 -95.441103 -94.939882 -94.436956 -93.932318 -93.425964 -92.917891 -92.408098 -91.896583 -91.383347 -90.868389 -90.351714 -89.833322 -89.313219 -88.791408 -88.267897 -87.742690 -87.215796 -86.687223 -86.156981 -85.625080 -85.091531 -84.556346 -84.019539 -83.481124 -82.941116 -82.399533 -81.856391 -81.311710 -80.765508 -80.217808 -79.668630 -79.117999 -78.565938 -78.012472 -77.457628 -76.901433 -76.343914 -75.785102 -75.225026 -74.663716
