MFC+VTK/函数库及接口制作/重磁三维基本处理/张双喜的程序/经验模态分解_2D/三峡gra_ε=0.001_BIMF_A1.grd
DSAA
196 196
305000.000000 695000.000000
3265000.000000 3655000.000000
-152.78225 -15.19222
[rows 25 to 49 of 196, columns 0 to 54 of 196]
-117.479682 -117.371376 -117.289479 -117.251107 -117.267337 -117.355405 -117.535171 -117.855157 -118.509245 -119.276949 -120.092891 -120.939509 -121.825059 -122.775531 -123.819882 -124.966055 -126.175266 -127.352688 -128.376213 -129.166232 -129.723553 -130.132434 -130.494348 -130.734717 -130.779701 -130.619010 -130.292090 -129.878372 -129.456156 -129.075238 -128.747579 -128.454877 -128.155423 -127.790222 -127.292231 -126.605654 -125.713428 -124.657254 -123.544909 -122.497452 -121.561843 -120.785873 -120.217524 -119.900447 -119.877588 -120.166000 -120.655568 -121.221598 -121.760124 -122.189183 -122.446331 -122.487586 -122.279339 -121.788679 -120.955057
-117.099449 -116.873501 -116.678296 -116.532916 -116.454485 -116.463932 -116.594384 -116.902249 -117.444918 -118.142267 -118.923362 -119.754090 -120.626766 -121.550107 -122.540169 -123.607041 -124.739324 -125.896458 -127.011339 -128.010598 -128.844212 -129.541117 -130.323943 -130.902627 -131.137877 -130.986985 -130.559271 -130.000240 -129.418977 -128.851351 -128.314675 -127.802056 -127.284240 -126.718358 -126.061153 -125.284576 -124.386975 -123.399276 -122.423141 -121.564591 -120.766364 -120.073060 -119.532403 -119.187191 -119.101818 -119.438486 -119.993635 -120.636745 -121.272515 -121.825695 -122.233744 -122.441517 -122.396603 -122.048467 -121.355003
-116.638570 -116.343644 -116.077645 -115.865246 -115.731212 -115.703065 -115.813449 -116.092999 -116.547548 -117.154775 -117.871768 -118.659267 -119.488539 -120.341014 -121.212253 -122.117851 -123.089746 -124.171567 -125.373631 -126.620855 -127.791647 -128.927177 -130.009813 -130.847335 -131.254971 -131.052562 -130.526978 -129.862959 -129.187637 -128.475854 -127.760770 -127.046382 -126.321922 -125.569872 -124.774550 -123.931406 -123.054952 -122.184721 -121.374546 -120.594755 -119.904210 -119.318221 -118.862018 -118.575013 -118.526847 -118.852469 -119.428763 -120.107315 -120.797519 -121.427275 -121.931141 -122.246813 -122.316348 -122.093652 -121.558815
-116.117542 -115.788219 -115.483949 -115.234954 -115.072565 -115.025739 -115.117522 -115.359510 -115.749423 -116.279427 -116.927208 -117.657740 -118.428629 -119.194525 -119.919726 -120.609358 -121.330526 -122.217621 -123.411499 -124.912562 -126.401947 -127.960601 -129.372385 -130.340152 -130.842389 -130.635605 -130.129217 -129.477737 -128.748747 -127.951111 -127.101022 -126.215236 -125.307738 -124.390718 -123.476775 -122.581780 -121.727500 -120.938521 -120.225799 -119.578767 -119.021309 -118.568669 -118.240584 -118.073088 -118.122717 -118.435039 -118.968492 -119.629750 -120.330823 -120.996045 -121.556313 -121.946817 -122.111262 -122.011464 -121.637315
-115.565697 -115.217893 -114.893535 -114.626143 -114.448467 -114.386896 -114.456569 -114.662034 -115.003428 -115.477522 -116.068254 -116.742045 -117.451162 -118.136875 -118.729839 -119.180745 -119.598968 -120.159627 -121.119868 -122.710311 -124.570008 -126.485964 -128.224640 -129.147770 -129.629020 -129.658104 -129.357605 -128.833214 -128.140032 -127.308653 -126.365352 -125.342750 -124.279123 -123.215716 -122.193120 -121.246315 -120.400458 -119.669112 -119.054022 -118.550996 -118.153669 -117.857538 -117.672079 -117.625283 -117.752929 -118.070061 -118.562561 -119.181979 -119.861457 -120.530992 -121.122688 -121.573020 -121.827851 -121.850639 -121.629421
-115.003205 -114.638170 -114.301624 -114.025288 -113.834753 -113.752926 -113.794428 -113.966374 -114.276928 -114.723072 -115.280842 -115.907679 -116.550608 -117.153476 -117.647864 -117.863900 -118.025918 -118.263039 -118.812930 -120.515665 -122.487809 -124.428846 -126.103929 -127.258862 -127.963624 -128.296959 -128.290687 -127.976743 -127.391892 -126.579448 -125.586449 -124.464853 -123.273104 -122.076411 -120.942980 -119.932813 -119.083290 -118.406462 -117.901878 -117.554455 -117.332806 -117.201663 -117.139986 -117.186436 -117.368111 -117.693170 -118.155365 -118.729614 -119.371882 -120.026806 -120.635186 -121.138803 -121.484540 -121.630152 -121.551905
-114.426794 -114.044473 -113.704202 -113.425231 -113.218502 -113.100812 -113.099353 -113.241702 -113.550118 -114.007612 -114.565061 -115.161138 -115.732051 -116.209702 -116.520392 -116.624970 -116.660196 -116.819838 -117.396443 -118.682231 -120.367879 -122.119555 -123.715194 -125.046054 -126.062091 -126.745963 -127.057596 -126.980188 -126.539048 -125.788118 -124.791348 -123.614504 -122.327361 -121.009959 -119.755577 -118.660665 -117.797281 -117.186467 -116.814207 -116.630293 -116.576257 -116.599368 -116.619991 -116.732119 -116.948056 -117.274332 -117.709709 -118.241407 -118.842457 -119.473810 -120.089336 -120.639946 -121.075179 -121.344277 -121.402624
-113.804701 -113.438230 -113.103389 -112.821497 -112.595079 -112.415047 -112.338547 -112.468365 -112.824146 -113.341266 -113.931415 -114.512091 -115.012845 -115.372385 -115.541941 -115.525317 -115.442073 -115.519601 -116.002802 -116.980701 -118.357077 -119.907745 -121.439209 -122.873203 -124.187235 -125.198792 -125.782636 -125.908862 -125.612498 -124.954361 -124.000595 -122.817905 -121.476572 -120.061720 -118.682759 -117.474584 -116.576226 -116.059658 -115.852154 -115.823545 -115.887328 -115.989274 -116.099346 -116.256848 -116.486955 -116.802350 -117.207352 -117.697438 -118.257381 -118.861341 -119.475562 -120.061363 -120.575108 -120.963414 -121.158858
-113.209424 -112.853153 -112.509610 -112.203759 -111.949453 -111.679735 -111.484532 -111.665957 -112.132297 -112.746358 -113.392878 -113.974518 -114.415940 -114.673809 -114.731114 -114.569301 -114.213036 -114.052234 -114.365944 -115.206276 -116.490495 -118.029746 -119.598048 -121.071469 -122.624605 -123.825849 -124.548002 -124.799440 -124.633235 -124.096064 -123.230726 -122.090990 -120.742177 -119.273884 -117.800769 -116.470298 -115.488973 -115.112754 -115.085124 -115.173500 -115.296234 -115.432464 -115.582848 -115.760911 -115.986773 -116.277568 -116.644242 -117.089868 -117.607930 -118.181700 -118.785661 -119.388266 -119.953520 -120.436408 -120.765624
-112.707798 -112.333263 -111.952090 -111.573299 -111.200358 -110.833345 -110.592972 -110.938337 -111.531546 -112.239406 -112.950364 -113.553240 -113.951769 -114.093681 -113.990759 -113.653452 -112.797064 -112.263517 -112.405056 -113.282116 -114.772536 -116.606659 -118.458009 -120.132031 -121.602469 -122.702210 -123.370952 -123.662809 -123.616930 -123.230545 -122.494703 -121.434849 -120.121334 -118.663146 -117.181717 -115.810593 -114.749077 -114.489916 -114.538858 -114.687181 -114.808994 -114.941572 -115.089426 -115.257086 -115.457834 -115.709171 -116.027032 -116.421467 -116.893299 -117.432112 -118.016384 -118.615616 -119.193646 -119.711242 -120.118607
-112.327221 -111.910347 -111.471165 -111.012208 -110.564448 -110.211174 -110.113353 -110.434850 -111.056931 -111.819007 -112.582793 -113.221069 -113.604440 -113.613257 -113.180504 -112.309049 -111.129000 -110.226168 -110.174168 -111.237507 -113.244725 -115.657535 -117.986868 -119.828419 -121.044691 -121.767369 -122.224054 -122.516246 -122.583132 -122.364152 -121.793940 -120.826292 -119.586143 -118.213399 -116.838678 -115.608790 -114.711563 -114.311371 -114.239642 -114.310820 -114.410107 -114.516368 -114.631410 -114.761141 -114.916653 -115.114219 -115.371963 -115.705220 -116.121469 -116.615833 -117.168928 -117.747393 -118.305006 -118.784863 -119.117208
-112.042800 -111.600531 -111.112719 -110.605971 -110.137738 -109.810133 -109.763614 -110.100134 -110.721857 -111.483379 -112.254170 -112.906829 -113.294004 -113.215125 -112.455118 -111.167751 -109.633367 -108.304713 -107.909911 -109.249231 -112.005404 -115.069511 -117.984098 -120.075019 -120.768323 -120.846407 -121.094844 -121.418945 -121.557574 -121.468836 -121.084944 -120.203492 -119.096257 -117.896418 -116.718970 -115.684774 -114.902210 -114.411824 -114.178396 -114.108272 -114.116831 -114.156600 -114.212378 -114.284621 -114.381306 -114.515661 -114.704504 -114.965347 -115.311528 -115.745098 -116.250151 -116.790655 -117.307679 -117.709161 -117.944610
-111.816845 -111.395099 -110.894202 -110.387757 -109.938566 -109.624236 -109.544290 -109.920684 -110.517424 -111.219674 -111.930676 -112.529592 -112.887885 -112.811990 -111.842133 -110.405516 -108.746888 -107.172784 -106.284882 -107.860893 -111.103697 -114.644956 -117.982368 -120.517031 -120.494508 -119.890501 -120.133171 -120.429844 -120.570799 -120.497385 -120.153086 -119.489647 -118.620622 -117.667789 -116.728888 -115.881884 -115.179740 -114.642961 -114.275277 -114.049732 -113.923486 -113.857917 -113.830728 -113.833893 -113.868018 -113.939235 -114.057974 -114.238427 -114.497075 -114.846115 -115.279771 -115.763139 -116.234603 -116.574442 -116.767697
-111.630587 -111.239996 -110.802221 -110.346070 -109.946921 -109.686010 -109.655702 -109.930568 -110.419857 -111.011917 -111.598439 -112.061652 -112.268008 -112.044504 -111.242505 -110.025899 -108.630902 -107.431867 -107.089213 -108.407755 -111.139433 -114.402929 -117.414152 -119.443307 -119.941208 -119.731096 -119.655326 -119.688169 -119.679245 -119.537197 -119.223074 -118.746557 -118.146362 -117.477233 -116.787210 -116.111294 -115.478641 -114.914907 -114.441416 -114.068239 -113.792120 -113.600309 -113.477331 -113.410076 -113.389424 -113.409991 -113.469862 -113.572333 -113.729660 -113.965219 -114.300412 -114.715710 -115.140927 -115.478329 -115.684156
-111.532036 -111.200659 -110.834183 -110.454611 -110.120872 -109.905549 -109.872140 -110.042689 -110.387312 -110.826204 -111.251292 -111.540333 -111.582506 -111.308826 -110.739642 -109.970671 -109.151609 -108.507415 -108.575036 -109.688861 -111.846409 -114.459088 -116.867459 -118.552971 -119.373926 -119.537628 -119.394650 -119.176357 -118.937216 -118.667414 -118.357808 -118.027793 -117.684642 -117.294244 -116.837719 -116.316632 -115.750174 -115.168473 -114.603822 -114.092619 -113.668455 -113.349500 -113.134423 -113.008769 -112.953853 -112.949212 -112.975374 -113.019218 -113.078807 -113.177872 -113.381407 -113.757335 -114.174358 -114.519594 -114.742759
-111.537314 -111.266536 -110.979962 -110.681227 -110.407364 -110.210738 -110.133216 -110.190857 -110.374595 -110.638100 -110.898840 -111.042415 -110.955142 -110.688589 -110.344627 -110.043466 -109.889139 -109.680490 -110.047353 -111.136517 -112.861191 -114.874800 -116.749684 -118.172719 -119.039053 -119.347609 -119.209134 -118.817826 -118.346606 -117.918541 -117.591158 -117.370893 -117.253334 -117.101360 -116.830039 -116.445029 -115.949935 -115.355720 -114.702837 -114.061189 -113.500943 -113.068841 -112.780251 -112.621832 -112.566169 -112.572976 -112.600747 -112.620121 -112.616007 -112.600469 -112.642749 -113.024536 -113.428624 -113.756212 -113.969035
-111.532522 -111.369976 -111.192510 -110.980108 -110.762424 -110.570921 -110.430466 -110.358805 -110.364779 -110.437339 -110.539272 -110.602835 -110.420349 -110.192060 -110.014556 -109.972658 -110.111632 -110.434712 -111.148032 -112.334080 -113.891195 -115.570539 -117.091373 -118.280247 -119.039711 -119.317765 -119.133667 -118.600276 -117.908638 -117.292546 -116.969118 -116.854780 -116.855077 -116.860670 -116.696169 -116.432676 -116.031354 -115.424604 -114.681610 -113.927683 -113.257537 -112.734810 -112.397295 -112.242898 -112.230251 -112.291008 -112.361035 -112.390416 -112.371490 -112.346478 -112.403650 -112.635411 -112.934863 -113.201266 -113.373844
-111.452019 -111.423891 -111.391381 -111.290110 -111.152575 -110.981252 -110.780552 -110.567532 -110.377136 -110.245526 -110.170053 -110.091286 -109.962252 -109.809170 -109.722708 -109.791803 -110.099371 -110.736748 -111.752522 -113.124691 -114.724927 -116.352238 -117.714800 -118.749479 -119.367192 -119.521371 -119.224411 -118.561263 -117.690073 -116.842484 -116.548537 -116.448416 -116.440327 -116.443672 -116.370164 -116.208407 -115.918370 -115.293635 -114.483028 -113.669257 -112.937567 -112.352594 -111.982111 -111.878472 -111.951191 -112.100890 -112.257019 -112.318319 -112.318309 -112.316920 -112.367611 -112.489656 -112.663675 -112.837593 -112.954077
-111.221569 -111.346288 -111.469552 -111.548275 -111.550940 -111.444005 -111.209036 -110.857930 -110.457098 -110.114803 -109.928580 -109.798692 -109.668634 -109.541615 -109.481915 -109.576496 -109.929741 -110.676903 -111.920423 -113.498668 -115.226757 -116.918547 -118.366239 -119.408887 -119.941531 -119.938105 -119.459339 -118.695597 -117.774346 -116.922110 -116.397136 -116.135655 -116.025587 -115.971743 -115.896020 -115.729815 -115.398139 -114.825192 -114.080571 -113.294143 -112.566209 -111.967262 -111.570530 -111.562031 -111.729875 -111.985990 -112.247220 -112.342172 -112.383462 -112.408683 -112.437434 -112.480810 -112.545699 -112.615251 -112.652448
-110.791395 -111.115172 -111.432423 -111.721669 -111.928707 -111.948807 -111.723599 -111.269669 -110.688912 -110.154087 -109.939795 -109.756458 -109.562824 -109.392828 -109.311022 -109.393911 -109.722869 -110.416080 -111.817662 -113.518993 -115.351887 -117.176436 -118.817914 -120.044421 -120.623803 -120.475090 -119.743225 -118.924594 -117.946492 -117.026865 -116.324611 -115.879158 -115.635046 -115.489369 -115.346370 -115.120874 -114.748926 -114.211673 -113.545185 -112.831184 -112.165503 -111.639305 -111.341221 -111.335950 -111.538362 -111.845625 -112.155387 -112.373899 -112.500425 -112.552836 -112.554579 -112.535103 -112.516831 -112.503711 -112.482337
-110.213817 -110.750178 -111.273833 -111.779378 -112.241962 -112.454949 -112.277405 -111.800569 -111.167553 -110.669565 -110.285416 -109.936271 -109.607084 -109.343561 -109.211456 -109.280356 -109.631693 -110.379256 -111.633409 -113.249908 -115.077174 -116.986025 -118.828401 -120.363146 -121.188282 -120.909823 -120.043734 -119.070514 -117.959825 -116.974201 -116.188973 -115.624694 -115.275809 -115.031538 -114.800232 -114.506377 -114.103590 -113.585206 -112.977378 -112.339028 -111.754757 -111.316422 -111.097343 -111.118782 -111.343796 -111.690445 -112.067558 -112.400447 -112.620667 -112.688953 -112.664711 -112.602505 -112.533139 -112.469893 -112.412377
-109.547680 -110.285900 -111.020336 -111.741022 -112.400426 -112.846767 -112.738312 -112.377589 -111.886149 -111.358943 -110.798827 -110.234631 -109.733057 -109.362613 -109.179774 -109.235330 -109.583216 -110.271764 -111.316402 -112.727380 -114.414293 -116.264609 -118.156535 -119.920936 -121.183328 -120.668353 -119.708412 -118.664968 -117.626709 -116.701043 -115.943120 -115.365473 -114.947839 -114.622647 -114.315405 -113.966013 -113.540068 -113.032270 -112.463552 -111.880989 -111.355813 -110.970244 -110.791884 -110.846788 -111.112836 -111.522498 -111.976756 -112.390161 -112.690077 -112.750604 -112.720525 -112.651453 -112.568047 -112.485778 -112.412394
-108.864534 -109.749629 -110.630996 -111.486996 -112.248120 -112.776421 -112.922306 -112.779587 -112.460985 -111.977563 -111.249630 -110.487288 -109.852339 -109.414947 -109.200686 -109.225979 -109.507861 -110.053549 -110.822708 -111.964978 -113.393800 -115.022574 -116.721971 -118.265674 -119.247354 -119.212200 -118.595636 -117.774062 -116.946705 -116.199095 -115.566059 -115.050723 -114.631965 -114.270964 -113.920559 -113.539748 -113.103483 -112.606574 -112.064425 -111.513130 -111.009042 -110.624463 -110.436039 -110.501222 -110.821379 -111.327342 -111.869768 -112.282201 -112.555874 -112.676204 -112.698476 -112.667911 -112.608652 -112.534027 -112.462221
-108.239713 -109.174842 -110.102438 -111.001948 -111.819014 -112.464974 -112.826355 -112.812015 -112.600445 -112.254791 -111.369558 -110.528178 -109.888564 -109.471213 -109.255752 -109.225055 -109.368954 -109.689733 -110.209053 -110.998401 -112.055506 -113.317651 -114.649716 -115.846116 -116.662467 -116.973818 -116.836560 -116.445180 -115.971629 -115.502680 -115.069596 -114.676978 -114.315934 -113.970365 -113.618667 -113.238447 -112.812722 -112.335685 -111.816560 -111.280526 -110.769439 -110.344316 -110.089175 -110.108752 -110.476808 -111.076966 -111.720568 -112.068987 -112.326761 -112.501337 -112.601971 -112.647033 -112.649771 -112.607243 -112.553467
-107.752280 -108.612920 -109.479163 -110.338960 -111.158728 -111.890083 -112.428511 -112.381991 -112.103661 -111.630203 -110.938643 -110.282880 -109.809951 -109.511214 -109.325922 -109.215130 -109.177369 -109.244416 -109.460001 -109.863389 -110.481954 -111.304559 -112.244783 -113.159504 -113.912000 -114.444687 -114.739516 -114.839400 -114.804007 -114.677819 -114.489783 -114.258472 -113.995833 -113.708571 -113.396740 -113.053123 -112.666076 -112.226475 -111.736263 -111.212306 -110.687648 -110.214235 -109.866746 -109.766579 -110.166681 -110.760472 -111.345445 -111.748758 -112.041571 -112.271655 -112.455491 -112.594788 -112.681358 -112.707949 -112.690698
