MFC+VTK/函数库及接口制作/重磁三维基本处理/张双喜的程序/经验模态分解_2D/三峡gra_ε=0.001_BIMF_D3.grd
DSAA
196 196
305000.000000 695000.000000
3265000.000000 3655000.000000
-12.59084 12.68441
[rows 135 to 161 of 196, columns 61 to 121 of 196]
-6.435087 -6.584456 -6.580560 -6.418069 -6.103856 -5.656702 -5.104113 -4.479324 -3.820028 -3.167829 -2.563247 -2.031702 -1.577317 -1.173422 -0.789791 -0.400414 0.016493 0.477549 0.991316 1.554870 2.152554 2.758352 3.341390 3.873005 4.334693 4.718207 5.015083 5.212571 5.275394 5.274303 5.249008 5.221368 5.201804 5.191331 5.181205 5.151490 5.070342 4.899221 4.612214 4.214623 3.743675 3.251596 2.785077 2.378463 2.053575 1.823253 1.694844 1.667081 1.728742 1.862103 2.048565 2.278985 2.505681 2.690417 2.779629 2.792859 2.735597 2.620135 2.469151 2.314090 2.190800
-6.469723 -6.657791 -6.669526 -6.502885 -6.175549 -5.714977 -5.150836 -4.513388 -3.835641 -3.158677 -2.538468 -2.033401 -1.631516 -1.282050 -0.959463 -0.646186 -0.325298 0.020062 0.403170 0.829087 1.292459 1.779505 2.273584 2.760569 3.230382 3.671645 4.065340 4.386277 4.615816 4.769793 4.870878 4.937141 4.980327 5.005172 5.007591 4.973641 4.883061 4.718208 4.472345 4.150082 3.768494 3.359235 2.960727 2.611037 2.344933 2.186525 2.132387 2.168452 2.278440 2.445225 2.651042 2.874926 3.080495 3.228802 3.287066 3.253618 3.135677 2.955867 2.745537 2.543620 2.395573
-6.469717 -6.699729 -6.714804 -6.528634 -6.180875 -5.708117 -5.140576 -4.505473 -3.830894 -3.150035 -2.516222 -2.068626 -1.704270 -1.391731 -1.118254 -0.875846 -0.654838 -0.440476 -0.213711 0.043404 0.342297 0.687079 1.078587 1.516037 1.993700 2.494654 2.990163 3.446639 3.837827 4.149751 4.383180 4.546934 4.652080 4.708379 4.721217 4.689044 4.605076 4.465045 4.266809 4.011248 3.706419 3.371885 3.037726 2.740582 2.522956 2.435855 2.449268 2.540736 2.693297 2.891031 3.115026 3.339920 3.534502 3.665609 3.705630 3.639599 3.476412 3.251991 3.005651 2.776433 2.609690
-6.405900 -6.687581 -6.684259 -6.472082 -6.110645 -5.637823 -5.081358 -4.467088 -3.824141 -3.190819 -2.621017 -2.169260 -1.807599 -1.509695 -1.265802 -1.075699 -0.941334 -0.857504 -0.803354 -0.744436 -0.644294 -0.470422 -0.196991 0.191038 0.687485 1.264060 1.876813 2.476809 3.021435 3.480061 3.838089 4.094666 4.257917 4.341568 4.362892 4.338437 4.275859 4.174897 4.028414 3.832155 3.590317 3.317867 3.041052 2.795169 2.622708 2.592136 2.651454 2.778063 2.957108 3.174223 3.411278 3.643314 3.839945 3.970514 4.006070 3.914381 3.718622 3.478162 3.233061 3.015630 2.858750
-6.228250 -6.555234 -6.529842 -6.313053 -5.962043 -5.508791 -4.980340 -4.404633 -3.813609 -3.244096 -2.731829 -2.295632 -1.934849 -1.638413 -1.403417 -1.237137 -1.158290 -1.183360 -1.303259 -1.469382 -1.610399 -1.642873 -1.501594 -1.151604 -0.613615 0.061544 0.805214 1.547657 2.231904 2.818557 3.285534 3.625571 3.843059 3.952296 3.978657 3.960042 3.932764 3.879903 3.782794 3.635329 3.442545 3.218942 2.989817 2.794366 2.680833 2.668712 2.739409 2.873527 3.056655 3.275959 3.516399 3.756411 3.963510 4.100552 4.135274 4.014519 3.819728 3.604313 3.405026 3.250258 3.171785
-5.905121 -6.188237 -6.220052 -6.053097 -5.742388 -5.327622 -4.841389 -4.315334 -3.781935 -3.272299 -2.810109 -2.406464 -2.062770 -1.770837 -1.530240 -1.358700 -1.294863 -1.383974 -1.652942 -2.062426 -2.492430 -2.769359 -2.762443 -2.426959 -1.819291 -1.026224 -0.151033 0.718075 1.518464 2.209332 2.766467 3.179275 3.449184 3.588839 3.623453 3.599992 3.620018 3.609317 3.547136 3.432520 3.274180 3.087815 2.895947 2.731759 2.657181 2.649531 2.705856 2.819728 2.982482 3.184223 3.412426 3.650779 3.870180 4.016040 4.019285 3.910201 3.756464 3.608118 3.498240 3.450923 3.487048
-5.508325 -5.758862 -5.827187 -5.718963 -5.463929 -5.100018 -4.664377 -4.191531 -3.712845 -3.254776 -2.836790 -2.470884 -2.159957 -1.889730 -1.633976 -1.441163 -1.365777 -1.464798 -1.814638 -2.466668 -3.208567 -3.758713 -3.851095 -3.519970 -2.821411 -1.911490 -0.931100 0.029386 0.913030 1.681656 2.310185 2.785502 3.106892 3.286952 3.353803 3.357656 3.383599 3.379835 3.327477 3.226024 3.085497 2.923296 2.762320 2.629683 2.549696 2.519338 2.538531 2.607690 2.727344 2.893525 3.092309 3.302649 3.520054 3.698194 3.675128 3.599646 3.522223 3.475618 3.486007 3.571959 3.742425
-5.107469 -5.335501 -5.421062 -5.352723 -5.146023 -4.832623 -4.448343 -4.026929 -3.597495 -3.183450 -2.802506 -2.467611 -2.187244 -1.959705 -1.681403 -1.478700 -1.404094 -1.497534 -1.831236 -2.678810 -3.634170 -4.433720 -4.537996 -4.285185 -3.495357 -2.521565 -1.499731 -0.498923 0.430928 1.251182 1.933960 2.462760 2.834213 3.060631 3.171639 3.210483 3.216021 3.188357 3.120185 3.011148 2.869948 2.713531 2.563067 2.435311 2.336587 2.266358 2.227409 2.229669 2.286619 2.402163 2.561794 2.713739 2.887714 3.028871 3.082439 3.098706 3.127367 3.201832 3.344850 3.569676 3.876804
-4.762569 -4.970248 -5.047410 -4.988254 -4.808814 -4.534702 -4.195490 -3.820143 -3.434029 -3.057721 -2.706981 -2.392541 -2.117415 -1.870679 -1.633289 -1.462983 -1.423448 -1.578923 -2.009316 -2.764859 -3.628985 -4.316893 -4.571778 -4.477152 -3.731679 -2.834286 -1.855108 -0.866120 0.074380 0.921597 1.642669 2.216240 2.633657 2.901783 3.044018 3.093210 3.076889 3.013397 2.911111 2.775820 2.615488 2.442456 2.275117 2.123153 1.993116 1.878325 1.762349 1.682415 1.665647 1.715555 1.810065 1.927607 2.063353 2.196911 2.319165 2.440946 2.588846 2.789383 3.060909 3.412714 3.842929
-4.583402 -4.703779 -4.724994 -4.643318 -4.468286 -4.217595 -3.912648 -3.575499 -3.226284 -2.881749 -2.554411 -2.251752 -1.975979 -1.728435 -1.524260 -1.398240 -1.405206 -1.604312 -2.031487 -2.648328 -3.328627 -3.891095 -4.188897 -4.125834 -3.638065 -2.894338 -2.014553 -1.082762 -0.165150 0.685212 1.428061 2.035449 2.490424 2.788694 2.942382 2.979332 2.933213 2.826521 2.677042 2.499729 2.305843 2.098420 1.885832 1.674577 1.491223 1.335834 1.129651 0.972260 0.888177 0.876385 0.923062 1.014162 1.137088 1.286096 1.463853 1.676212 1.934273 2.250388 2.633085 3.087410 3.612791
-4.468176 -4.501771 -4.450737 -4.326096 -4.136463 -3.893247 -3.610245 -3.302115 -2.982910 -2.664728 -2.356708 -2.065263 -1.796557 -1.561975 -1.382997 -1.288142 -1.315066 -1.498724 -1.847158 -2.320966 -2.840720 -3.298868 -3.581514 -3.588827 -3.297941 -2.744562 -2.009069 -1.172907 -0.308133 0.522836 1.269175 1.894377 2.373176 2.690198 2.843499 2.851523 2.761973 2.601884 2.392589 2.158186 1.918687 1.678488 1.385696 1.084190 0.812597 0.565817 0.325722 0.129152 0.003541 -0.044636 -0.022287 0.058873 0.187761 0.360260 0.579287 0.854422 1.199428 1.606030 2.071435 2.596790 3.181764
-4.372974 -4.326288 -4.208296 -4.036611 -3.821665 -3.572951 -3.300629 -3.012498 -2.716790 -2.420881 -2.131064 -1.853952 -1.598978 -1.380657 -1.218134 -1.132035 -1.141959 -1.261508 -1.493547 -1.829598 -2.238431 -2.632122 -2.909432 -2.991144 -2.843579 -2.463648 -1.887527 -1.173727 -0.387854 0.402965 1.134052 1.754359 2.234161 2.559407 2.718309 2.703636 2.544853 2.316480 2.036052 1.734724 1.426362 1.102934 0.745132 0.373097 0.017755 -0.303360 -0.577964 -0.791431 -0.926125 -0.976572 -0.950502 -0.859640 -0.714197 -0.519948 -0.276997 0.024244 0.423910 0.880974 1.391633 1.954607 2.565757
-4.265861 -4.153555 -3.983736 -3.772089 -3.529824 -3.267140 -2.996747 -2.721116 -2.443758 -2.167161 -1.894919 -1.633473 -1.392981 -1.186798 -1.029167 -0.931967 -0.901722 -0.939464 -1.047889 -1.249181 -1.601269 -1.968698 -2.255488 -2.399225 -2.362577 -2.129217 -1.708191 -1.132026 -0.449189 0.279778 0.979495 1.566833 2.012198 2.329048 2.508494 2.499532 2.269246 1.944528 1.589821 1.228498 0.857496 0.464409 0.043622 -0.393868 -0.819761 -1.198302 -1.500528 -1.713046 -1.825300 -1.843677 -1.786740 -1.669723 -1.505392 -1.300544 -1.051639 -0.743620 -0.358159 0.095947 0.610830 1.180026 1.792863
-4.127379 -3.973463 -3.770298 -3.530702 -3.266196 -2.988612 -2.711118 -2.443286 -2.180739 -1.920197 -1.662892 -1.414399 -1.183673 -0.981232 -0.816621 -0.695983 -0.620929 -0.590736 -0.610177 -0.711365 -1.022055 -1.364424 -1.656978 -1.848923 -1.903270 -1.796551 -1.522231 -1.093094 -0.539459 0.093817 0.740990 1.267562 1.643843 1.927290 2.119035 2.158019 1.841865 1.446630 1.053577 0.660556 0.251993 -0.183883 -0.650136 -1.138484 -1.621159 -2.047949 -2.364107 -2.547089 -2.605262 -2.566213 -2.457669 -2.304157 -2.128102 -1.937231 -1.721835 -1.460889 -1.134303 -0.730840 -0.250971 0.297017 0.901295
-3.955580 -3.784315 -3.565695 -3.311636 -3.033532 -2.743310 -2.455218 -2.195353 -1.943553 -1.693767 -1.445894 -1.204098 -0.975282 -0.767152 -0.586378 -0.437617 -0.324495 -0.253979 -0.244651 -0.333553 -0.554132 -0.841558 -1.126117 -1.355089 -1.488613 -1.497457 -1.364878 -1.090140 -0.691148 -0.206627 0.300485 0.749252 1.088003 1.324419 1.466673 1.438098 1.191424 0.824461 0.453434 0.061288 -0.357032 -0.805352 -1.284746 -1.789982 -2.300851 -2.765673 -3.088001 -3.188012 -3.165108 -3.067775 -2.892422 -2.701694 -2.534937 -2.397237 -2.268044 -2.112164 -1.892972 -1.582584 -1.169561 -0.657829 -0.064531
-3.755389 -3.587054 -3.368937 -3.113765 -2.833239 -2.540776 -2.254466 -1.992566 -1.743505 -1.497306 -1.251453 -1.008381 -0.773004 -0.551153 -0.348855 -0.172739 -0.031833 0.059490 0.080091 0.009390 -0.154521 -0.391652 -0.661317 -0.919050 -1.124636 -1.244415 -1.253830 -1.141838 -0.915850 -0.604512 -0.254431 0.082297 0.359913 0.552905 0.645939 0.610919 0.441427 0.163103 -0.171066 -0.542719 -0.945167 -1.374759 -1.828299 -2.300037 -2.777785 -3.232650 -3.560592 -3.511045 -3.403797 -3.275157 -3.022236 -2.815781 -2.695948 -2.659104 -2.669788 -2.673193 -2.610906 -2.434661 -2.117184 -1.654117 -1.058334
-3.536625 -3.384485 -3.179552 -2.935434 -2.664405 -2.378709 -2.093212 -1.836073 -1.585942 -1.335992 -1.084356 -0.832251 -0.583071 -0.341846 -0.115499 0.086126 0.249257 0.356811 0.391853 0.344320 0.214876 0.010735 -0.248136 -0.531504 -0.804873 -1.033903 -1.188144 -1.246040 -1.200950 -1.064796 -0.865440 -0.639373 -0.427084 -0.269948 -0.198147 -0.197443 -0.303038 -0.509275 -0.792379 -1.126110 -1.490754 -1.873165 -2.263863 -2.651796 -3.015675 -3.313426 -3.491047 -3.442336 -3.272364 -3.048917 -2.801649 -2.634124 -2.606816 -2.716021 -2.908018 -3.110988 -3.248397 -3.247091 -3.052870 -2.645320 -2.030849
-3.319448 -3.184094 -2.998100 -2.773263 -2.521448 -2.254636 -1.985637 -1.725420 -1.468757 -1.210044 -0.946911 -0.679803 -0.411512 -0.147245 0.104646 0.331789 0.517748 0.644563 0.699776 0.676194 0.571463 0.387259 0.132125 -0.176590 -0.513760 -0.848887 -1.148420 -1.379365 -1.515866 -1.546951 -1.480556 -1.342069 -1.169829 -1.014068 -0.915904 -0.892974 -0.964232 -1.129879 -1.371297 -1.660488 -1.971678 -2.284192 -2.580941 -2.845111 -3.053380 -3.176946 -3.190035 -3.075143 -2.851126 -2.572131 -2.315792 -2.188213 -2.295059 -2.580523 -2.967293 -3.382411 -3.744748 -3.956971 -3.918412 -3.569374 -2.916592
-3.119998 -2.994336 -2.826473 -2.623908 -2.396165 -2.152793 -1.901484 -1.645637 -1.384879 -1.116601 -0.839252 -0.553489 -0.262469 0.027558 0.306468 0.560371 0.772468 0.922447 1.002267 1.003422 0.919892 0.749309 0.493903 0.161703 -0.231839 -0.663440 -1.100339 -1.499871 -1.814077 -2.001822 -2.043797 -1.951218 -1.776357 -1.593801 -1.464064 -1.422511 -1.482540 -1.638373 -1.862082 -2.110890 -2.362159 -2.593030 -2.779278 -2.900622 -2.941687 -2.894049 -2.756948 -2.540017 -2.258525 -1.953970 -1.692877 -1.573724 -1.838204 -2.283242 -2.836882 -3.440946 -4.020307 -4.467616 -4.628784 -4.333070 -3.617196
-2.945141 -2.821354 -2.666494 -2.483906 -2.279520 -2.059258 -1.826700 -1.582123 -1.324010 -1.049985 -0.759165 -0.453347 -0.136936 0.181497 0.488910 0.769524 1.006739 1.184906 1.292897 1.320385 1.257944 1.099468 0.843861 0.494015 0.057294 -0.451077 -1.002447 -1.550728 -2.030155 -2.362802 -2.486227 -2.380355 -2.163810 -1.946980 -1.798036 -1.751648 -1.817161 -1.983805 -2.216778 -2.437244 -2.632840 -2.784587 -2.865128 -2.844443 -2.728357 -2.527297 -2.254829 -1.932209 -1.589520 -1.275134 -1.061561 -1.047802 -1.335285 -1.850457 -2.514234 -3.256275 -3.998760 -4.641366 -5.032530 -4.771079 -4.000771
-2.793230 -2.666119 -2.517960 -2.349774 -2.164335 -1.964402 -1.750999 -1.522519 -1.274789 -1.002304 -0.701940 -0.376327 -0.032032 0.317263 0.653829 0.960408 1.222215 1.426841 1.562755 1.617806 1.578809 1.434516 1.181239 0.823151 0.360568 -0.195222 -0.818586 -1.468281 -2.076847 -2.532764 -2.697852 -2.520697 -2.263409 -2.036590 -1.895192 -1.865158 -1.949444 -2.130072 -2.367289 -2.599703 -2.755724 -2.839833 -2.839835 -2.695742 -2.453482 -2.128861 -1.741079 -1.320743 -0.914043 -0.584371 -0.407276 -0.452771 -0.754209 -1.294671 -2.013741 -2.830309 -3.650526 -4.357219 -4.770728 -4.576538 -3.958894
-2.658755 -2.525129 -2.378084 -2.218032 -2.045781 -1.861894 -1.665893 -1.455318 -1.224365 -0.962991 -0.660255 -0.315209 0.059597 0.440292 0.803902 1.133232 1.416028 1.642359 1.802024 1.883095 1.870657 1.747252 1.500804 1.144057 0.671486 0.103272 -0.532277 -1.201033 -1.851414 -2.372211 -2.429983 -2.271698 -2.048587 -1.859117 -1.758230 -1.767931 -1.884765 -2.085110 -2.329590 -2.565040 -2.711196 -2.742401 -2.668901 -2.469082 -2.154023 -1.743222 -1.264275 -0.756350 -0.277895 0.096064 0.286967 0.237612 -0.068418 -0.619650 -1.357270 -2.187457 -2.997267 -3.655084 -4.011719 -3.956272 -3.550252
-2.534805 -2.392386 -2.242326 -2.085214 -1.920759 -1.748036 -1.565462 -1.370349 -1.157505 -0.915727 -0.622850 -0.255661 0.149352 0.555540 0.939334 1.285831 1.584434 1.826185 2.001920 2.101721 2.114107 2.022606 1.801185 1.440706 0.969204 0.427939 -0.153265 -0.741542 -1.277781 -1.654880 -1.758163 -1.684324 -1.548426 -1.440056 -1.412838 -1.485786 -1.650281 -1.878493 -2.129858 -2.354070 -2.496313 -2.523712 -2.429206 -2.209147 -1.863539 -1.403461 -0.857408 -0.272558 0.285284 0.738383 1.001495 0.999313 0.705153 0.150149 -0.579429 -1.375458 -2.123127 -2.709729 -3.046112 -3.097400 -2.883726
-2.413737 -2.261172 -2.105753 -1.948099 -1.787212 -1.621117 -1.447123 -1.261674 -1.059879 -0.834193 -0.564974 -0.172028 0.247735 0.662191 1.055390 1.413716 1.723958 1.974768 2.156649 2.261697 2.284394 2.220692 2.053396 1.671363 1.224752 0.756495 0.291259 -0.141998 -0.502102 -0.743880 -0.853668 -0.862305 -0.835534 -0.837840 -0.910162 -1.064707 -1.288899 -1.553585 -1.821368 -2.051093 -2.203411 -2.247051 -2.164937 -1.952202 -1.607496 -1.131078 -0.534196 0.113686 0.745383 1.293437 1.675854 1.780407 1.502234 0.955256 0.266048 -0.460716 -1.129827 -1.657628 -1.992108 -2.122038 -2.063435
-2.288001 -2.125755 -1.964310 -1.804105 -1.643735 -1.480530 -1.310802 -1.129373 -0.928114 -0.693120 -0.402170 -0.038493 0.352170 0.750757 1.143028 1.510758 1.831330 2.085319 2.261973 2.356029 2.366314 2.284725 2.095670 1.781069 1.420600 1.063609 0.747853 0.497423 0.321892 0.209051 0.130597 0.065148 -0.018476 -0.145512 -0.328983 -0.569892 -0.856261 -1.163494 -1.461904 -1.718466 -1.899009 -1.972294 -1.916620 -1.723444 -1.393935 -0.928900 -0.289725 0.397368 1.079798 1.702144 2.200964 2.471156 2.203410 1.714356 1.118740 0.492466 -0.095531 -0.580983 -0.912899 -1.102830 -1.169642
-2.152431 -1.982704 -1.815559 -1.651627 -1.489640 -1.326535 -1.157758 -0.976173 -0.770943 -0.527786 -0.233975 0.105973 0.443908 0.809415 1.192805 1.568964 1.901429 2.153451 2.311274 2.376252 2.357811 2.251866 2.066720 1.822094 1.557479 1.319660 1.150865 1.072541 1.071985 1.096680 1.076630 0.967565 0.770636 0.515145 0.227144 -0.083119 -0.416248 -0.765094 -1.107438 -1.410473 -1.635435 -1.747103 -1.721271 -1.546463 -1.219907 -0.741539 -0.121358 0.573742 1.280461 1.935655 2.460378 2.743036 2.676617 2.368029 1.927689 1.431342 0.933244 0.478787 0.155566 -0.088667 -0.262757
-2.003774 -1.830692 -1.658902 -1.490332 -1.325253 -1.160879 -0.992201 -0.810579 -0.605412 -0.368019 -0.097412 0.195720 0.499378 0.830330 1.199668 1.577152 1.920465 2.169285 2.293840 2.320829 2.273883 2.164429 2.007506 1.826094 1.647710 1.508697 1.449155 1.500962 1.642050 1.804848 1.876229 1.708534 1.387478 1.010334 0.641678 0.301216 -0.037834 -0.418592 -0.815085 -1.178469 -1.455474 -1.605980 -1.606189 -1.445212 -1.121880 -0.645638 -0.043322 0.640905 1.347325 2.006787 2.541851 2.880197 2.991675 2.895694 2.648913 2.307825 1.923255 1.542803 1.184661 0.876323 0.609540
