MFC+VTK/函数库及接口制作/重磁三维基本处理/张双喜的程序/经验模态分解_2D/三峡gra_ε=0.001局部异常（BIMF1～BIMF3）.grd
DSAA
196 196
305000.000000 695000.000000
3265000.000000 3655000.000000
-23.83080 26.89736
[rows 0 to 26 of 196, columns 122 to 182 of 196]
0.217016 -0.301826 -1.057800 -1.564428 -0.962116 0.328254 2.066099 4.595380 7.360816 9.006940 8.352900 6.590513 5.359439 4.571657 3.882255 3.371960 3.618572 5.477168 6.951316 7.089756 6.707514 6.315464 6.035061 5.929468 5.361837 4.499951 3.744401 3.073625 2.558480 2.233740 2.083974 2.071985 2.152376 2.564302 3.307443 4.163248 4.768189 4.510886 3.133886 1.238324 -0.665580 -2.409618 -3.999306 -5.327070 -6.112283 -6.550979 -7.657386 -9.355392 -10.901657 -12.398730 -14.007617 -15.595542 -17.114172 -18.257337 -18.824410 -18.406149 -17.388482 -15.973702 -14.330094 -12.700611 -11.317904
-0.110519 -0.332355 -0.876484 -1.237068 -0.881849 -0.061067 1.501241 4.452693 8.088774 10.446334 9.132759 6.466575 5.104955 4.400302 3.766081 3.214346 3.414421 6.302246 7.994614 7.586012 6.810035 6.162510 5.749155 5.532024 5.042991 4.293305 3.527346 2.816963 2.295316 2.081349 1.999126 1.875102 1.787638 2.109860 3.036810 4.251379 5.254096 5.045701 3.172709 0.553533 -1.681892 -3.597024 -5.463606 -6.917124 -7.627398 -7.683671 -8.666564 -10.254795 -11.488906 -12.760912 -14.437946 -16.055549 -17.536026 -18.717741 -19.306147 -18.745636 -17.572220 -15.977465 -14.069838 -12.185516 -10.720634
-0.773163 -0.477472 -0.655195 -0.780326 -0.516058 0.043173 1.353180 3.918543 7.101389 9.089487 8.106382 6.008227 4.842772 4.323206 3.980914 3.831367 4.715535 6.819471 8.008724 7.587069 6.625284 5.709399 5.063672 4.632626 4.231206 3.845004 3.195852 2.543557 2.055351 2.076124 2.096828 1.817026 1.413828 1.488463 2.398468 3.704674 5.018080 5.100956 2.616420 -1.101512 -3.817894 -5.756351 -7.600410 -9.112341 -10.090352 -10.592832 -11.263028 -12.056222 -12.705835 -13.614802 -15.044466 -16.476786 -17.748271 -18.773578 -19.208711 -18.668057 -17.486900 -15.844211 -13.771646 -11.680659 -10.103478
-2.238310 -1.321899 -0.996639 -0.622641 -0.161791 0.326819 1.307949 2.954537 4.868571 5.973613 5.592757 4.723316 4.281823 4.267936 4.523630 5.060182 6.125575 7.421862 7.923871 7.449673 6.295416 5.028530 4.173419 3.510551 2.990381 2.794934 2.599798 2.456344 2.427153 2.595657 2.587575 2.096137 1.252758 0.903492 1.503790 2.413998 3.396791 3.211767 0.369972 -3.909583 -6.852234 -8.555549 -10.164656 -11.660719 -12.985203 -14.108197 -14.424091 -14.260571 -14.283202 -14.760127 -15.682365 -16.759178 -17.802854 -18.677844 -18.997722 -18.458931 -17.250369 -15.613843 -13.542351 -11.440607 -9.808766
-4.812284 -3.839637 -2.261328 -0.813252 0.028240 0.208361 0.666778 1.459664 2.399753 2.881536 2.879232 3.009484 3.418962 4.091194 5.069080 6.296051 7.375420 8.266383 8.486785 7.743496 6.221371 4.398121 3.461738 2.460801 1.419076 1.049547 1.740779 2.590007 3.328616 3.613972 3.559901 2.994492 1.845909 0.869780 0.572960 0.488175 0.665948 -0.090175 -2.919351 -6.747531 -9.367066 -10.919556 -12.508754 -14.069561 -15.484624 -16.664381 -16.657499 -15.905782 -15.439833 -15.521143 -16.019357 -16.704140 -17.466373 -18.300970 -18.756358 -18.010540 -16.695233 -15.117288 -13.268610 -11.374718 -9.667066
-6.913474 -5.998591 -3.729539 -1.678250 -0.634687 -0.594191 -0.620630 -0.367772 0.203153 0.546993 0.744688 1.382914 2.426216 3.691434 5.214594 6.885887 8.054662 8.938040 9.228693 8.396368 6.932650 5.046925 3.588292 1.911795 0.235942 -0.240298 1.207240 2.829900 4.114518 4.686205 4.870639 4.622058 3.677451 1.941916 -0.210715 -1.883836 -2.479702 -3.358830 -5.782587 -8.711300 -10.720244 -12.277632 -14.227306 -16.029324 -17.241559 -18.034131 -17.653243 -16.582371 -15.792811 -15.617580 -15.893942 -16.125837 -16.446749 -17.149845 -17.784038 -16.879491 -15.724042 -14.425977 -12.764469 -11.011267 -9.332058
-7.410206 -6.617263 -4.718276 -2.943333 -1.960668 -1.791989 -1.925223 -1.863538 -1.432506 -1.093707 -0.887544 -0.023018 1.443899 3.059500 4.798613 6.533369 7.801416 8.785073 9.236396 8.773306 8.052826 6.746939 4.466308 2.098092 0.109672 -0.126223 1.572609 3.306788 4.627504 5.611879 6.260507 6.503406 5.938432 3.385652 -1.011287 -4.363554 -5.618920 -6.306955 -7.885202 -10.063685 -11.555675 -12.985437 -15.359915 -17.329291 -18.136134 -18.242187 -17.501557 -16.240139 -15.179849 -14.782014 -15.085675 -14.726275 -14.478923 -14.867788 -15.341649 -14.969383 -14.469541 -13.611096 -11.936924 -10.269470 -8.661936
-6.920547 -6.395293 -5.248038 -4.040823 -3.239921 -2.920324 -2.870175 -2.765460 -2.452320 -2.140239 -1.905054 -0.942720 0.637521 2.315451 4.012026 5.585041 6.882351 7.857711 8.372618 8.421182 8.349894 7.556434 5.134836 2.874288 1.164493 1.269466 2.884439 4.317648 5.426486 6.591303 7.515166 8.021349 7.312023 3.689855 -2.146515 -6.612494 -8.181050 -8.451988 -9.080449 -10.343900 -11.746696 -13.474625 -15.821544 -17.530652 -18.028648 -17.721667 -16.556069 -15.031792 -13.558510 -12.649842 -12.547681 -11.931153 -11.495605 -11.684771 -12.268969 -13.116807 -14.153115 -12.618192 -10.551676 -9.094754 -7.705391
-6.358532 -6.201701 -5.579740 -4.795064 -4.169527 -3.801278 -3.578717 -3.370219 -3.068150 -2.682652 -2.171418 -1.270976 0.058433 1.593070 3.132570 4.589915 5.810295 6.743525 7.292380 7.500567 7.401730 6.642343 5.193533 3.885888 3.186378 3.636827 4.892812 5.842421 6.637285 7.623927 8.418171 8.856437 7.892688 3.341548 -3.619349 -8.807863 -10.173076 -9.772563 -9.470852 -10.075476 -11.481886 -13.393919 -15.525628 -16.699387 -16.917284 -16.106946 -14.779562 -13.146684 -11.127929 -9.386223 -8.601743 -8.074690 -7.881011 -8.235110 -9.003225 -10.373362 -11.457440 -9.843781 -8.122998 -7.211837 -6.282245
-5.919450 -6.078542 -5.821357 -5.329975 -4.818047 -4.423868 -4.099022 -3.808734 -3.471512 -3.003128 -2.374229 -1.541340 -0.420846 0.925084 2.303252 3.633604 4.775684 5.656089 6.168347 6.402943 6.225493 5.606006 4.897820 4.718737 5.105155 5.972589 7.114621 7.448442 7.766205 8.461962 8.824905 8.551332 6.777875 2.012303 -4.563659 -9.530912 -11.086929 -10.598016 -9.747647 -9.770526 -10.969241 -12.737631 -14.540728 -15.111276 -14.466236 -13.295312 -12.044111 -10.523090 -8.286272 -6.080941 -5.135074 -4.714209 -4.658141 -5.002228 -5.504690 -6.324300 -6.477686 -5.259540 -4.800668 -4.635402 -4.393590
-5.686992 -6.067791 -6.036373 -5.706680 -5.223815 -4.781606 -4.416292 -4.090537 -3.750595 -3.282547 -2.649626 -1.857436 -0.858759 0.324048 1.574986 2.776903 3.866487 4.726405 5.259490 5.471545 5.238800 4.576820 4.185099 5.076456 6.696673 7.738580 8.329329 8.066561 8.297407 8.966497 8.844443 7.548729 4.918341 0.325968 -5.421468 -9.886014 -11.642474 -11.373102 -10.153978 -9.552278 -10.307318 -11.542967 -12.772660 -12.574879 -11.134629 -9.660429 -8.691922 -7.640618 -5.515012 -3.133785 -2.713483 -2.750541 -2.569751 -2.405480 -2.153994 -2.505911 -2.337509 -1.873262 -1.972419 -2.165910 -2.761258
-5.657926 -6.196743 -6.291510 -6.005188 -5.485624 -4.963375 -4.539228 -4.179004 -3.863326 -3.495504 -2.922982 -2.135497 -1.210404 -0.179704 0.933709 2.073108 3.128935 4.041814 4.648940 4.877944 4.658501 3.953741 3.446962 4.839959 6.337715 6.778825 6.472943 6.545353 7.867211 9.152384 8.683432 6.300898 3.350773 -1.052413 -6.626269 -10.874700 -12.524542 -12.445497 -11.348914 -10.362786 -10.042394 -9.963864 -9.888419 -8.958720 -7.336047 -6.038365 -5.374897 -4.781017 -3.076879 -1.212143 -1.484941 -1.978362 -1.708619 -1.126453 -0.444780 -0.594560 -0.587859 -0.599820 -0.910056 -1.344657 -2.400750
-5.777426 -6.486759 -6.614483 -6.247744 -5.615735 -4.944185 -4.374119 -3.974553 -3.739836 -3.537424 -3.033526 -2.197079 -1.351048 -0.533067 0.436748 1.528204 2.636699 3.610433 4.304801 4.651546 4.567958 4.128120 3.933038 4.465393 4.713455 4.366141 4.223241 4.498309 6.441586 7.996621 7.665668 4.913652 1.927649 -2.537273 -7.712314 -11.337030 -13.128269 -13.670070 -13.064412 -11.917289 -10.294842 -8.475085 -7.026340 -5.268938 -3.575842 -2.866918 -2.552573 -2.596671 -1.966976 -1.127086 -1.517184 -2.174577 -2.033485 -1.305761 -0.615684 -0.588598 -0.494888 -0.669322 -1.647966 -2.710373 -3.632210
-6.005946 -6.952649 -7.064449 -6.456796 -5.589459 -4.676204 -3.891773 -3.379843 -3.204845 -3.239159 -2.780213 -1.744492 -1.050754 -0.624160 0.126324 1.145887 2.301670 3.385982 4.250718 4.774306 4.866298 4.635579 4.419482 4.295380 3.736874 3.087618 2.738760 3.431113 5.185170 6.257465 5.824374 3.656930 0.560313 -4.332177 -8.766582 -11.481131 -13.271094 -14.856142 -14.804455 -13.606375 -10.984914 -7.696580 -5.161778 -2.734655 -0.992447 -0.886040 -1.250649 -2.016473 -2.293651 -2.040996 -2.079763 -2.689091 -2.806268 -2.082410 -1.449503 -1.085982 -0.708337 -1.044876 -2.930960 -4.874409 -5.547143
-6.332110 -7.600109 -7.571004 -6.510884 -5.287279 -4.093962 -3.036367 -2.308666 -1.935500 -1.718514 -1.043895 -0.065374 0.225928 0.013959 0.162120 0.920413 2.104988 3.342707 4.404898 5.146225 5.388567 5.148072 4.650667 4.004753 3.092809 2.205033 1.671718 2.920055 4.894032 5.451582 4.346023 2.421303 -0.965110 -6.524824 -9.979690 -11.585346 -13.407040 -15.501039 -15.732295 -14.229110 -10.925089 -7.155094 -4.255932 -1.729974 -0.141757 -0.352477 -1.599934 -3.110188 -3.466876 -2.734222 -2.283670 -2.793831 -3.084686 -2.478649 -1.830830 -1.150422 -0.824454 -1.541381 -3.857302 -6.193873 -7.037988
-6.478221 -8.089399 -7.842494 -6.144058 -4.706260 -3.292506 -1.950344 -0.897268 -0.003266 0.986745 2.130626 2.882426 2.572079 1.457660 0.555005 0.884317 2.102486 3.452680 4.695244 5.699756 6.095364 5.657473 4.730097 3.551666 2.141856 0.849161 0.505652 1.684430 3.936647 4.911740 3.243406 0.775196 -2.772453 -8.067847 -10.555011 -11.428261 -13.385934 -15.292710 -15.454004 -13.185520 -9.503458 -6.328755 -3.835598 -1.682087 -0.241107 -0.364476 -2.254130 -4.638708 -4.689502 -3.057545 -2.030505 -2.556216 -2.839614 -2.296618 -1.652223 -1.179351 -1.246422 -2.592864 -5.091819 -7.158236 -7.932163
-5.648972 -6.501990 -6.075889 -4.993702 -3.895577 -2.532850 -1.006743 0.470026 2.014036 3.758558 5.244175 5.870938 5.087909 3.194672 1.467298 1.341671 2.387148 3.638436 4.952173 6.291156 6.919624 6.135640 4.752407 3.175869 1.495234 0.160906 0.051165 0.310526 1.617818 2.753605 1.249637 -1.462661 -4.402310 -7.969779 -9.593867 -10.155939 -12.158275 -14.405199 -14.806363 -11.885658 -7.937456 -5.490242 -3.639930 -1.986013 -0.519746 -0.326975 -2.362914 -4.862610 -4.455932 -2.405020 -1.463665 -2.041510 -2.440650 -1.725237 -1.236665 -1.079413 -1.518400 -3.220883 -5.878849 -7.845148 -8.021560
-4.155840 -3.863483 -3.464585 -3.544298 -3.084149 -1.975020 -0.348187 1.550766 3.634754 5.825924 7.291975 7.634737 6.586357 4.523400 2.706370 2.225281 2.837722 3.655196 4.788537 6.396623 7.338696 6.250002 4.614018 2.904351 1.359584 0.589989 0.383604 0.093730 -0.165955 -0.440289 -1.614588 -3.774950 -5.609023 -7.730214 -8.873000 -8.754947 -10.481869 -13.451813 -14.968137 -12.139742 -7.298392 -4.731202 -3.558208 -2.766600 -1.982227 -1.436119 -2.302964 -2.919810 -2.214862 -0.560512 0.197883 -0.420096 -0.873973 -0.728128 -0.624949 -0.766056 -1.426913 -2.918972 -5.006099 -6.413633 -6.579509
-2.987217 -2.444670 -2.226458 -2.561419 -2.536432 -1.663926 0.115908 2.352768 4.718957 7.028876 8.250457 8.059584 6.921943 5.213176 3.642615 2.837317 2.895298 3.002830 3.745818 5.311434 6.455171 5.534024 4.189010 2.733221 1.252325 0.383361 0.311843 0.010530 -0.799956 -1.723257 -3.293518 -5.448934 -7.190339 -9.202169 -11.312221 -11.241913 -11.428866 -13.432718 -15.232892 -13.107292 -8.077856 -4.901001 -3.614902 -3.516160 -4.744278 -4.159224 -2.297202 -1.137413 0.047591 1.438337 2.076718 1.605790 0.973631 0.527856 0.249503 -0.148304 -0.928795 -1.930284 -2.986240 -3.805211 -3.908849
-2.176462 -1.762883 -1.616315 -1.871902 -2.217466 -1.581693 0.490516 2.988312 5.338082 7.313326 8.216709 7.985742 6.989749 5.536408 4.060417 2.859360 1.982330 1.351184 1.787675 3.131324 4.112318 4.097262 3.550434 2.730003 1.783674 1.041509 0.493651 -0.142511 -0.814146 -1.860992 -3.772466 -6.396328 -9.098429 -11.610292 -13.529134 -13.626257 -12.875379 -13.201870 -13.845835 -12.219101 -8.845437 -5.483002 -3.303917 -2.826588 -4.058966 -3.380839 -0.926119 0.870344 2.116032 3.156059 3.721558 3.517496 2.735754 1.889783 1.310885 0.991284 0.363027 -0.152793 -0.512924 -0.988734 -1.050698
-1.309565 -0.953927 -0.716731 -0.840387 -1.431656 -1.014440 1.234244 3.682298 5.695800 7.226630 7.937194 7.812017 7.038793 5.747931 4.283256 2.681745 1.006664 -0.656554 -0.389955 1.010193 2.066638 2.643334 2.888954 2.801255 2.376179 1.727065 0.901473 0.212384 -0.900623 -2.218955 -4.076177 -7.452239 -11.633955 -14.249749 -15.479739 -14.982280 -13.207884 -12.330134 -12.122215 -10.624640 -8.494362 -5.511825 -2.109232 -0.445878 -0.024521 0.587953 1.945304 3.253158 4.079626 4.666957 5.192686 5.282640 4.250535 3.394776 2.923803 2.656640 2.277352 2.047665 1.929892 1.480079 1.230993
-0.082306 0.163005 0.542555 0.761476 0.927080 1.419734 2.748091 4.470100 5.913893 7.043235 7.624084 7.684362 7.301582 6.229950 4.745552 2.689807 0.437449 -1.339419 -1.529959 -0.613622 0.375058 1.306222 2.238817 2.847657 2.716160 2.052770 1.145216 0.517249 -1.121855 -2.995196 -4.725149 -8.513595 -12.414183 -14.762582 -16.143899 -15.584923 -13.643293 -12.075388 -11.147595 -9.397535 -7.265086 -4.964794 -1.408253 1.598096 3.472585 4.201478 4.899417 5.701759 5.733529 5.634743 5.775485 5.737028 5.051284 4.671050 4.585494 4.347725 4.081799 3.821434 3.440526 2.859805 2.622847
1.582270 1.622313 1.961051 2.436259 3.133184 3.651826 4.152400 5.036211 5.930830 6.707179 7.146790 7.574991 7.953766 7.567468 5.759231 2.994066 0.129094 -1.940885 -2.394003 -1.841716 -0.952202 0.184409 1.561463 2.545832 2.652821 2.338217 1.598777 0.435526 -1.283994 -3.082191 -5.060419 -8.309929 -11.562245 -13.925262 -14.835193 -14.587117 -13.673743 -12.098929 -10.530924 -8.041760 -5.047932 -3.281919 -0.685622 2.505737 4.533513 5.647361 6.530931 7.167650 6.536667 5.778296 5.368196 5.104755 4.886913 5.025022 5.281212 5.117337 4.963114 4.883917 4.077848 2.946601 3.155764
2.838164 2.848687 3.207291 3.697096 4.220979 4.662264 4.987645 5.387867 5.809467 6.192102 6.547446 7.557105 8.825821 9.161920 7.023605 3.394533 -0.136957 -2.531832 -3.181204 -2.801776 -1.916324 -0.617978 0.918846 2.163517 2.788077 2.808829 2.003275 0.654967 -1.195721 -2.904606 -4.928659 -7.784663 -10.452800 -12.672643 -13.311164 -12.940046 -12.514594 -11.430877 -9.750524 -6.955435 -3.326153 -1.514039 -0.045768 2.280562 4.079000 5.533468 6.576607 7.014943 6.203259 5.113043 4.302157 3.849893 3.816738 4.153403 4.438258 4.383968 4.402233 4.519928 3.263928 1.682194 2.688628
3.338436 3.578371 4.027039 4.432258 4.698053 5.080180 5.410703 5.598197 5.669825 5.732308 6.335663 7.901735 9.731256 10.594421 8.121167 3.589549 -0.542253 -3.004945 -3.830534 -3.585856 -2.733639 -1.342963 0.354209 1.890931 2.888210 2.990706 2.043811 0.687433 -0.922853 -2.191038 -3.986997 -6.650205 -8.751453 -10.565036 -11.570991 -11.544033 -11.212789 -10.455675 -8.918752 -6.418911 -2.767697 -0.506224 0.272007 1.970119 3.824145 5.121567 5.827435 5.915491 5.185048 3.924803 2.846476 2.207222 2.165456 2.547901 2.560610 2.618415 2.788702 2.428029 0.577777 -0.229676 1.410784
3.401492 3.838426 4.282728 4.545080 4.790876 5.298284 5.709869 5.797046 5.644986 5.525241 6.375716 8.372772 10.457242 11.177642 8.476721 3.394589 -1.355430 -3.429388 -4.214145 -4.207197 -3.553640 -2.207517 -0.325567 1.504822 2.740884 3.010891 1.933181 0.478405 -0.743852 -1.471999 -2.731241 -4.776510 -6.587719 -8.332331 -9.662801 -10.357708 -10.312646 -9.431774 -7.725373 -5.352740 -1.957303 0.569094 1.132316 2.712745 4.472765 5.008367 5.114730 4.854555 4.097372 2.724443 1.511965 0.686495 0.487375 0.884524 0.659964 0.766388 0.988557 0.219493 -1.316381 -0.921963 0.614632
3.321583 3.853493 4.283066 4.542587 4.916018 5.567336 6.077885 6.071200 5.760329 5.664595 6.640271 8.792028 11.030202 11.600529 8.686882 3.663573 -1.071303 -3.146445 -4.196113 -4.642472 -4.374336 -3.284291 -1.425442 0.577916 2.218563 3.067356 2.370128 1.095019 0.073907 -0.487300 -1.576908 -3.233537 -5.137637 -7.036786 -7.924909 -8.612059 -8.725363 -7.695387 -5.776928 -3.155380 -0.021269 2.296756 3.238835 4.213344 5.341392 5.276756 4.656168 3.825629 3.062312 2.006324 0.917883 -0.116472 -0.709447 -0.696767 -0.685784 -0.585318 -0.786079 -1.464222 -1.582777 -0.683309 0.634906
