MFC+VTK/函数库及接口制作/重磁三维基本处理/张双喜的程序/经验模态分解_2D/三峡gra_ε=0.001_BIMF_A2.grd
DSAA
196 196
305000.000000 695000.000000
3265000.000000 3655000.000000
-152.27227 -15.21482
[rows 50 to 74 of 196, columns 110 to 164 of 196]
-55.487532 -54.952461 -54.515306 -54.119044 -53.675299 -53.091759 -52.419750 -51.751389 -51.169135 -50.772544 -50.553878 -50.490370 -50.567764 -50.775712 -51.097630 -51.505631 -51.957886 -52.400561 -52.770785 -53.011610 -53.107481 -53.091276 -53.037044 -53.018968 -53.048413 -53.118628 -53.194796 -53.235967 -53.194863 -53.007790 -52.590975 -51.858158 -50.875784 -49.716511 -48.434864 -47.081919 -45.719247 -44.430318 -43.333073 -42.590289 -42.374487 -42.546335 -42.971603 -43.552636 -44.216288 -44.902134 -45.554692 -46.114422 -46.483443 -46.371978 -46.072283 -45.682718 -45.258924 -44.845130 -44.479123
-54.673268 -54.136699 -53.700230 -53.312643 -52.918719 -52.488450 -52.029057 -51.577410 -51.155333 -50.990368 -50.981871 -51.104948 -51.347488 -51.696082 -52.132656 -52.633278 -53.163620 -53.675743 -54.101315 -54.340866 -54.300465 -54.094772 -53.839059 -53.603480 -53.423572 -53.328663 -53.262895 -53.188657 -53.067356 -52.840219 -52.434160 -51.794553 -50.911637 -49.818925 -48.563984 -47.199003 -45.786565 -44.409972 -43.185442 -42.296547 -42.131436 -42.345043 -42.792133 -43.385543 -44.058558 -44.752476 -45.407133 -45.947073 -46.265732 -46.260041 -46.026321 -45.663951 -45.239765 -44.801785 -44.390249
-53.795138 -53.235100 -52.782687 -52.404098 -52.071644 -51.772215 -51.502328 -51.275834 -51.134158 -51.160973 -51.341342 -51.646169 -52.052172 -52.538008 -53.082114 -53.661137 -54.244432 -54.789245 -55.239034 -55.497357 -55.271942 -54.883214 -54.450177 -54.041151 -53.700479 -53.444466 -53.242266 -53.054907 -52.858431 -52.637045 -52.291205 -51.748181 -50.973100 -49.971333 -48.776753 -47.439558 -46.028740 -44.640408 -43.411099 -42.539683 -42.274094 -42.413687 -42.804017 -43.345920 -43.967652 -44.605824 -45.194464 -45.660322 -45.933949 -45.984480 -45.828322 -45.520500 -45.119930 -44.677216 -44.235250
-52.904186 -52.308871 -51.833897 -51.463416 -51.186684 -50.998143 -50.896225 -50.889140 -50.998103 -51.239190 -51.612760 -52.097868 -52.665781 -53.285602 -53.926550 -54.560230 -55.155772 -55.667565 -56.024412 -56.118615 -55.857840 -55.374858 -54.815709 -54.280968 -53.824887 -53.460125 -53.165841 -52.903484 -52.647040 -52.475606 -52.203985 -51.758399 -51.093842 -50.194043 -49.079783 -47.799180 -46.434986 -45.100555 -43.933633 -43.088165 -42.724912 -42.729286 -42.993213 -43.422637 -43.939194 -44.473666 -44.960775 -45.341325 -45.572846 -45.637402 -45.532161 -45.278196 -44.912812 -44.480051 -44.026531
-52.060092 -51.423488 -50.918973 -50.546019 -50.306830 -50.203982 -50.239842 -50.417558 -50.738280 -51.194003 -51.770784 -52.441936 -53.172506 -53.924759 -54.653803 -55.313679 -55.866878 -56.277102 -56.493749 -56.445857 -56.095510 -55.538641 -54.904946 -54.299955 -53.789696 -53.377856 -53.051543 -52.794985 -52.595888 -52.406425 -52.176511 -51.824325 -51.279029 -50.491042 -49.460885 -48.246356 -46.954093 -45.707004 -44.627572 -43.823550 -43.360137 -43.213575 -43.318263 -43.596207 -43.971393 -44.374771 -44.746359 -45.038657 -45.219907 -45.272298 -45.187826 -44.971175 -44.639525 -44.220204 -43.760056
-51.325050 -50.643123 -50.097919 -49.702148 -49.471075 -49.417707 -49.549265 -49.866455 -50.361512 -51.015700 -51.797859 -52.662432 -53.556419 -54.438992 -55.254189 -55.919354 -56.372573 -56.620756 -56.667979 -56.495196 -56.009031 -55.388971 -54.733496 -54.116728 -53.621308 -53.217587 -52.904754 -52.684901 -52.523580 -52.368601 -52.184030 -51.916336 -51.496774 -50.838981 -49.873235 -48.718968 -47.510455 -46.360148 -45.360631 -44.579341 -44.049511 -43.774268 -43.722024 -43.837992 -44.058518 -44.321824 -44.574778 -44.776355 -44.897509 -44.918751 -44.829070 -44.626836 -44.318607 -43.904755 -43.437586
-50.758756 -50.028293 -49.428011 -48.981671 -48.718622 -48.666513 -48.842573 -49.250354 -49.880567 -50.707314 -51.684694 -52.746198 -53.808748 -54.812878 -55.709575 -56.373910 -56.681985 -56.721790 -56.534994 -56.148892 -55.588722 -54.964415 -54.356478 -53.812241 -53.362705 -53.002127 -52.727374 -52.564259 -52.446511 -52.332971 -52.190809 -51.983555 -51.665081 -51.157242 -50.221163 -49.138635 -48.028890 -46.975110 -46.043075 -45.278003 -44.704613 -44.331470 -44.145367 -44.112397 -44.185764 -44.315032 -44.453857 -44.564507 -44.618227 -44.593658 -44.477149 -44.262433 -43.949081 -43.543893 -43.074398
-50.414433 -49.633570 -48.963962 -48.436719 -48.094461 -47.984111 -48.146320 -48.594753 -49.320628 -50.286280 -51.429435 -52.667906 -53.889514 -55.028572 -55.981079 -56.605179 -56.807073 -56.626588 -56.157015 -55.540373 -54.905914 -54.327898 -53.820491 -53.385945 -53.028032 -52.751377 -52.557847 -52.441826 -52.364825 -52.287965 -52.176324 -51.992724 -51.685315 -51.176055 -50.394153 -49.448801 -48.454081 -47.492163 -46.619376 -45.872107 -45.271737 -44.828489 -44.538032 -44.381950 -44.329676 -44.342499 -44.379442 -44.403640 -44.386155 -44.304532 -44.145136 -43.901399 -43.572335 -43.164307 -42.691422
-50.335552 -49.504100 -48.754897 -48.121123 -47.653995 -47.417890 -47.499895 -47.941757 -48.726882 -49.790643 -51.046799 -52.399360 -53.748285 -54.999310 -56.028789 -56.678298 -56.806115 -56.395910 -55.598321 -54.718373 -54.061361 -53.575524 -53.188463 -52.874040 -52.628828 -52.456295 -52.353723 -52.301257 -52.270332 -52.225659 -52.129707 -51.942605 -51.619569 -51.121152 -50.444244 -49.628961 -48.748109 -47.872144 -47.054501 -46.330378 -45.718952 -45.229331 -44.862648 -44.612818 -44.462715 -44.383712 -44.338402 -44.286889 -44.197686 -44.051499 -43.840268 -43.559942 -43.209032 -42.790139 -42.310428
-50.553665 -49.671752 -48.838438 -48.084405 -47.458908 -47.042223 -46.965141 -47.362352 -48.169131 -49.278355 -50.581496 -51.977142 -53.372940 -54.676183 -55.777967 -56.524771 -56.683932 -56.041782 -54.935957 -53.786618 -53.209189 -52.815306 -52.521804 -52.311866 -52.179387 -52.115316 -52.105430 -52.126596 -52.150891 -52.140378 -52.054766 -51.858154 -51.522681 -51.038281 -50.418586 -49.690527 -48.898893 -48.095838 -47.328416 -46.632702 -46.028877 -45.512085 -45.093994 -44.779312 -44.559605 -44.414045 -44.309680 -44.200902 -44.040388 -43.827619 -43.564204 -43.246912 -42.872093 -42.438748 -41.949721
-51.087891 -50.152984 -49.234166 -48.362930 -47.586763 -46.976823 -46.662241 -46.975556 -47.738786 -48.817121 -50.082288 -51.432056 -52.780738 -54.045068 -55.137167 -55.950710 -56.278378 -55.421846 -54.246702 -53.205888 -52.524163 -52.108997 -51.859212 -51.727874 -51.700193 -51.744010 -51.812107 -51.908603 -51.996608 -52.028784 -51.960217 -51.758991 -51.413150 -50.929966 -50.331641 -49.647259 -48.911373 -48.162265 -47.437112 -46.769034 -46.192108 -45.662061 -45.217890 -44.867241 -44.603854 -44.411361 -44.263805 -44.120141 -43.890597 -43.621938 -43.316040 -42.967074 -42.569870 -42.121649 -41.622761
-51.945388 -50.950244 -49.943091 -48.962043 -48.064604 -47.337508 -46.910791 -46.942782 -47.528669 -48.467528 -49.588882 -50.795254 -52.005141 -53.136451 -54.094090 -54.743237 -54.875999 -54.311217 -53.412070 -52.542652 -51.875847 -51.452005 -51.228669 -51.153458 -51.216904 -51.366855 -51.477685 -51.648059 -51.799937 -51.883154 -51.846743 -51.646939 -51.285784 -50.785428 -50.180009 -49.505554 -48.795588 -48.081430 -47.392470 -46.754371 -46.182712 -45.671533 -45.233298 -44.874811 -44.591094 -44.366181 -44.173021 -43.972265 -43.722516 -43.428344 -43.095294 -42.722537 -42.306870 -41.845715 -41.338449
-53.120945 -52.052386 -50.950228 -49.863423 -48.861500 -48.036686 -47.496770 -47.339779 -47.625059 -48.264120 -49.124440 -50.095472 -51.084225 -51.999265 -52.737426 -53.180475 -53.229843 -52.897658 -52.315633 -51.680671 -51.142455 -50.785491 -50.626015 -50.637381 -50.770239 -50.956991 -51.147106 -51.356189 -51.550908 -51.682766 -51.695059 -51.504596 -51.120457 -50.587007 -49.954824 -49.268078 -48.562683 -47.867390 -47.205413 -46.594462 -46.045248 -45.564117 -45.153091 -44.810326 -44.526551 -44.284113 -44.058295 -43.821973 -43.555240 -43.248431 -42.900827 -42.513021 -42.084477 -41.614220 -41.101913
-54.595462 -53.432901 -52.221205 -51.019514 -49.903216 -48.958480 -48.269292 -47.899538 -47.876263 -48.168442 -48.696147 -49.362028 -50.069068 -50.722173 -51.228937 -51.513817 -51.548618 -51.368010 -51.032180 -50.636237 -50.285006 -50.060544 -50.004179 -50.111850 -50.334415 -50.537700 -50.771341 -51.016347 -51.240351 -51.399700 -51.440074 -51.294452 -50.885055 -50.315152 -49.649724 -48.939705 -48.225733 -47.537928 -46.896950 -46.316599 -45.805848 -45.369091 -45.001924 -44.693083 -44.426531 -44.183063 -43.942647 -43.687992 -43.406889 -43.090164 -42.733872 -42.337620 -41.902112 -41.427870 -40.915346
-56.333835 -55.047663 -53.701067 -52.360071 -51.099951 -49.996772 -49.116152 -48.502891 -48.174613 -48.120065 -48.293636 -48.622690 -49.022476 -49.408907 -49.710721 -49.883960 -49.921446 -49.843928 -49.683719 -49.490814 -49.332796 -49.271125 -49.338797 -49.527313 -49.790312 -50.066131 -50.350299 -50.627049 -50.867304 -51.032517 -51.076869 -50.943714 -50.541247 -49.956721 -49.266602 -48.532469 -47.803350 -47.116331 -46.495092 -45.952441 -45.494964 -45.119605 -44.811879 -44.550759 -44.314408 -44.083339 -43.841880 -43.578809 -43.286636 -42.960201 -42.596786 -42.195875 -41.758558 -41.285867 -40.778762
-58.283782 -56.835217 -55.318610 -53.804065 -52.364091 -51.065541 -49.961993 -49.088734 -48.461349 -48.075985 -47.906202 -47.903303 -48.004565 -48.146334 -48.277528 -48.368737 -48.411929 -48.412145 -48.382546 -48.348635 -48.355846 -48.456592 -48.650588 -48.919248 -49.234084 -49.568054 -49.897264 -50.198102 -50.441476 -50.592480 -50.611283 -50.455027 -50.088990 -49.512625 -48.817645 -48.068925 -47.323602 -46.632748 -46.032675 -45.538222 -45.151848 -44.855665 -44.619808 -44.414204 -44.214379 -44.002513 -43.766717 -43.499871 -43.198423 -42.861648 -42.490831 -42.087504 -41.652667 -41.186638 -40.690502
-60.376503 -58.720015 -56.993377 -55.269680 -53.618465 -52.099589 -50.758626 -49.624842 -48.712065 -48.020216 -47.535261 -47.229045 -47.062626 -46.994021 -46.987321 -47.018057 -47.072107 -47.141708 -47.223368 -47.320055 -47.452646 -47.697788 -47.998134 -48.338441 -48.704685 -49.080540 -49.438827 -49.748781 -49.979842 -50.101674 -50.084319 -49.901694 -49.539025 -48.998663 -48.327588 -47.583571 -46.827969 -46.128196 -45.548759 -45.119816 -44.827185 -44.623820 -44.463371 -44.311916 -44.146828 -43.953700 -43.724151 -43.454298 -43.143755 -42.795405 -42.415661 -42.012289 -41.583357 -41.127843 -40.647344
-62.528949 -60.617410 -58.642501 -56.680759 -54.799179 -53.052007 -51.477570 -50.098429 -48.924944 -47.959034 -47.196254 -46.626027 -46.231379 -45.989865 -45.876687 -45.868757 -45.945901 -46.089325 -46.280959 -46.508446 -46.774387 -47.093861 -47.449917 -47.834228 -48.237922 -48.640380 -49.007058 -49.304179 -49.504307 -49.585213 -49.528842 -49.322842 -48.963323 -48.457471 -47.828908 -47.116965 -46.372687 -45.665169 -45.094788 -44.763441 -44.583633 -44.470830 -44.374625 -44.265747 -44.126207 -43.945250 -43.717607 -43.442384 -43.122121 -42.762133 -42.371456 -41.970701 -41.548777 -41.105750 -40.644424
-64.647217 -62.439470 -60.186669 -57.970825 -55.856622 -53.892189 -52.105778 -50.510621 -49.112116 -47.912840 -46.915407 -46.123397 -45.539472 -45.160317 -44.971867 -44.951315 -45.072956 -45.305245 -45.612184 -45.961416 -46.329860 -46.701857 -47.073192 -47.458253 -47.880457 -48.287947 -48.633821 -48.889165 -49.036395 -49.064338 -48.966408 -48.740472 -48.389230 -47.920899 -47.350486 -46.703618 -46.016895 -45.340511 -44.766541 -44.568183 -44.483156 -44.431031 -44.374329 -44.289322 -44.160947 -43.981011 -43.747007 -43.461156 -43.129478 -42.761140 -42.368093 -41.962300 -41.544452 -41.114821 -40.675422
-66.630306 -64.101302 -61.556113 -59.086151 -56.757104 -54.605298 -52.642409 -50.870978 -49.292080 -47.908163 -46.725343 -45.755779 -45.017902 -44.530125 -44.296184 -44.294827 -44.492196 -44.834006 -45.258953 -45.714087 -46.159886 -46.570202 -46.935765 -47.273905 -47.692875 -48.062852 -48.344637 -48.523397 -48.593455 -48.554589 -48.410111 -48.165503 -47.827659 -47.405079 -46.909501 -46.359985 -45.788453 -45.249546 -44.832958 -44.630166 -44.553591 -44.517621 -44.471960 -44.389039 -44.253987 -44.060460 -43.808844 -43.504864 -43.158064 -42.780162 -42.382960 -41.975490 -41.563172 -41.148424 -40.732989
-68.373441 -65.526812 -62.698393 -59.989558 -57.486818 -55.191512 -53.094456 -51.191885 -49.483299 -47.970564 -46.659605 -45.563775 -44.708410 -44.132783 -43.875861 -43.934232 -44.246997 -44.716498 -45.253900 -45.794164 -46.293841 -46.728717 -47.096412 -47.419841 -47.730811 -47.986716 -48.153697 -48.220130 -48.188247 -48.067058 -47.868205 -47.603344 -47.282737 -46.915522 -46.512155 -46.088923 -45.673343 -45.306470 -45.031827 -44.863661 -44.779823 -44.730049 -44.668327 -44.564425 -44.402579 -44.178351 -43.895805 -43.564616 -43.197330 -42.806927 -42.404714 -41.999095 -41.595984 -41.198691 -40.808906
-69.770918 -66.649639 -63.586791 -60.673232 -58.056606 -55.660140 -53.470383 -51.484349 -49.700564 -48.119565 -46.745461 -45.588009 -44.667415 -44.026771 -43.749726 -43.924889 -44.387758 -44.985263 -45.616229 -46.215979 -46.744222 -47.180623 -47.522979 -47.780657 -47.959271 -48.056794 -48.066040 -47.987158 -47.829994 -47.610671 -47.347531 -47.057795 -46.755348 -46.450422 -46.151785 -45.870576 -45.622496 -45.423698 -45.279990 -45.180978 -45.111419 -45.045038 -44.951542 -44.806483 -44.597243 -44.324098 -43.996756 -43.629347 -43.236641 -42.831932 -42.425624 -42.024940 -41.634605 -41.257367 -40.894455
-70.721977 -67.405522 -64.209458 -61.214527 -58.487834 -56.015072 -53.775386 -51.757017 -49.954609 -48.367255 -46.998199 -45.855166 -44.951642 -44.312943 -44.014099 -44.358918 -44.956056 -45.649041 -46.343553 -46.974629 -47.501695 -47.903849 -48.174426 -48.315356 -48.334518 -48.248105 -48.072842 -47.825504 -47.525283 -47.194339 -46.856328 -46.533778 -46.245064 -46.002139 -45.810502 -45.671546 -45.584370 -45.542926 -45.530680 -45.522537 -45.493697 -45.423526 -45.295254 -45.094882 -44.820003 -44.481503 -44.097691 -43.687561 -43.267030 -42.848580 -42.440451 -42.047454 -41.672380 -41.316785 -40.981113
-71.143518 -67.733060 -64.497756 -61.490087 -58.738548 -56.249733 -54.013155 -52.016520 -50.252592 -48.720080 -47.422657 -46.369041 -45.577260 -45.087200 -44.976548 -45.317007 -45.941573 -46.680077 -47.409098 -48.045261 -48.538785 -48.864755 -49.013460 -48.990586 -48.817976 -48.528329 -48.155589 -47.729909 -47.278491 -46.828091 -46.406167 -46.039876 -45.752913 -45.560663 -45.465856 -45.457980 -45.517772 -45.622050 -45.741982 -45.839794 -45.875994 -45.820607 -45.661280 -45.396403 -45.043445 -44.629949 -44.183962 -43.729242 -43.282422 -42.853453 -42.446452 -42.063041 -41.704170 -41.370346 -41.061218
-70.974741 -67.578689 -64.396683 -61.457964 -58.773344 -56.348451 -54.180972 -52.265040 -50.597525 -49.180004 -48.017913 -47.121605 -46.510722 -46.216663 -46.267552 -46.644976 -47.271837 -48.021258 -48.761703 -49.383344 -49.813788 -50.021106 -49.996839 -49.764676 -49.370538 -48.865099 -48.293347 -47.692145 -47.092493 -46.523084 -46.012772 -45.591088 -45.286382 -45.120085 -45.097689 -45.201173 -45.391997 -45.627523 -45.871685 -46.080038 -46.203781 -46.188603 -45.999847 -45.664528 -45.232737 -44.748133 -44.243997 -43.747806 -43.280986 -42.846561 -42.442908 -42.069336 -41.725953 -41.412665 -41.128451
