MFC+VTK/函数库及接口制作/重磁三维基本处理/张双喜的程序/经验模态分解_2D/三峡gra_ε=0.001_BIMF_D4.grd
DSAA
196 196
305000.000000 695000.000000
3265000.000000 3655000.000000
-14.54017 14.78031
[rows 135 to 161 of 196, columns 120 to 179 of 196]
2.475026 2.996655 3.501493 3.980783 4.427478 4.836053 5.202303 5.523178 5.796704 6.021986 6.199262 6.329894 6.416221 6.461248 6.467886 6.437023 6.363024 6.264879 6.163953 6.074437 6.006977 5.969479 5.967202 6.002735 6.075916 6.183650 6.319535 6.473105 6.627683 6.751397 6.762013 6.736243 6.702007 6.671996 6.652533 6.646098 6.652420 6.669130 6.692267 6.716756 6.736869 6.746638 6.740229 6.712253 6.657981 6.573523 6.456180 6.304072 6.116095 5.891969 5.632296 5.338581 5.013146 4.658903 4.279078 3.876947 3.455673 3.018208 2.567268 2.105335
2.725736 3.295948 3.842502 4.355565 4.827177 5.251073 5.622497 5.938012 6.195356 6.393432 6.532470 6.614192 6.641753 6.619359 6.551555 6.440935 6.282095 6.100703 5.916811 5.746302 5.601602 5.492085 5.424167 5.401277 5.423785 5.488807 5.589699 5.714751 5.844440 5.948984 6.000091 6.020893 6.036069 6.060025 6.099235 6.155243 6.226443 6.309078 6.397880 6.486558 6.568199 6.635645 6.681872 6.700396 6.685646 6.632956 6.539938 6.404999 6.227574 6.008192 5.748586 5.451647 5.121075 4.760909 4.375125 3.967409 3.541075 3.099068 2.644011 2.178253
2.973721 3.590853 4.178479 4.725544 5.222778 5.662726 6.039707 6.349637 6.589805 6.758736 6.856348 6.884404 6.846736 6.748538 6.595791 6.394332 6.151835 5.886261 5.616913 5.361103 5.133211 4.944454 4.802755 4.712623 4.675029 4.687178 4.742020 4.827550 4.927023 5.023180 5.107844 5.183354 5.260793 5.350447 5.457781 5.583639 5.725540 5.878784 6.037190 6.193573 6.340099 6.468607 6.570928 6.639275 6.666826 6.648438 6.581199 6.463971 6.296938 6.081773 5.821854 5.521889 5.187119 4.822612 4.432888 4.021829 3.592738 3.148452 2.691443 2.223902
3.219659 3.879817 4.506560 5.087185 5.610522 6.067278 6.450258 6.754331 6.976190 7.114005 7.167338 7.137650 7.029386 6.849803 6.608245 6.315444 5.984627 5.631427 5.273417 4.928115 4.611361 4.336320 4.112824 3.946924 3.840624 3.791778 3.794172 3.838166 3.912778 4.009266 4.123161 4.251517 4.395263 4.557234 4.739048 4.939733 5.155861 5.382139 5.611931 5.837585 6.050682 6.242299 6.403286 6.524552 6.597600 6.615763 6.575416 6.476034 6.318658 6.106820 5.846430 5.544428 5.207471 4.841283 4.450562 4.039130 3.610136 3.166236 2.709727 2.242643
3.461880 4.159436 4.822097 5.435135 5.984879 6.459389 6.849104 7.147139 7.349251 7.453506 7.459812 7.369688 7.187132 6.924318 6.594735 6.212210 5.791513 5.348066 4.898417 4.459777 4.048899 3.680833 3.367773 3.118095 2.935801 2.820580 2.768568 2.773777 2.829973 2.932002 3.075190 3.254068 3.463388 3.698982 3.957236 4.234189 4.525042 4.824041 5.124484 5.418706 5.698072 5.953114 6.173876 6.350207 6.471818 6.529174 6.516711 6.434751 6.285495 6.076110 5.816111 5.514559 5.178876 4.814833 4.426921 4.018707 3.593106 3.152576 2.699249 2.235022
3.697262 4.425012 5.118912 5.762161 6.338225 6.831657 7.229378 7.521624 7.702337 7.769609 7.725159 7.573462 7.315311 6.971860 6.558575 6.090172 5.581589 5.048099 4.505682 3.971205 3.462000 2.994926 2.585049 2.244202 1.979862 1.794976 1.688971 1.659313 1.702611 1.814622 1.989203 2.217787 2.490292 2.796871 3.129008 3.479532 3.842063 4.210398 4.577996 4.937550 5.280612 5.597391 5.877028 6.108398 6.280280 6.380116 6.397643 6.331193 6.187838 5.981389 5.724978 5.428506 5.099104 4.742049 4.361411 3.960446 3.541844 3.107893 2.660594 2.201747
3.921631 4.671095 5.389770 6.059301 6.660554 7.174002 7.581575 7.869038 8.026962 8.053066 7.952292 7.733740 7.407954 6.991863 6.502147 5.954212 5.362829 4.742784 4.109443 3.479214 2.869701 2.299350 1.786473 1.347621 0.995661 0.738486 0.579387 0.518627 0.554208 0.681157 0.890253 1.168373 1.500548 1.872427 2.271867 2.689239 3.116851 3.548088 3.976589 4.395564 4.797142 5.171662 5.507209 5.790523 6.009822 6.153451 6.205926 6.151473 6.013718 5.814862 5.568750 5.284143 4.967212 4.622639 4.254126 3.864695 3.456873 3.032839 2.594519 2.143661
4.129915 4.891998 5.627165 6.316510 6.939491 7.473026 7.892482 8.176484 8.311006 8.291877 8.133804 7.852983 7.464780 6.984507 6.427608 5.808883 5.142496 4.442497 3.723458 3.001095 2.292825 1.618095 0.998218 0.455256 0.009577 -0.323415 -0.535318 -0.623579 -0.589813 -0.441941 -0.195091 0.131285 0.517400 0.945831 1.402522 1.876613 2.359671 2.844749 3.325521 3.795537 4.247564 4.672723 5.058989 5.389317 5.644982 5.825441 5.920541 5.874959 5.751850 5.571960 5.345919 5.081198 4.783461 4.457125 4.105732 3.732200 3.338998 2.928271 2.501929 2.061716
4.316402 5.082265 5.824370 6.524129 7.161215 7.711491 8.144086 8.423921 8.535126 8.469883 8.260845 7.927270 7.485755 6.951247 6.337752 5.658719 4.927272 4.156569 3.360297 2.553299 1.752328 0.976907 0.250148 -0.401021 -0.947404 -1.362227 -1.628013 -1.739631 -1.699780 -1.524320 -1.238413 -0.868636 -0.438111 0.034751 0.535739 1.053887 1.580530 2.108455 2.631135 3.142045 3.634038 4.098722 4.525453 4.897388 5.174126 5.372644 5.481065 5.482447 5.399303 5.253198 5.057570 4.820884 4.549088 4.246716 3.917382 3.564062 3.189278 2.795223 2.383853 1.956958
4.475350 5.237009 5.976296 6.675040 7.313451 7.868900 8.311022 8.581447 8.661105 8.569438 8.325389 7.952740 7.470710 6.894186 6.236012 5.508364 4.723323 3.893184 3.030825 2.150244 1.267304 0.400786 -0.426181 -1.184367 -1.837299 -2.343596 -2.667404 -2.795547 -2.738813 -2.531304 -2.210957 -1.808913 -1.348319 -0.846340 -0.316139 0.231802 0.788817 1.347394 1.900565 2.441307 2.961869 3.452822 3.901369 4.289160 4.595238 4.816781 4.950667 4.997143 4.963264 4.862249 4.706591 4.505665 4.266210 3.993242 3.690678 3.361705 3.009004 2.634895 2.241439 1.830513
4.601738 5.352169 6.079588 6.765935 7.390662 7.928964 8.348719 8.611112 8.687617 8.586289 8.322078 7.927177 7.420420 6.815981 6.126139 5.362434 4.536285 3.659372 2.744001 1.803576 0.853258 -0.089088 -1.001479 -1.855525 -2.612831 -3.220820 -3.614365 -3.744187 -3.660732 -3.426803 -3.087430 -2.671778 -2.199751 -1.686212 -1.143074 -0.580347 -0.006760 0.569752 1.141562 1.700790 2.238610 2.744390 3.205059 3.606050 3.935147 4.184645 4.353058 4.443204 4.459044 4.407765 4.298385 4.139422 3.937859 3.699171 3.427679 3.126882 2.799704 2.448654 2.075946 1.683583
4.691937 5.424940 6.132509 6.796350 7.395044 7.903398 8.293170 8.537183 8.613837 8.511345 8.250112 7.852692 7.337709 6.719953 6.011986 5.225330 4.371207 3.461044 2.506914 1.522027 0.521341 -0.477632 -1.453698 -2.380141 -3.221192 -3.924521 -4.405806 -4.515096 -4.415519 -4.181523 -3.850525 -3.445450 -2.982940 -2.476318 -1.936846 -1.374421 -0.798045 -0.216227 0.362606 0.929641 1.475181 1.988349 2.457449 2.871342 3.220979 3.499662 3.705145 3.838619 3.902682 3.901512 3.840990 3.727760 3.568164 3.367701 3.130950 2.861708 2.563163 2.238049 1.888761 1.517451
4.744178 5.454410 6.135809 6.770077 7.336110 7.810613 8.170076 8.393484 8.463790 8.369602 8.122056 7.736062 7.227292 6.610160 5.897526 5.101189 4.232514 3.303013 2.324896 1.311630 0.278586 -0.756168 -1.770795 -2.738053 -3.622117 -4.369479 -4.878905 -5.025467 -4.970928 -4.782032 -4.492201 -4.123187 -3.691364 -3.210014 -2.690517 -2.143072 -1.577187 -1.002050 -0.426873 0.138807 0.684943 1.201114 1.677119 2.103811 2.473640 2.780958 3.022687 3.198151 3.308387 3.355760 3.343976 3.277796 3.162412 3.002848 2.803635 2.568710 2.301467 2.004843 1.681419 1.333500
4.758876 5.442176 6.093357 6.694687 7.226421 7.667953 7.999562 8.204023 8.267911 8.183913 7.954397 7.587895 7.096114 6.491703 5.787037 4.993945 4.123983 3.188957 2.201530 1.175863 0.128338 -0.921536 -1.949784 -2.925653 -3.807334 -4.536108 -5.039878 -5.281179 -5.331741 -5.229394 -5.010695 -4.701573 -4.320559 -3.882022 -3.398041 -2.879447 -2.336414 -1.778834 -1.216566 -0.659579 -0.117920 0.398543 0.880554 1.319881 1.709581 2.044221 2.320034 2.534986 2.688663 2.782014 2.817212 2.797489 2.726805 2.609414 2.449482 2.250869 2.017033 1.751046 1.455629 1.133226
4.738772 5.392499 6.011832 6.579937 7.078757 7.490263 7.797791 7.987154 8.047699 7.973354 7.762866 7.420059 6.952674 6.370739 5.685227 4.907382 4.048696 3.121293 2.138498 1.115507 0.070171 -0.975975 -1.996265 -2.957020 -3.816294 -4.527262 -5.052433 -5.383125 -5.536062 -5.536347 -5.409621 -5.180280 -4.867970 -4.488242 -4.054066 -3.577009 -3.067936 -2.537369 -1.995656 -1.453013 -0.919446 -0.404565 0.082647 0.534072 0.942688 1.302740 1.609827 1.860979 2.054673 2.190726 2.270143 2.294962 2.268046 2.192786 2.072790 1.911622 1.712643 1.478938 1.213303 0.918270
4.688822 5.311999 5.899918 6.436452 6.905015 7.289887 7.577126 7.755113 7.814969 7.750836 7.560014 7.243479 6.805740 6.253979 5.597078 4.845034 4.008880 3.100937 2.135261 1.128216 0.099198 -0.928508 -1.926894 -2.863139 -3.701831 -4.411159 -4.971089 -5.375035 -5.623265 -5.726256 -5.699989 -5.563144 -5.333324 -5.025826 -4.653897 -4.229509 -3.763994 -3.268336 -2.753246 -2.229172 -1.706282 -1.194430 -0.702998 -0.240609 0.185179 0.568066 0.903086 1.186617 1.416364 1.591286 1.711481 1.778048 1.792921 1.758668 1.678250 1.554797 1.391419 1.191087 0.956574 0.690437
4.615967 5.209217 5.767526 6.274823 6.715725 7.076697 7.346397 7.515558 7.576719 7.524190 7.354479 7.066797 6.663139 6.147859 5.527322 4.809805 4.005559 3.126940 2.188624 1.207960 0.205398 -0.795168 -1.766589 -2.679881 -3.507438 -4.227216 -4.824954 -5.292258 -5.624597 -5.823736 -5.897558 -5.858097 -5.718933 -5.493327 -5.193539 -4.831037 -4.417000 -3.962547 -3.478655 -2.976124 -2.465704 -1.958145 -1.463867 -0.992422 -0.552083 -0.149679 0.209387 0.521050 0.782490 0.992047 1.149119 1.254050 1.308002 1.312800 1.270760 1.184501 1.056774 0.890324 0.687801 0.451708
4.529124 5.094347 5.625023 6.104782 6.519634 6.858236 7.111699 7.273121 7.336791 7.297578 7.151361 6.895978 6.530999 6.057697 5.479660 4.803309 4.038023 3.196038 2.292366 1.344818 0.374028 -0.596807 -1.542859 -2.439514 -3.264834 -4.001393 -4.636288 -5.159931 -5.565808 -5.851451 -6.019165 -6.075378 -6.029156 -5.890576 -5.669639 -5.376032 -5.019642 -4.611076 -4.161478 -3.682253 -3.185456 -2.683560 -2.188511 -1.710890 -1.259564 -0.841716 -0.463020 -0.127831 0.160670 0.400365 0.590109 0.729637 0.819462 0.860759 0.855234 0.804977 0.712318 0.579693 0.409543 0.204242
4.439938 4.978868 5.482087 5.934213 6.323299 6.639980 6.877318 7.030660 7.096833 7.072451 6.952977 6.734628 6.413442 5.986895 5.455818 4.825058 4.103236 3.302300 2.437158 1.525425 0.587090 -0.356107 -1.281834 -2.168743 -2.997959 -3.753785 -4.423485 -4.996899 -5.466526 -5.827912 -6.080100 -6.225542 -6.269354 -6.218194 -6.079132 -5.858988 -5.564754 -5.205173 -4.791360 -4.335944 -3.853617 -3.359393 -2.866761 -2.386978 -1.929157 -1.500606 -1.107133 -0.753291 -0.442538 -0.177350 0.040691 0.210815 0.332988 0.407819 0.436456 0.420475 0.361760 0.262387 0.124526 -0.049645
4.363999 4.873782 5.346018 5.768357 6.130817 6.425415 6.646348 6.790458 6.857480 6.848306 6.759914 6.584647 6.312280 5.936017 5.454566 4.871708 4.195388 3.436993 2.610856 1.733854 0.824950 -0.095531 -1.006978 -1.889758 -2.726227 -3.501176 -4.201863 -4.817961 -5.341609 -5.767505 -6.093023 -6.318131 -6.444968 -6.477116 -6.418758 -6.273679 -6.044630 -5.735832 -5.357297 -4.925160 -4.458790 -3.975728 -3.490161 -3.013336 -2.554265 -2.120229 -1.717121 -1.349660 -1.021547 -0.735567 -0.493678 -0.297076 -0.146264 -0.041130 0.018972 0.035135 0.008801 -0.058336 -0.164419 -0.307512
4.316558 4.785438 5.220685 5.609865 5.943864 6.215740 6.420403 6.555010 6.620514 6.623887 6.572935 6.446501 6.225964 5.901616 5.470896 4.936593 4.305704 3.588683 2.798932 1.952435 1.067375 0.163446 -0.739275 -1.621576 -2.466088 -3.257775 -3.984076 -4.634873 -5.202415 -5.681210 -6.067920 -6.361151 -6.561018 -6.668529 -6.685082 -6.612125 -6.449197 -6.192528 -5.846220 -5.437543 -4.991106 -4.524878 -4.052395 -3.584426 -3.129781 -2.695726 -2.288249 -1.912248 -1.571663 -1.269573 -1.008272 -0.789336 -0.613679 -0.481627 -0.392981 -0.347095 -0.342947 -0.379228 -0.454412 -0.566834
4.290206 4.714434 5.107589 5.459392 5.761936 6.009512 6.198199 6.325663 6.391627 6.402577 6.395370 6.317225 6.147443 5.875171 5.495638 5.009601 4.422465 3.743390 2.984776 2.162129 1.293854 0.400323 -0.497727 -1.380771 -2.231530 -3.035374 -3.780314 -4.456830 -5.057629 -5.577409 -6.012616 -6.361157 -6.621931 -6.794018 -6.875702 -6.864881 -6.762584 -6.558619 -6.241825 -5.862566 -5.444053 -5.002096 -4.549388 -4.096433 -3.651995 -3.223407 -2.816801 -2.437278 -2.089025 -1.775412 -1.499056 -1.261882 -1.065178 -0.909656 -0.795517 -0.722518 -0.690035 -0.697124 -0.742592 -0.825054
4.276819 4.656553 5.004916 5.315419 5.582678 5.803039 5.974660 6.097741 6.175677 6.216720 6.228013 6.184945 6.062515 5.842814 5.515416 5.077160 4.531004 3.884553 3.149576 2.342393 1.483486 0.595471 -0.299495 -1.181583 -2.034071 -2.843317 -3.598407 -4.290762 -4.913786 -5.462539 -5.933419 -6.323820 -6.631737 -6.855122 -6.990124 -7.025808 -6.961056 -6.794285 -6.530476 -6.196335 -5.815552 -5.405398 -4.979025 -4.547087 -4.118473 -3.700675 -3.300020 -2.921832 -2.570556 -2.249852 -1.962654 -1.711225 -1.497202 -1.321647 -1.185119 -1.087733 -1.029225 -1.008997 -1.026169 -1.079632
4.271398 4.606654 4.908481 5.174224 5.401944 5.591045 5.742650 5.859807 5.947152 6.008290 6.039580 6.027936 5.950893 5.785152 5.512201 5.121948 4.613416 3.992501 3.271620 2.470718 1.615000 0.730476 -0.159494 -1.035608 -1.882583 -2.688482 -3.443951 -4.141611 -4.775669 -5.341579 -5.835650 -6.254623 -6.595263 -6.853764 -7.024722 -7.099991 -7.067009 -6.938799 -6.725692 -6.442353 -6.106644 -5.734988 -5.340937 -4.935543 -4.527979 -4.125967 -3.736058 -3.363812 -3.013930 -2.690352 -2.396326 -2.134450 -1.906703 -1.714480 -1.558653 -1.439653 -1.357533 -1.312007 -1.302482 -1.328093
4.270264 4.559904 4.812999 5.030358 5.213777 5.366215 5.491835 5.595566 5.681650 5.751011 5.799180 5.817385 5.784813 5.675524 5.461847 5.121992 4.647634 4.043016 3.325033 2.522459 1.667586 0.789257 -0.089539 -0.951357 -1.783208 -2.575415 -3.320563 -4.012665 -4.646725 -5.218511 -5.724028 -6.159095 -6.519142 -6.798954 -6.992424 -7.092979 -7.096276 -7.009705 -6.844006 -6.610548 -6.322486 -5.993567 -5.636516 -5.262357 -4.880446 -4.498721 -4.123949 -3.761909 -3.417540 -3.095043 -2.797959 -2.529215 -2.291140 -2.085470 -1.913369 -1.775526 -1.672258 -1.603549 -1.569040 -1.568056
4.269542 4.511332 4.712462 4.877030 5.010500 5.119307 5.210294 5.289757 5.362011 5.428059 5.485293 5.525311 5.531720 5.478849 5.331091 5.048448 4.605065 4.004353 3.278683 2.472167 1.623084 0.759788 -0.097424 -0.933990 -1.739512 -2.506682 -3.230269 -3.905968 -4.529542 -5.096883 -5.603247 -6.043335 -6.411604 -6.702440 -6.910576 -7.032284 -7.067377 -7.020219 -6.898752 -6.712282 -6.471112 -6.186335 -5.869037 -5.529530 -5.176981 -4.819366 -4.463580 -4.115574 -3.780477 -3.462709 -3.166062 -2.893763 -2.648496 -2.432375 -2.246891 -2.092939 -1.971003 -1.881286 -1.823554 -1.797252
4.264255 4.455019 4.599880 4.706288 4.783230 4.840317 4.886793 4.930432 4.976473 5.026907 5.079957 5.128860 5.160789 5.154164 5.073212 4.859899 4.444470 3.832885 3.097917 2.297845 1.469183 0.635591 -0.186495 -0.985357 -1.752795 -2.483427 -3.174105 -3.822794 -4.426478 -4.980428 -5.478390 -5.914089 -6.281773 -6.576432 -6.794299 -6.933677 -6.995486 -6.982922 -6.901488 -6.758319 -6.561580 -6.320190 -6.043444 -5.740483 -5.419863 -5.089313 -4.755687 -4.424995 -4.102488 -3.792742 -3.499737 -3.226931 -2.977321 -2.753434 -2.557211 -2.389815 -2.251715 -2.143199 -2.063934 -2.013495
