MFC+VTK/函数库及接口制作/重磁三维基本处理/张双喜的程序/经验模态分解_2D/三峡gra_ε=0.001_BIMF_D5.grd
DSAA
196 196
305000.000000 695000.000000
3265000.000000 3655000.000000
-35.37153 25.65342
[rows 54 to 80 of 196, columns 122 to 182 of 196]
7.563751 7.761809 7.945883 8.115607 8.270684 8.410877 8.536010 8.645968 8.740688 8.820163 8.884431 8.933574 8.967711 8.986988 8.991580 8.981678 8.957486 8.919222 8.867112 8.801385 8.722277 8.630026 8.524871 8.407051 8.276805 8.134371 7.979982 7.813869 7.636257 7.447368 7.247414 7.036605 6.815140 6.583213 6.341007 6.088701 5.826460 5.554443 5.272798 4.981662 4.681161 4.371410 4.052513 3.724565 3.387650 3.041845 2.687222 2.323849 1.951793 1.571125 1.181920 0.784266 0.378265 -0.035962 -0.458267 -0.888473 -1.326364 -1.771675 -2.224084 -2.683192 -3.148499
7.673434 7.869047 8.050040 8.216094 8.366965 8.502474 8.622510 8.727025 8.816030 8.889592 8.947824 8.990883 9.018957 9.032258 9.031019 9.015487 8.985916 8.942569 8.885710 8.815610 8.732536 8.636758 8.528545 8.408163 8.275875 8.131941 7.976616 7.810148 7.632783 7.444755 7.246292 7.037615 6.818935 6.590452 6.352358 6.104833 5.848046 5.582153 5.307299 5.023614 4.731216 4.430209 4.120684 3.802722 3.476392 3.141754 2.798862 2.447766 2.088514 1.721160 1.345762 0.962389 0.571127 0.172082 -0.234610 -0.648780 -1.070218 -1.498659 -1.933770 -2.375134 -2.822221
7.795193 7.987712 8.164944 8.326621 8.472555 8.602634 8.716817 8.815134 8.897680 8.964604 9.016104 9.052412 9.073792 9.080522 9.072896 9.051213 9.015777 8.966896 8.904874 8.830017 8.742628 8.643007 8.531452 8.408255 8.273704 8.128081 7.971662 7.804714 7.627497 7.440263 7.243253 7.036698 6.820818 6.595821 6.361904 6.119248 5.868023 5.608382 5.340464 5.064392 4.780275 4.488205 4.188260 3.880507 3.565000 3.241782 2.910891 2.572363 2.226228 1.872525 1.511298 1.142602 0.766511 0.383123 -0.007436 -0.405001 -0.809359 -1.220240 -1.637299 -2.060105 -2.488117
7.928746 8.117479 8.290228 8.446776 8.587000 8.710858 8.818396 8.909730 8.985050 9.044599 9.088661 9.117555 9.131615 9.131189 9.116628 9.088287 9.046516 8.991665 8.924079 8.844100 8.752064 8.648303 8.533142 8.406900 8.269888 8.122412 7.964765 7.797233 7.620094 7.433612 7.238040 7.033619 6.820578 6.599130 6.369474 6.131793 5.886253 5.633005 5.372181 5.103894 4.828243 4.545307 4.255152 3.957830 3.653379 3.341830 3.023204 2.697523 2.364804 2.025074 1.678364 1.324721 0.964210 0.596923 0.222984 -0.157443 -0.544142 -0.936839 -1.335184 -1.738746 -2.147008
8.073721 8.257942 8.425445 8.576071 8.709768 8.826579 8.926646 9.010191 9.077506 9.128937 9.164863 9.185685 9.191813 9.183658 9.161632 9.126138 9.077576 9.016336 8.942803 8.857355 8.760360 8.652182 8.533173 8.403677 8.264031 8.114559 7.955576 7.787384 7.610275 7.424527 7.230403 7.028154 6.818013 6.600197 6.374908 6.142325 5.902613 5.655914 5.402352 5.142031 4.875037 4.601437 4.321283 4.034611 3.741446 3.441804 3.135694 2.823125 2.504105 2.178648 1.846779 1.508538 1.163986 0.813211 0.456337 0.093529 -0.274998 -0.648969 -1.028043 -1.411813 -1.799812
8.229645 8.408600 8.570060 8.713931 8.840246 8.949152 9.040901 9.115838 9.174370 9.216950 9.244054 9.256165 9.253765 9.237329 9.207323 9.164200 9.108407 9.040375 8.960530 8.869283 8.767037 8.654185 8.531107 8.398174 8.255743 8.104160 7.943757 7.774854 7.597755 7.412749 7.220110 7.020093 6.812937 6.598861 6.378063 6.150722 5.916995 5.677015 5.430896 5.178731 4.920592 4.656531 4.386586 4.110778 3.829119 3.541612 3.248255 2.949045 2.643982 2.333075 2.016342 1.693819 1.365567 1.031672 0.692257 0.347486 -0.002429 -0.357225 -0.716582 -1.080135 -1.447482
8.395931 8.568845 8.723433 8.859682 8.977730 9.077847 9.160425 9.225940 9.274928 9.307949 9.325572 9.328358 9.316857 9.291605 9.253122 9.201911 9.138464 9.063256 8.976749 8.879393 8.771624 8.653863 8.526520 8.389987 8.244646 8.090862 7.928983 7.759343 7.582260 7.398032 7.206940 7.009243 6.805182 6.594976 6.378818 6.156881 5.929312 5.696236 5.457754 5.213942 4.964857 4.710539 4.451007 4.186270 3.916326 3.641166 3.360778 3.075152 2.784281 2.488168 2.186831 1.880306 1.568650 1.251950 0.930328 0.603944 0.272997 -0.062267 -0.401564 -0.744578 -1.090972
8.571857 8.737943 8.884804 9.012534 9.121405 9.211848 9.284413 9.339725 9.378444 9.401236 9.408752 9.401630 9.380481 9.345901 9.298463 9.238722 9.167214 9.084460 8.990963 8.887207 8.773662 8.650779 8.518995 8.378727 8.230376 8.074326 7.910942 7.740569 7.563536 7.380149 7.190693 6.995430 6.794600 6.588417 6.377068 6.160718 5.939501 5.713527 5.482882 5.247626 5.007800 4.763424 4.514505 4.261035 4.002999 3.740379 3.473154 3.201308 2.924830 2.643724 2.358004 2.067707 1.772893 1.473647 1.170087 0.862362 0.550659 0.235194 -0.083787 -0.406021 -0.731230
8.756548 8.915012 9.053266 9.171557 9.270342 9.350249 9.412007 9.456391 9.484176 9.496118 9.492947 9.475364 9.444046 9.399646 9.342793 9.274095 9.194137 9.103486 9.002684 8.892256 8.772703 8.644508 8.508132 8.364017 8.212583 8.054230 7.889339 7.718265 7.541346 7.358891 7.171189 6.978502 6.781065 6.579084 6.372737 6.162175 5.947518 5.728858 5.506261 5.279769 5.049403 4.815166 4.577047 4.335024 4.089072 3.839161 3.585266 3.327365 3.065449 2.799518 2.529592 2.255707 1.977923 1.696326 1.411026 1.122161 0.829896 0.534417 0.235929 -0.065351 -0.369200
8.948953 9.098990 9.227737 9.335666 9.423490 9.492069 9.542316 9.575133 9.591392 9.591924 9.577526 9.548965 9.506981 9.452289 9.385577 9.307512 9.218730 9.119846 9.011446 8.894092 8.768321 8.634644 8.493549 8.345500 8.190935 8.030271 7.863899 7.692186 7.515472 7.334072 7.148272 6.958332 6.764476 6.566902 6.365773 6.161222 5.953348 5.742224 5.527892 5.310373 5.089665 4.865753 4.638608 4.408196 4.174479 3.937420 3.696990 3.453166 3.205939 2.955311 2.701305 2.443960 2.183337 1.919518 1.652606 1.382726 1.110018 0.834639 0.556756 0.276541 -0.005826
9.147828 9.288604 9.406923 9.503605 9.579694 9.636285 9.674443 9.695163 9.699386 9.688006 9.661886 9.621859 9.568736 9.503298 9.426303 9.338475 9.240511 9.133074 9.016798 8.892285 8.760104 8.620799 8.474882 8.322838 8.165123 8.002166 7.834370 7.662108 7.485723 7.305531 7.121813 6.934818 6.744763 6.551826 6.356153 6.157852 5.957001 5.753643 5.547797 5.339457 5.128599 4.915186 4.699173 4.480511 4.259154 4.035059 3.808195 3.578540 3.346085 3.110840 2.872829 2.632096 2.388702 2.142725 1.894261 1.643419 1.390319 1.135087 0.877856 0.618761 0.357939
9.351686 9.482300 9.589286 9.673972 9.737746 9.781883 9.807528 9.815733 9.807488 9.783750 9.745451 9.693500 9.628787 9.552171 9.464481 9.366513 9.259023 9.142731 9.018319 8.886430 8.747671 8.602612 8.451793 8.295717 8.134859 7.969658 7.800524 7.627836 7.451937 7.273137 7.091711 6.907894 6.721885 6.533842 6.343884 6.152093 5.958513 5.763159 5.566019 5.367059 5.166229 4.963471 4.758723 4.551926 4.343024 4.131972 3.918737 3.703300 3.485659 3.265826 3.043832 2.819725 2.593566 2.365431 2.135408 1.903591 1.670080 1.434979 1.198387 0.960407 0.721138
9.558697 9.678164 9.773070 9.845308 9.896478 9.927910 9.940769 9.936138 9.915061 9.878567 9.827669 9.763367 9.686639 9.598431 9.499656 9.391184 9.273842 9.148408 9.015616 8.876153 8.730663 8.579748 8.423970 8.263853 8.099885 7.932517 7.762164 7.589205 7.413981 7.236793 7.057902 6.877526 6.695839 6.512972 6.329010 6.143999 5.957950 5.770838 5.582619 5.393226 5.202586 5.010617 4.817244 4.622394 4.426008 4.228039 4.028456 3.827246 3.624410 3.419970 3.213962 3.006438 2.797461 2.587105 2.375451 2.162581 1.948581 1.733530 1.517505 1.300576 1.082809
9.766419 9.873895 9.956466 10.016263 10.054849 10.073511 10.073422 10.055709 10.021493 9.971890 9.908014 9.830966 9.741825 9.641637 9.531406 9.412087 9.284581 9.149733 9.008333 8.861115 8.708761 8.551906 8.391135 8.226991 8.059975 7.890547 7.719124 7.546083 7.371758 7.196436 7.020360 6.843720 6.666661 6.489274 6.311607 6.133661 5.955402 5.776767 5.597672 5.418019 5.237706 5.056634 4.874711 4.691859 4.508013 4.323129 4.137180 3.950159 3.762075 3.572959 3.382852 3.191813 2.999907 2.807207 2.613790 2.419730 2.225099 2.029959 1.834366 1.638364 1.441988
9.971480 10.067147 10.137959 10.185757 10.211982 10.217915 10.204781 10.173796 10.126182 10.063167 9.985979 9.895832 9.793918 9.681391 9.559357 9.428865 9.290899 9.146380 8.996157 8.841016 8.681682 8.518821 8.353044 8.184912 8.014938 7.843587 7.671277 7.498379 7.325214 7.152050 6.979102 6.806527 6.634428 6.462850 6.291789 6.121196 5.950987 5.781052 5.611266 5.441499 5.271624 5.101523 4.931093 4.760250 4.588930 4.417093 4.244717 4.071804 3.898373 3.724462 3.550123 3.375418 3.200417 3.025196 2.849827 2.674380 2.498917 2.323487 2.148130 1.972869 1.797710
10.170436 10.256436 10.316603 10.352982 10.367117 10.360391 10.334152 10.289748 10.228531 10.151858 10.061080 9.957534 9.842531 9.717343 9.583187 9.441218 9.292514 9.138077 8.978828 8.815610 8.649191 8.480275 8.309498 8.137440 7.964624 7.791518 7.618539 7.446046 7.274341 7.103665 6.934196 6.766047 6.599267 6.433842 6.269708 6.106754 5.944841 5.783809 5.623492 5.463727 5.304365 5.145273 4.986339 4.827479 4.668632 4.509762 4.350857 4.191929 4.033007 3.874138 3.715384 3.556814 3.398503 3.240529 3.082966 2.925879 2.769326 2.613348 2.457970 2.303199 2.149021
10.364398 10.441506 10.491851 10.517296 10.519552 10.500217 10.460832 10.402909 10.327947 10.237437 10.132858 10.015675 9.887323 9.749198 9.602638 9.448913 9.289209 9.124620 8.956149 8.784704 8.611107 8.436099 8.260346 8.084445 7.908930 7.734271 7.560876 7.389089 7.219185 7.051367 6.885766 6.722435 6.561354 6.402438 6.245549 6.090509 5.937117 5.785162 5.634438 5.484754 5.335940 5.187854 5.040381 4.893438 4.746969 4.600947 4.455372 4.310264 4.165666 4.021634 3.878239 3.735559 3.593676 3.452670 3.312619 3.173588 3.035632 2.898787 2.763071 2.628477 2.494976
10.555078 10.623153 10.663662 10.678212 10.668616 10.636673 10.584115 10.512621 10.423838 10.319389 10.200881 10.069901 9.928010 9.776729 9.617526 9.451796 9.280846 9.105880 8.927994 8.748177 8.567311 8.386183 8.205490 8.025851 7.847807 7.671829 7.498311 7.327573 7.159856 6.995310 6.834001 6.675906 6.520919 6.368868 6.219531 6.072655 5.927974 5.785230 5.644181 5.504611 5.366337 5.229213 5.093123 4.957990 4.823767 4.690437 4.558012 4.426523 4.296026 4.166586 4.038286 3.911211 3.785449 3.661089 3.538209 3.416880 3.297156 3.179071 3.062639 2.947847 2.834653
10.744174 10.802275 10.832147 10.835352 10.813700 10.769067 10.703307 10.618234 10.515623 10.397218 10.264742 10.119897 9.964360 9.799779 9.627750 9.449803 9.267382 9.081820 8.894327 8.705988 8.517761 8.330486 8.144901 7.961645 7.781270 7.604241 7.430934 7.261638 7.096538 6.935721 6.779163 6.626741 6.478246 6.333403 6.191895 6.053392 5.917568 5.784119 5.652775 5.523305 5.395517 5.269266 5.144441 5.020973 4.898827 4.777998 4.658509 4.540404 4.423750 4.308624 4.195118 4.083325 3.973343 3.865264 3.759174 3.655147 3.553240 3.453488 3.355905 3.260476 3.167152
10.933028 10.979179 10.997211 10.988356 10.954260 10.896759 10.817748 10.719119 10.602738 10.470447 10.324063 10.165387 9.996200 9.818261 9.633295 9.442972 9.248884 9.052514 8.855216 8.658193 8.462500 8.269048 8.078622 7.891888 7.709406 7.531632 7.358919 7.191505 7.029507 6.872915 6.721592 6.575289 6.433670 6.296342 6.162894 6.032917 5.906034 5.781907 5.660244 5.540807 5.423404 5.307894 5.194178 5.082196 4.971925 4.863372 4.756574 4.651588 4.548490 4.447369 4.348325 4.251462 4.156882 4.064686 3.974965 3.887798 3.803247 3.721352 3.642128 3.565562 3.491606
11.120267 11.153391 11.158508 11.136799 11.089768 11.019153 10.926819 10.814677 10.684642 10.538617 10.378489 10.206130 10.023402 9.832158 9.634238 9.431448 9.225538 9.018164 8.810852 8.604962 8.401678 8.202005 8.006787 7.816725 7.632388 7.454221 7.282535 7.117502 6.959140 6.807309 6.661719 6.521966 6.387565 6.258003 6.132774 6.011406 5.893478 5.778632 5.666568 5.557046 5.449882 5.344944 5.242143 5.141434 5.042805 4.946279 4.851902 4.759743 4.669889 4.582439 4.497500 4.415183 4.335600 4.258857 4.185050 4.114264 4.046567 3.982005 3.920598 3.862339 3.807183
11.304170 11.323753 11.315273 11.280072 11.219641 11.135655 11.029923 10.904336 10.760817 10.601292 10.427682 10.241904 10.045871 9.841505 9.630734 9.415485 9.197665 8.979118 8.761578 8.546611 8.335575 8.129606 7.929634 7.736404 7.550497 7.372335 7.202173 7.040085 6.885944 6.739431 6.600061 6.467239 6.340328 6.218695 6.101755 5.988990 5.879956 5.774285 5.671679 5.571905 5.474792 5.380218 5.288109 5.198432 5.111190 5.026415 4.944166 4.864522 4.787579 4.713443 4.642230 4.574057 4.509040 4.447291 4.388913 4.333996 4.282613 4.234818 4.190639 4.150075 4.113092
11.483176 11.488878 11.466421 11.417326 11.343169 11.245621 11.126459 10.987539 10.830760 10.658044 10.471315 10.272499 10.063532 9.846369 9.622995 9.395429 9.165715 8.935888 8.707918 8.483631 8.264631 8.052248 7.847536 7.651303 7.464144 7.286447 7.118380 6.959867 6.810573 6.669930 6.537209 6.411611 6.292347 6.178692 6.070006 5.965746 5.865463 5.768794 5.675452 5.585216 5.497928 5.413480 5.331813 5.252905 5.176772 5.103455 5.033024 4.965566 4.901184 4.839992 4.782107 4.727654 4.676752 4.629517 4.586056 4.546466 4.510824 4.479192 4.451606 4.428076 4.408580
11.655785 11.647348 11.610710 11.547536 11.459504 11.348332 11.215794 11.063719 10.893977 10.708457 10.509061 10.297698 10.076297 9.846815 9.611256 9.371688 9.130253 8.889152 8.650600 8.416734 8.189495 7.970508 7.761027 7.561955 7.373906 7.197209 7.031897 6.877658 6.733845 6.599561 6.473801 6.355572 6.243967 6.138202 6.037618 5.941671 5.849923 5.762025 5.677704 5.596756 5.519038 5.444454 5.372956 5.304537 5.239218 5.177053 5.118118 5.062505 5.010323 4.961688 4.916722 4.875550 4.838295 4.805074 4.775999 4.751167 4.730664 4.714557 4.702891 4.695688 4.692939
11.820487 11.797746 11.746852 11.669578 11.567696 11.442987 11.297248 11.132296 10.949966 10.752108 10.540583 10.317266 10.084053 9.842876 9.595727 9.344676 9.091909 8.839734 8.590576 8.346905 8.111092 7.885211 7.670857 7.469102 7.280577 7.105520 6.943727 6.794500 6.656736 6.529149 6.410468 6.299554 6.195442 6.097338 6.004591 5.916679 5.833183 5.753772 5.678192 5.606253 5.537823 5.472820 5.411206 5.352980 5.298173 5.246844 5.199073 5.154957 5.114605 5.078134 5.045667 5.017327 4.993238 4.973517 4.958275 4.947613 4.941620 4.940369 4.943915 4.952289 4.965499
11.975744 11.938652 11.873545 11.782286 11.666734 11.528731 11.370105 11.192665 10.998217 10.788567 10.565530 10.330935 10.086635 9.834522 9.576546 9.314749 9.051298 8.788532 8.528998 8.275445 8.030721 7.797528 7.578069 7.373763 7.185255 7.012620 6.855212 6.711682 6.580337 6.459509 6.347748 6.243865 6.146902 6.056093 5.970822 5.890594 5.815012 5.743766 5.676615 5.613380 5.553941 5.498223 5.446195 5.397860 5.353257 5.312444 5.275503 5.242531 5.213636 5.188931 5.168536 5.152572 5.141157 5.134407 5.132432 5.135333 5.143200 5.156111 5.174128 5.197294 5.225631
12.120003 12.068643 11.989488 11.884491 11.755593 11.604690 11.433626 11.244206 11.038205 10.817389 10.583528 10.338404 10.083824 9.821636 9.553743 9.282134 9.008921 8.736398 8.467114 8.203953 7.950155 7.709158 7.484144 7.277356 7.089473 6.920248 6.768092 6.630679 6.505719 6.391321 6.286011 6.188646 6.098328 6.014340 5.936103 5.863150 5.795105 5.731669 5.672612 5.617763 5.567005 5.520268 5.477524 5.438778 5.404068 5.373452 5.347008 5.324829 5.307016 5.293677 5.284925 5.280873 5.281635 5.287319 5.298032 5.313873 5.334931 5.361286 5.393007 5.430147 5.472739
