MFC+VTK/函数库及接口制作/重磁三维基本处理/张双喜的程序/经验模态分解_2D/三峡gra_ε=0.001_BIMF_D1.grd
DSAA
196 196
305000.000000 695000.000000
3265000.000000 3655000.000000
-10.76823 10.95858
[rows 0 to 26 of 196, columns 61 to 121 of 196]
-2.016780 -1.519530 -1.007991 -0.673897 -0.414745 -0.203769 -0.014873 0.161016 0.358600 0.334146 0.162555 -0.009124 -0.344869 -0.885822 -1.591912 -2.514640 -2.397621 -1.892099 -1.402903 -1.034117 -0.829563 -0.734772 -0.445288 0.097953 1.822599 4.313047 2.519024 0.483089 -1.043321 -2.123360 -3.014479 -3.713150 -4.387891 -5.120417 -5.942805 -6.687387 -7.264610 -7.540308 -7.436425 -7.034990 -6.306558 -5.087011 -3.698980 -1.977129 0.175084 2.375956 4.286866 5.066513 5.593497 6.250457 6.805260 7.049173 5.806319 2.784052 -0.318906 -1.123659 1.177550 4.175784 5.737214 5.995941 5.974352
-1.451719 -1.026223 -0.604877 -0.216292 0.139117 0.396249 0.596363 0.875927 1.126228 1.151818 0.986974 0.663514 0.184652 -0.474652 -1.292315 -2.090212 -2.226351 -1.755214 -1.114333 -0.597308 -0.348247 -0.205863 0.098945 0.794506 2.367748 3.835820 2.894149 1.134707 -0.200066 -1.144605 -2.063814 -2.676123 -3.322529 -4.144114 -5.053155 -5.901917 -6.598784 -6.985176 -7.003775 -6.674541 -5.971266 -4.751525 -3.146227 -1.305424 0.687762 2.730184 4.461752 5.294469 5.828100 6.458747 7.205088 7.716538 6.365223 2.104305 -2.967547 -4.967780 -0.495679 4.551957 5.924537 5.724337 5.430350
-0.972642 -0.690751 -0.515650 -0.136675 0.307438 0.632044 0.937379 1.374525 1.739977 1.782175 1.578834 1.229095 0.742951 0.115317 -0.653106 -1.440086 -1.862697 -1.451877 -0.671763 -0.004707 0.167047 0.196824 0.450262 1.159240 2.245462 3.015481 2.700344 1.734385 0.777200 -0.084037 -0.936608 -1.664843 -2.411831 -3.227860 -4.077299 -4.938622 -5.771504 -6.264910 -6.363946 -6.257725 -5.723406 -4.477236 -2.674331 -0.789120 0.991200 2.662898 4.059031 5.019088 5.717712 6.397027 7.296319 7.941643 7.030804 2.529781 -3.563636 -7.250637 -1.351550 3.610784 4.926258 4.620217 4.257063
-0.315425 -0.232105 -0.486256 -0.158870 0.283534 0.606113 0.984779 1.618287 2.193561 2.264311 2.045867 1.740008 1.333294 0.848559 0.222113 -0.548108 -1.326272 -0.846318 -0.084212 0.442762 0.495745 0.370175 0.446065 1.021422 1.837881 2.391631 2.454103 2.174164 1.691249 1.035937 0.212977 -0.662218 -1.526980 -2.308944 -3.012431 -3.738923 -4.517774 -5.077500 -5.410730 -5.729684 -5.525181 -4.138322 -2.073353 -0.182777 1.312376 2.635719 3.715859 4.634287 5.545079 6.350547 7.261692 7.943749 7.424692 4.144183 0.043692 -2.101201 -0.108745 2.308783 2.931290 2.429810 1.888322
0.756878 0.949535 0.281131 0.161232 0.303529 0.429367 0.677215 1.258406 1.933416 2.259512 2.287882 2.103466 1.836704 1.621972 1.266434 0.733460 0.332636 0.462509 0.670500 0.719567 0.582341 0.273564 0.052977 0.563616 1.319778 1.642219 2.025478 2.419261 2.485185 2.101710 1.285537 0.266475 -0.720726 -1.431003 -1.839629 -2.242206 -2.762691 -3.300560 -3.908187 -4.766443 -5.125094 -3.510875 -1.134011 0.682288 1.946560 2.956089 3.785194 4.620906 5.588175 6.440611 7.172485 7.609115 7.262409 5.933999 4.600514 3.085116 2.093350 1.836496 1.086321 -0.154707 -1.104013
1.858635 2.327380 1.323736 0.707201 0.409510 0.168545 0.033872 0.244506 0.896272 1.718710 2.261644 2.185912 2.010784 2.250794 2.264449 1.970439 2.133513 2.007409 1.445094 0.981651 0.596652 0.146778 -0.209308 0.122836 0.638506 0.232504 0.843822 2.258850 3.195886 3.145227 2.266383 1.092070 -0.070268 -0.713074 -0.627413 -0.525099 -0.706593 -1.104832 -1.763761 -2.675584 -3.003525 -1.608212 0.446524 1.917411 2.854717 3.585427 4.271324 5.032053 5.883894 6.597521 7.048752 7.142899 6.854474 6.779019 6.933402 5.752791 3.630352 1.811164 -0.145207 -2.238590 -3.641139
2.217746 2.708372 1.849863 1.132561 0.541787 -0.086717 -0.761908 -1.178370 -0.615796 0.672615 1.589929 1.568154 1.417275 2.019408 2.391918 2.177134 2.475279 2.454596 1.732527 1.114808 0.624380 0.130824 -0.297808 -0.431765 -0.815528 -2.035769 -1.061554 1.679597 3.711491 3.977473 3.004613 1.812906 0.610597 0.140602 0.823572 1.390365 1.486682 1.339708 0.845732 0.178967 0.135295 1.238360 2.663945 3.485199 3.873339 4.287712 4.869595 5.574320 6.308674 6.826765 6.968961 6.761153 6.424025 6.694485 7.179331 6.236353 4.198765 1.908476 -0.577893 -3.000238 -4.660623
2.010634 2.237850 1.881185 1.397210 0.724317 -0.175003 -1.281527 -2.196842 -1.831778 -0.564447 0.262740 0.218863 -0.153549 0.277896 0.931409 0.967824 1.139294 1.482633 1.373338 1.057121 0.655653 0.185156 -0.334648 -0.920527 -1.914850 -3.120676 -2.001320 1.012486 3.382020 3.913306 3.265227 2.438784 1.641231 1.628243 2.745504 3.440839 3.554322 3.783927 3.470480 2.829826 2.940029 3.997500 5.058159 5.091403 4.750973 4.848842 5.358010 6.027045 6.763956 7.131664 6.921322 6.456926 6.080073 6.233305 6.451127 5.823698 4.293911 2.108730 -0.383214 -2.627588 -4.189385
1.973041 2.037858 1.939777 1.684053 1.027348 -0.001008 -1.253040 -2.241516 -2.180577 -1.433024 -0.941867 -1.096373 -1.807700 -1.843923 -0.977606 -0.583809 -0.540217 0.307189 0.943116 1.022732 0.745238 0.275759 -0.328408 -1.030370 -1.867612 -2.399777 -1.519087 0.520667 2.315829 3.061756 3.024074 2.781200 2.617943 3.092757 4.256928 4.786587 4.792892 5.224007 4.966632 4.287885 4.440580 5.455169 6.347489 5.978536 5.287951 5.240080 5.705313 6.346274 7.111629 7.314185 6.706630 5.999759 5.623827 5.683332 5.795772 5.383265 4.220958 2.291585 0.054295 -1.846984 -3.266245
1.849854 2.099251 2.225742 2.054700 1.439761 0.334822 -0.916247 -1.816079 -2.026925 -1.741797 -1.517307 -1.711378 -2.315963 -2.398236 -1.683800 -1.140251 -0.792500 0.156799 0.997633 1.252524 0.973608 0.408798 -0.252913 -0.897168 -1.515027 -1.726649 -1.107511 0.166116 1.400860 2.129277 2.425864 2.592178 2.826790 3.436425 4.356090 4.764592 4.738494 4.847603 4.485226 3.930536 4.050006 4.869799 5.696963 5.713427 5.415236 5.440072 5.852134 6.455524 7.062926 6.999250 6.069634 5.138098 4.723756 4.920101 5.259284 5.044018 3.992778 2.264003 0.466536 -0.996734 -2.348097
1.323718 2.167495 2.440957 2.247801 1.745923 0.596931 -0.638631 -1.463067 -1.762866 -1.658738 -1.518065 -1.634531 -1.912005 -1.874491 -1.394523 -0.810595 -0.171151 0.689303 1.506954 1.776778 1.309033 0.579049 -0.112748 -0.711307 -1.239790 -1.395563 -0.994177 -0.155256 0.725732 1.336488 1.659887 1.945126 2.384426 2.999463 3.629547 3.894069 3.777811 3.455039 2.831376 2.076722 1.993677 3.034771 4.272563 4.890379 5.090008 5.286027 5.706008 6.226498 6.507554 6.117261 5.003700 3.799170 3.330675 3.985545 4.983398 5.055405 3.933706 2.182998 0.677416 -0.492025 -1.749571
0.269715 2.387300 2.382890 1.673805 1.345624 0.455395 -0.540354 -1.193390 -1.415434 -1.294120 -1.074381 -1.127949 -1.332477 -1.176849 -0.710658 -0.198005 0.472518 1.275541 2.140652 2.434337 1.535935 0.653550 0.059613 -0.524334 -1.089441 -1.334981 -1.069236 -0.434199 0.274968 0.778186 1.004768 1.241804 1.755144 2.325696 2.803131 2.875930 2.534429 1.902688 1.056703 0.019528 -0.227840 1.306162 3.069209 4.068261 4.568332 4.876674 5.366599 5.862352 5.972449 5.328424 3.804475 1.980646 1.266993 2.765785 5.181783 5.710702 4.317527 2.401412 0.974263 -0.128153 -1.393913
-1.478322 2.577416 1.731265 0.067528 -0.003422 -0.001379 -0.411784 -0.936991 -1.043424 -0.769915 -0.379719 -0.465559 -0.829113 -0.405883 0.147665 0.506580 0.984050 1.602743 2.277538 2.331348 1.359444 0.589756 0.314754 -0.257567 -1.021049 -1.445373 -1.250313 -0.619537 0.080635 0.591805 0.840480 1.032087 1.348429 1.770294 2.101514 1.935571 1.315134 0.439729 -0.454569 -1.036849 -0.696443 0.805720 2.428166 3.452237 4.049541 4.510011 5.043455 5.535685 5.646947 4.918483 2.873815 -0.165664 -1.859578 0.909948 5.531094 6.532804 5.013023 3.392656 1.818308 0.405607 -1.069697
-1.430297 0.839266 0.475969 -1.373882 -1.471575 -0.031742 0.156097 -0.591306 -0.626136 -0.186953 0.083037 -0.098657 -0.433257 0.794482 1.276319 1.062710 1.212362 1.580294 1.941865 1.893375 1.331923 0.991159 0.966994 0.305088 -0.958240 -1.748113 -1.455085 -0.635743 0.184018 0.780559 1.103137 1.274594 1.415054 1.570948 1.581316 1.144633 0.256522 -0.859649 -1.838054 -1.817520 -0.638052 0.914628 2.243119 3.021222 3.527979 4.071872 4.690680 5.256208 5.594977 5.211733 2.898888 -1.661316 -6.574431 -1.081270 4.318858 6.249493 5.527236 4.145497 2.580472 1.010665 -0.763627
-0.846587 -0.385442 -0.940269 -2.437943 -1.719434 1.027881 1.588993 0.164891 0.086494 0.485316 0.469684 0.256994 1.029376 2.569827 2.038851 1.094318 1.078634 1.291798 1.496167 1.512409 1.420951 1.579974 2.016744 1.279168 -0.827339 -2.222428 -1.522589 -0.400671 0.571133 1.196673 1.552979 1.671081 1.638471 1.504460 1.178593 0.504201 -0.545864 -1.883214 -3.276699 -3.126171 -1.306405 0.707986 2.041743 2.504116 2.845948 3.482562 4.241920 4.904637 5.558806 6.119468 4.240345 0.144494 -2.523137 0.576390 4.318365 6.110177 5.661098 4.373307 2.960452 1.441607 -0.570830
-0.451549 -0.899415 -1.543707 -2.093771 -0.997845 1.562110 2.320904 1.143585 1.145208 1.268509 0.793863 0.087796 -0.411885 -0.229028 0.199548 0.398205 0.597832 0.815451 0.994452 1.075391 1.301799 1.729003 2.238350 1.541520 -0.478106 -1.693735 -1.169134 0.014087 1.045944 1.650919 2.046593 2.045615 1.840345 1.477092 0.911815 0.100124 -0.984004 -2.316500 -3.637215 -3.575579 -1.937757 -0.085789 1.122267 1.548591 1.845056 2.690340 3.700395 4.329860 4.988692 5.745558 5.027407 3.388791 3.437922 4.338812 5.271240 5.889088 5.390580 4.232850 2.927702 1.440184 -0.515273
-0.342331 -1.022506 -1.546962 -1.573239 -0.584307 1.049380 1.780310 1.917888 2.384113 1.922821 1.029590 -0.195102 -1.853310 -2.624023 -1.467919 -0.314050 0.071048 0.275343 0.450242 0.612052 0.903326 1.267091 1.487397 0.924164 -0.288191 -0.997302 -0.688386 0.223711 1.126759 1.795097 2.268236 2.171582 1.904484 1.426659 0.745914 -0.074442 -1.051774 -2.134757 -3.054658 -3.073015 -2.102435 -0.919588 -0.082936 0.334866 0.726419 1.622394 2.687115 3.322883 3.915069 4.569697 4.734790 4.843315 5.818802 5.935945 5.644164 5.430704 4.831616 3.841964 2.675471 1.330569 -0.272887
-0.341348 -1.038500 -1.492481 -1.457173 -0.782719 0.116343 0.614125 1.067353 1.423731 1.510951 1.074751 -0.029916 -0.933368 -1.247268 -0.721342 -0.299631 -0.236922 -0.193806 -0.064236 0.139597 0.376222 0.580519 0.557847 0.188599 -0.299539 -0.583055 -0.398932 0.156438 0.801132 1.389896 1.787111 1.768116 1.592560 1.178883 0.574141 -0.115383 -0.878315 -1.641661 -2.225799 -2.343227 -1.981384 -1.473642 -1.101569 -0.866677 -0.507200 0.237992 1.171786 1.898985 2.547392 3.206269 3.774074 4.387820 5.113680 5.338225 5.102034 4.721378 4.113612 3.287305 2.357152 1.332965 0.221942
-0.310606 -1.077084 -1.566315 -1.597485 -1.132979 -0.631595 -0.697272 -1.286367 -1.356655 -0.040517 0.338856 -0.187182 0.313822 1.189448 1.028621 0.120511 -0.420442 -0.564764 -0.494491 -0.328438 -0.134273 0.016390 0.022658 -0.130366 -0.284012 -0.369594 -0.275432 -0.009107 0.329332 0.644934 0.851403 0.918088 0.887851 0.685016 0.320104 -0.125339 -0.596105 -1.056361 -1.455954 -1.681642 -1.731068 -1.756269 -1.857155 -1.971790 -1.859232 -1.293508 -0.464101 0.375225 1.152819 1.847105 2.479221 3.139707 3.758873 4.116822 4.121132 3.849960 3.329642 2.652018 2.012383 1.397700 0.713133
-0.252867 -1.252741 -1.827893 -1.904957 -1.512723 -0.948289 -1.094062 -2.202852 -2.523125 -1.653234 -1.548423 -1.302106 0.247027 2.655238 2.257337 0.107229 -0.814576 -0.902437 -0.836238 -0.714469 -0.545380 -0.376329 -0.250531 -0.199485 -0.184323 -0.192231 -0.196560 -0.179177 -0.154950 -0.136488 -0.124956 -0.069759 0.070189 0.133173 0.031257 -0.138672 -0.266390 -0.425513 -0.718672 -1.047627 -1.377935 -1.814107 -2.320795 -2.819781 -3.053317 -2.590288 -1.823686 -0.952827 -0.091750 0.550814 1.036337 1.567608 2.254269 2.824347 3.070245 3.030525 2.735213 2.209991 1.817973 1.557073 1.142790
-0.276545 -1.674770 -2.302348 -2.372584 -1.998735 -0.918340 0.315688 -0.071923 -1.134028 -1.984343 -2.563614 -2.107464 -1.048755 2.096317 1.865027 -0.857891 -1.503391 -1.248591 -1.113399 -1.003020 -0.857782 -0.657743 -0.432900 -0.215149 -0.034141 0.035679 -0.053291 -0.266914 -0.555682 -0.841880 -1.018194 -0.966058 -0.598261 -0.255904 -0.118696 -0.058396 0.105537 0.183969 -0.089233 -0.543324 -1.053365 -1.731922 -2.440613 -3.129952 -3.642155 -3.230718 -2.648332 -1.845999 -0.984894 -0.555326 -0.337511 -0.007403 0.867770 1.717362 2.220217 2.502532 2.675577 2.385730 2.035371 1.900261 1.681326
-0.406317 -2.501636 -2.976719 -2.844948 -2.714408 -1.420262 1.759032 2.765381 0.878172 0.270223 0.216083 -0.275272 -1.584091 0.431172 0.449563 -2.068461 -2.158897 -1.557674 -1.367180 -1.276519 -1.138616 -0.921722 -0.591975 -0.222084 0.163808 0.380145 0.262248 -0.151897 -0.767126 -1.386957 -1.679792 -1.495300 -0.949850 -0.374083 0.025074 0.288881 0.537364 0.612680 0.266828 -0.344800 -0.985217 -1.629622 -2.217356 -2.745076 -3.081577 -2.987201 -2.654375 -2.060875 -1.377089 -1.407405 -1.485561 -1.136307 -0.167646 0.948264 1.791899 2.503589 3.130174 3.123373 2.668283 2.539205 2.617383
-0.678271 -4.133936 -3.725382 -3.084288 -3.315701 -2.605364 0.228255 1.481769 1.159830 2.211640 2.647189 0.971102 -0.461910 -0.415964 -1.108736 -2.797941 -2.552714 -1.821359 -1.542173 -1.428978 -1.359836 -1.199004 -0.807236 -0.317856 0.355996 0.886003 0.867012 0.272745 -0.685675 -1.667425 -2.046369 -1.666158 -0.995259 -0.233080 0.424072 0.845657 1.012666 0.897143 0.430626 -0.309715 -1.041260 -1.447657 -1.682930 -1.950123 -2.180738 -2.277580 -2.216221 -1.981573 -1.747151 -2.101427 -2.440837 -2.093336 -0.967025 0.471198 1.631162 2.778184 3.855045 4.118297 3.759449 3.933682 4.043249
-0.667682 -4.142210 -4.037100 -3.356858 -3.221267 -2.568422 -1.099215 -0.344775 -0.351468 0.340262 1.020753 0.497875 -0.236270 -0.709128 -1.416148 -2.159122 -2.097922 -1.760039 -1.577566 -1.469717 -1.393191 -1.238735 -0.997665 -0.609131 0.492125 1.489894 1.703067 0.904881 -0.262921 -1.306974 -1.729857 -1.509365 -0.870659 0.021788 0.927645 1.470045 1.490008 1.201331 0.657872 -0.147945 -0.962139 -1.014629 -0.829878 -0.893417 -1.109909 -1.383020 -1.633786 -1.829027 -2.112857 -2.698238 -3.351979 -3.119048 -1.689965 -0.119125 1.275010 2.708054 4.046286 4.547098 4.342543 4.684039 4.727898
-1.224947 -3.534091 -3.813278 -3.370234 -2.908950 -2.268199 -1.598933 -1.462976 -1.996816 -2.065116 -1.043421 -0.428721 -0.472412 -0.848769 -1.320590 -1.635965 -1.700708 -1.625275 -1.549923 -1.456705 -1.338467 -1.198585 -1.023466 -0.596807 0.568096 1.927158 2.502578 1.433468 0.254997 -0.704853 -1.225046 -1.240976 -0.744799 0.200284 1.354329 2.045899 1.836427 1.474887 1.007167 0.426948 -0.032578 0.050236 0.309358 0.303609 0.007145 -0.485045 -1.024013 -1.559244 -2.149461 -2.880905 -3.621374 -3.462661 -2.021360 -0.513292 0.877611 2.169074 2.998387 3.467683 3.859324 4.192771 4.030924
-2.312387 -3.213415 -3.471243 -3.180862 -2.601183 -1.925945 -1.446510 -1.440462 -2.244645 -2.907612 -1.519017 -0.728934 -0.668139 -1.003042 -1.413973 -1.661827 -1.740727 -1.718344 -1.693216 -1.594482 -1.390113 -1.192931 -1.018697 -0.618188 0.339450 1.508544 2.000580 1.391226 0.531682 -0.256566 -0.836709 -1.111184 -0.815042 0.091537 1.219884 1.880686 1.845500 1.620322 1.378990 1.164891 1.094831 1.307114 1.518119 1.487562 1.033547 0.285737 -0.501487 -1.240772 -1.934518 -2.606468 -3.091742 -2.802482 -1.782589 -0.427952 0.978237 1.528587 1.756817 2.171578 2.816778 3.101789 2.896626
-2.841418 -3.004553 -3.115319 -2.834652 -2.177462 -1.413714 -0.778872 -0.335666 -0.047972 0.104860 -0.017813 -0.359465 -0.771710 -1.249958 -1.764754 -2.111027 -2.172617 -2.084763 -2.091093 -1.985040 -1.617979 -1.273209 -1.181649 -1.010940 -0.333299 0.579133 1.064791 0.905272 0.380567 -0.208036 -0.785235 -1.361877 -1.233721 -0.295228 0.775285 1.450762 1.628171 1.606083 1.611692 1.703567 1.846107 2.164330 2.295801 2.278241 1.688840 0.717652 -0.181880 -0.993768 -1.666106 -2.181390 -2.489762 -2.224327 -1.583257 -0.546726 0.512269 0.819146 0.929903 1.301460 1.764187 1.925386 1.742068
