MFC+VTK/函数库及接口制作/重磁三维基本处理/张双喜的程序/经验模态分解_2D/三峡gra_ε=0.001_BIMF_A1.grd
DSAA
196 196
305000.000000 695000.000000
3265000.000000 3655000.000000
-152.78225 -15.19222
[rows 50 to 74 of 196, columns 110 to 164 of 196]
-57.822299 -57.534340 -57.542358 -57.671758 -57.671312 -57.277585 -56.618976 -55.790486 -54.761067 -53.458072 -52.100997 -50.921541 -50.115395 -49.833847 -50.097791 -50.782551 -51.642991 -52.424669 -52.930973 -53.011940 -52.703688 -52.364819 -52.206853 -52.174993 -52.298872 -52.580658 -52.938608 -53.277865 -53.537422 -53.618442 -53.381534 -52.670319 -51.609012 -50.290059 -48.717168 -47.017690 -45.286832 -43.550517 -41.559742 -40.182238 -40.585708 -41.621568 -42.724486 -43.736896 -44.771447 -46.244936 -47.903151 -49.384896 -50.184671 -48.830084 -46.936409 -45.013609 -43.303489 -41.910992 -40.866865
-56.654469 -56.258723 -56.148066 -56.185351 -56.221423 -56.157806 -55.962250 -55.651076 -55.173848 -54.153138 -53.112765 -52.267227 -51.746205 -51.609460 -51.839102 -52.384421 -53.129395 -53.880255 -54.519734 -54.755719 -54.314447 -53.700646 -53.181553 -52.798097 -52.566692 -52.553665 -52.642795 -52.744718 -52.858365 -52.882800 -52.682873 -52.163873 -51.288847 -50.078748 -48.567639 -46.817419 -44.887756 -42.854719 -40.944748 -39.844308 -40.300312 -41.607120 -42.851216 -43.908134 -44.992774 -46.263371 -47.577046 -48.628002 -48.918213 -47.956115 -46.285474 -44.431156 -42.711703 -41.298362 -40.267519
-55.537480 -54.840248 -54.481281 -54.371852 -54.439143 -54.608637 -54.785670 -54.879540 -54.774880 -54.367914 -53.865522 -53.463904 -53.270798 -53.312553 -53.565207 -53.988505 -54.523402 -55.112982 -55.732478 -56.204439 -55.549367 -54.784077 -54.072875 -53.425715 -52.887800 -52.544500 -52.338915 -52.216627 -52.135566 -52.094270 -51.963986 -51.584425 -50.869314 -49.810852 -48.429531 -46.748835 -44.800665 -42.723774 -40.898199 -39.961965 -40.474974 -41.850719 -43.204529 -44.235460 -45.179864 -46.079660 -46.846820 -47.280769 -47.139905 -46.336871 -45.000366 -43.441633 -41.946005 -40.698056 -39.791124
-54.515276 -53.414590 -52.706614 -52.398641 -52.453229 -52.772061 -53.223750 -53.675720 -54.015055 -54.205187 -54.295877 -54.390557 -54.563276 -54.825259 -55.141207 -55.464689 -55.756780 -55.998344 -56.161255 -56.173331 -55.918992 -55.453186 -54.781067 -54.009515 -53.246971 -52.607995 -52.221556 -51.948607 -51.641850 -51.521541 -51.441343 -51.097600 -50.455123 -49.531668 -48.331312 -46.878870 -45.166959 -43.242789 -41.482823 -40.390197 -41.091511 -42.343866 -43.573383 -44.506325 -45.177614 -45.624614 -45.824310 -45.715780 -45.260878 -44.478711 -43.414460 -42.211774 -41.070806 -40.123515 -39.439314
-53.664965 -52.121456 -50.972765 -50.434791 -50.412586 -50.786091 -51.435671 -52.227871 -53.034605 -53.778429 -54.428900 -55.007561 -55.548055 -56.046003 -56.450996 -56.680725 -56.729155 -56.564514 -56.200165 -55.728893 -55.786380 -55.700393 -55.171131 -54.460996 -53.625655 -52.796498 -52.472961 -52.155062 -51.777337 -51.464836 -51.257401 -50.790546 -50.122687 -49.283504 -48.293033 -47.167605 -45.886758 -44.238875 -42.839475 -42.130395 -42.429906 -43.261853 -44.143941 -44.702615 -44.960870 -44.941589 -44.662384 -44.151376 -43.476205 -42.728093 -41.887044 -41.009073 -40.241750 -39.654446 -39.255906
-53.083337 -51.134758 -49.473168 -48.710256 -48.499189 -48.789933 -49.560956 -50.647898 -51.887436 -53.147435 -54.319045 -55.338113 -56.196077 -56.884337 -57.370960 -57.484581 -57.349139 -56.883724 -56.286706 -55.767099 -55.564378 -55.416400 -55.106508 -54.685534 -53.990899 -53.430372 -53.102693 -52.682839 -52.205421 -51.743309 -51.286142 -50.697471 -49.962103 -49.151597 -48.366947 -47.520522 -46.530930 -45.412473 -44.485544 -44.034581 -44.101124 -44.479834 -44.793706 -44.803769 -44.564852 -44.111848 -43.491136 -42.748640 -41.954892 -41.333011 -40.720901 -40.169222 -39.677021 -39.429113 -39.315844
-52.780514 -50.598374 -48.712107 -47.480094 -46.894593 -46.936612 -47.733754 -48.997067 -50.580448 -52.320021 -54.008666 -55.443428 -56.524316 -57.281714 -57.701216 -57.749956 -57.480217 -56.948776 -56.315481 -55.737953 -55.293404 -54.969138 -54.657373 -54.309593 -53.941705 -53.742532 -53.685792 -53.188272 -52.674705 -52.156200 -51.573819 -50.881320 -50.073109 -49.224884 -48.642102 -48.034257 -47.340190 -46.637699 -46.061992 -45.749194 -45.722276 -45.764218 -45.381149 -44.789345 -44.030053 -43.206149 -42.401140 -41.645072 -40.977160 -40.465445 -40.077919 -39.808845 -39.655438 -39.640439 -39.675919
-52.603210 -50.311964 -48.269880 -46.702559 -45.751853 -45.521981 -46.087176 -47.305457 -49.097257 -51.259302 -53.484528 -55.384761 -56.573078 -57.319022 -57.618635 -57.555396 -57.231341 -56.741833 -56.184941 -55.593073 -54.968392 -54.459054 -53.980805 -53.590790 -53.386096 -53.389663 -53.437667 -53.289436 -53.017018 -52.628842 -52.045422 -51.318289 -50.526013 -49.780928 -49.201305 -48.709756 -48.249162 -47.824624 -47.452675 -47.167558 -47.082133 -46.743387 -45.872078 -44.658834 -43.385483 -42.295700 -41.458363 -40.825582 -40.360635 -40.029903 -39.863805 -39.858802 -39.977698 -40.152181 -40.287028
-52.203650 -50.121007 -48.092902 -46.347164 -45.077428 -44.453918 -44.613179 -45.620926 -47.464720 -49.924232 -52.630433 -55.092991 -56.427453 -57.095613 -57.214938 -56.974959 -56.608389 -56.247282 -55.873940 -55.373995 -54.679354 -53.927331 -53.169453 -52.613828 -52.447202 -52.585380 -52.816488 -53.018031 -53.134237 -53.073876 -52.585292 -51.903279 -51.161361 -50.470710 -49.898016 -49.460645 -49.135057 -48.882407 -48.654603 -48.422982 -48.246322 -47.692663 -46.407329 -44.350096 -42.679519 -41.505173 -40.719601 -40.246262 -40.022988 -39.904624 -39.981314 -40.224421 -40.555176 -40.868706 -41.056671
-51.902621 -50.097324 -48.211340 -46.421047 -44.907764 -43.856512 -43.496098 -44.115037 -45.813479 -48.354876 -51.328928 -54.084872 -55.895178 -56.623397 -56.563290 -56.089371 -55.614538 -55.486290 -55.391580 -54.976254 -54.149578 -53.273754 -52.276029 -51.537554 -51.434917 -51.620143 -51.967711 -52.469370 -52.995453 -53.272921 -53.050730 -52.497431 -51.813768 -51.140867 -50.565426 -50.138335 -49.863650 -49.702494 -49.586173 -49.426319 -49.106700 -48.417498 -47.036541 -43.839149 -42.135332 -40.982180 -40.230477 -39.860100 -39.817851 -40.001805 -40.366856 -40.842152 -41.326149 -41.711115 -41.890636
-51.892601 -50.371840 -48.689558 -46.954760 -45.312987 -43.924687 -43.023053 -43.167250 -44.422879 -46.712602 -49.856681 -52.949335 -55.128312 -55.842224 -55.693673 -55.080019 -54.402714 -54.576688 -54.700691 -54.089983 -53.188134 -52.241525 -51.374605 -50.791760 -50.607898 -50.695034 -50.970066 -51.774221 -52.730185 -53.424622 -53.400304 -52.984240 -52.362325 -51.687363 -51.077630 -50.609541 -50.309968 -50.156903 -50.078338 -49.934097 -49.477840 -48.408896 -46.610571 -44.150983 -42.193129 -40.843418 -40.022243 -39.703069 -39.861518 -40.352416 -41.006978 -41.674544 -42.232367 -42.602416 -42.701518
-52.268273 -51.034704 -49.586984 -47.975147 -46.319439 -44.793655 -43.669535 -43.275153 -43.746014 -45.399243 -48.567127 -51.738715 -53.848711 -54.611188 -54.597687 -54.193684 -53.786396 -53.677410 -53.500682 -52.903750 -52.039049 -51.156554 -50.543818 -50.179141 -50.002358 -49.893864 -50.023700 -51.206729 -52.445958 -53.308026 -53.560392 -53.306815 -52.740555 -52.041975 -51.355554 -50.783905 -50.378861 -50.137319 -49.989919 -49.796432 -49.286665 -47.960366 -46.204214 -44.293410 -42.499420 -41.076493 -40.159220 -39.859869 -40.213467 -41.013171 -41.918923 -42.690337 -43.214255 -43.467049 -43.400870
-53.066399 -52.110926 -50.926501 -49.494147 -47.880714 -46.272659 -44.959561 -44.227326 -44.338384 -45.542675 -47.770170 -50.194485 -52.029713 -52.994618 -53.262847 -53.163667 -52.960972 -52.730888 -52.383685 -51.803319 -51.068275 -50.264813 -49.951781 -49.745287 -49.609618 -49.630431 -50.047304 -51.077054 -52.294187 -53.235413 -53.598483 -53.441361 -52.916504 -52.178337 -51.369667 -50.619958 -50.025173 -49.603596 -49.285900 -48.917770 -48.276117 -47.180614 -45.797381 -44.330827 -42.886732 -41.615935 -40.703579 -40.536000 -40.956782 -42.022661 -43.092016 -43.813554 -44.180844 -44.228984 -43.951748
-54.298066 -53.560398 -52.660781 -51.470156 -49.852460 -48.114607 -46.609714 -45.630734 -45.408557 -46.034391 -47.330057 -48.891749 -50.282001 -51.242911 -51.674926 -51.808903 -51.789459 -51.665971 -51.436927 -51.076918 -50.604190 -50.121527 -49.805070 -49.595230 -49.508850 -49.673714 -50.220256 -51.131723 -52.225474 -53.182759 -53.492566 -53.376975 -52.894108 -52.111952 -51.141219 -50.131160 -49.270013 -48.586453 -48.061233 -47.584827 -47.025031 -46.289812 -45.373724 -44.344847 -43.307250 -42.418600 -41.794726 -41.758842 -42.307772 -43.319795 -44.388364 -44.878686 -45.002123 -44.806921 -44.310100
-55.990706 -55.310839 -54.656672 -53.741959 -51.987199 -50.076087 -48.360054 -47.104828 -46.485077 -46.522242 -47.070563 -47.900940 -48.761369 -49.450844 -49.885069 -50.136090 -50.300731 -50.437824 -50.553111 -50.599133 -50.502579 -50.266603 -49.962089 -49.712626 -49.625305 -49.815454 -50.364238 -51.155064 -52.029382 -52.765821 -53.126145 -53.100787 -52.688917 -51.871662 -50.724963 -49.443433 -48.222098 -47.201601 -46.479643 -46.041553 -45.765789 -45.469851 -45.015524 -44.372021 -43.678854 -43.119568 -42.862081 -43.055506 -43.687319 -44.553161 -45.325202 -45.678704 -45.589400 -45.128009 -44.376245
-58.217933 -57.397369 -56.788024 -55.705370 -53.991250 -51.973846 -50.012701 -48.408744 -47.365869 -46.879705 -46.849117 -47.112925 -47.465263 -47.787975 -48.030656 -48.247171 -48.574552 -49.025507 -49.581283 -50.160014 -50.545874 -50.475676 -50.204809 -49.970193 -49.881581 -49.994583 -50.466820 -51.067511 -51.687730 -52.216452 -52.546672 -52.590067 -52.273751 -51.447779 -50.136663 -48.603934 -47.038069 -45.655029 -44.727530 -44.491730 -44.644187 -44.829096 -44.769066 -44.395309 -43.961260 -43.660146 -43.661447 -44.071648 -44.801138 -45.599584 -46.151605 -46.256395 -45.885214 -45.152812 -44.184835
-60.974669 -60.317115 -59.221940 -57.774904 -55.903200 -53.710335 -51.460838 -49.454844 -48.016065 -47.063593 -46.546059 -46.367574 -46.274417 -46.267519 -46.224286 -46.282082 -46.743775 -47.461280 -48.396339 -49.473147 -50.448777 -50.471675 -50.331695 -50.232411 -50.234438 -50.347794 -50.557525 -50.852323 -51.199206 -51.537830 -51.792868 -51.840129 -51.526617 -50.711939 -49.391667 -47.714206 -45.917504 -44.265100 -43.098167 -43.200100 -43.761739 -44.368478 -44.510346 -44.353631 -44.129815 -44.000448 -44.110264 -44.644761 -45.478412 -46.332800 -46.816173 -46.559564 -45.821106 -44.848057 -43.751382
-63.770963 -62.892768 -61.599155 -59.878736 -57.730273 -55.246617 -52.694684 -50.363754 -48.497557 -47.090768 -46.086412 -45.417050 -45.001812 -44.798419 -44.495397 -44.505084 -44.972718 -45.840517 -47.007136 -48.299475 -49.407416 -49.995994 -50.268387 -50.417906 -50.538622 -50.639284 -50.544026 -50.494854 -50.558477 -50.714453 -50.888014 -50.923340 -50.637770 -49.876720 -48.580378 -46.848304 -45.003232 -43.386734 -42.424420 -42.483769 -43.141540 -43.880333 -44.198302 -44.246114 -44.183609 -44.163583 -44.322070 -44.773053 -45.613376 -46.511967 -47.095439 -46.392522 -45.317723 -44.189954 -43.113985
-66.394225 -65.197384 -63.718970 -61.768725 -59.318675 -56.508154 -53.680875 -51.040242 -48.842699 -47.022611 -45.553030 -44.412529 -43.583953 -43.029666 -42.707917 -42.776231 -43.315872 -44.296131 -45.589659 -47.008573 -48.327401 -49.376316 -50.083475 -50.495900 -50.673858 -50.629600 -50.355672 -50.007822 -49.775191 -49.779687 -49.884197 -49.899469 -49.661499 -49.001871 -47.703649 -46.054697 -44.360442 -42.932632 -42.100781 -42.265283 -42.902056 -43.574712 -43.992443 -44.141819 -44.138545 -44.131902 -44.256331 -44.607626 -45.213598 -45.873461 -46.138839 -45.570455 -44.432008 -43.231299 -42.352937
-68.726783 -67.157804 -65.370541 -63.102638 -60.340548 -57.398038 -54.431604 -51.638131 -49.135492 -46.930970 -45.042197 -43.466591 -42.226547 -41.373499 -40.992881 -41.158600 -41.871295 -43.032794 -44.456903 -45.994865 -47.576196 -48.950186 -49.944791 -50.520941 -50.704476 -50.539270 -50.097100 -49.491098 -48.913324 -48.847945 -48.860343 -48.800211 -48.557318 -47.987766 -46.792186 -45.363018 -43.970282 -42.873625 -42.312455 -42.561350 -43.146200 -43.714033 -44.043095 -44.116856 -44.027288 -43.909804 -43.889650 -44.033682 -44.328962 -44.751539 -44.886065 -44.504148 -43.435042 -42.185097 -41.633538
-70.656909 -68.704844 -66.630154 -64.155398 -61.131574 -57.959675 -54.906013 -52.071623 -49.421246 -46.882174 -44.645930 -42.712294 -41.139416 -40.042887 -39.557582 -39.827240 -40.833680 -42.315713 -43.959454 -45.597131 -47.423287 -48.936281 -50.006928 -50.595592 -50.714515 -50.425612 -49.839563 -49.111781 -48.458243 -48.085775 -47.870137 -47.661667 -47.333259 -46.758995 -45.859127 -44.796575 -43.796138 -43.109670 -42.967980 -43.300988 -43.831299 -44.283334 -44.371455 -44.213755 -43.897346 -43.540336 -43.266611 -43.165022 -43.256941 -43.471356 -43.573835 -43.360276 -42.721100 -41.897986 -41.223746
-72.179224 -69.903283 -67.497259 -64.874607 -61.515894 -58.196083 -55.142260 -52.365513 -49.734917 -46.962768 -44.431268 -42.253655 -40.498384 -39.262324 -38.682580 -39.056014 -40.485743 -42.372657 -44.369628 -46.334373 -48.059489 -49.420309 -50.359562 -50.804383 -50.760105 -50.304593 -49.575386 -48.744861 -47.980810 -47.375414 -46.927184 -46.553612 -46.152825 -45.649847 -45.040032 -44.389054 -43.821630 -43.505548 -43.795023 -44.292072 -44.783470 -45.047995 -44.890216 -44.431601 -43.806395 -43.124934 -42.511590 -42.126463 -42.039182 -42.171115 -42.381217 -42.489235 -42.311579 -41.757306 -40.995234
-73.613170 -70.881494 -67.842864 -64.657877 -61.452335 -58.275551 -55.314801 -52.582040 -49.847232 -47.051620 -44.406883 -42.137249 -40.388198 -39.247437 -38.810356 -39.361793 -41.091398 -43.285283 -45.597424 -47.776319 -49.303169 -50.398423 -51.040496 -51.182169 -50.848615 -50.147447 -49.236328 -48.274477 -47.382953 -46.624529 -46.022527 -45.544635 -45.133342 -44.751945 -44.408579 -44.147084 -44.051427 -44.226932 -44.728574 -45.340658 -45.838882 -46.014177 -45.543052 -44.738487 -43.806332 -42.800071 -41.816443 -41.135203 -40.880747 -40.958692 -41.392755 -41.890161 -42.136738 -41.718882 -40.887682
-74.459354 -71.403666 -67.970863 -64.344462 -61.447600 -58.582363 -55.740106 -52.940219 -50.118088 -47.296569 -44.626225 -42.381238 -40.853375 -40.054097 -40.031914 -40.907368 -42.662576 -44.930407 -47.306635 -49.409970 -50.905288 -51.763126 -52.009333 -51.691273 -50.927742 -49.890571 -48.758731 -47.660388 -46.660265 -45.821803 -45.166575 -44.676428 -44.321812 -44.086590 -43.979407 -44.034224 -44.303765 -44.820271 -45.518857 -46.260803 -46.807920 -46.871137 -46.260863 -45.126417 -43.935015 -42.666492 -41.463495 -40.556707 -40.049117 -39.981170 -40.696328 -41.469547 -41.867078 -41.630851 -40.854241
-74.617000 -71.585898 -68.219950 -64.850102 -61.870425 -59.079802 -56.306019 -53.487785 -50.636951 -47.832898 -45.221493 -43.061549 -41.930753 -41.548718 -41.917177 -43.045512 -44.843344 -47.090327 -49.428352 -51.460838 -52.858842 -53.432560 -53.153280 -52.211581 -50.895129 -49.468804 -48.117098 -46.920635 -45.847790 -45.011560 -44.394930 -43.969883 -43.720391 -43.639378 -43.727027 -43.992673 -44.447232 -45.102684 -45.924712 -46.851322 -47.615392 -47.792739 -47.081681 -45.739752 -44.187055 -42.641923 -41.273831 -40.250401 -39.693665 -39.702127 -40.401211 -41.233318 -41.708516 -41.484484 -40.759470
