MFC+VTK/函数库及接口制作/重磁三维基本处理/张双喜的程序/经验模态分解_2D/三峡gra_ε=0.001_BIMF_D3.grd
DSAA
196 196
305000.000000 695000.000000
3265000.000000 3655000.000000
-12.59084 12.68441
[rows 54 to 80 of 196, columns 0 to 60 of 196]
1.062361 0.640494 0.238071 -0.119447 -0.431419 -0.695637 -0.916127 -1.091446 -1.218204 -1.292178 -1.308977 -1.264707 -1.156646 -0.983812 -0.747420 -0.451356 -0.103013 0.285108 0.692535 1.086070 1.412934 1.597525 1.571847 1.386038 1.100200 0.755394 0.377064 -0.018926 -0.422629 -0.827403 -1.225852 -1.602314 -1.925816 -2.161607 -2.320243 -2.408645 -2.424844 -2.364214 -2.223634 -2.003404 -1.707848 -1.344598 -0.922688 -0.450890 0.061855 0.604867 1.165353 1.731132 2.307628 2.896406 3.491282 4.080158 4.646647 5.170273 5.625789 5.987751 6.253211 6.420436 6.487693 6.462023 6.371610
0.855748 0.525840 0.207092 -0.087160 -0.346269 -0.564196 -0.739072 -0.868394 -0.948548 -0.975579 -0.945913 -0.856921 -0.707344 -0.497654 -0.230417 0.089143 0.452184 0.844714 1.245538 1.624311 1.940301 2.134925 2.078488 1.883169 1.591906 1.233053 0.828408 0.394116 -0.058478 -0.522261 -0.993407 -1.465735 -1.911657 -2.239756 -2.501339 -2.696507 -2.817745 -2.858156 -2.812481 -2.677648 -2.453221 -2.141303 -1.746145 -1.274078 -0.733752 -0.136471 0.500946 1.141638 1.802425 2.478084 3.155675 3.818104 4.445242 5.014743 5.504145 5.895518 6.177312 6.344805 6.398630 6.348274 6.227702
0.646263 0.403978 0.167352 -0.054995 -0.252635 -0.417159 -0.542640 -0.624617 -0.659109 -0.642539 -0.572115 -0.446229 -0.264801 -0.029575 0.255482 0.583586 0.944255 1.322164 1.695897 2.036521 2.305086 2.449683 2.421060 2.251109 1.975949 1.621878 1.209102 0.754195 0.270834 -0.230137 -0.742077 -1.263900 -1.786335 -2.245172 -2.628746 -2.936377 -3.164800 -3.308288 -3.360096 -3.313652 -3.163771 -2.907504 -2.544822 -2.079698 -1.521113 -0.883684 -0.188523 0.540242 1.293844 2.060254 2.821825 3.557734 4.245847 4.864206 5.393082 5.816815 6.124078 6.310877 6.382915 6.359848 6.280176
0.446852 0.285148 0.126506 -0.023114 -0.155507 -0.262196 -0.335751 -0.370308 -0.361353 -0.305511 -0.200605 -0.045869 0.157780 0.407438 0.697811 1.020678 1.364229 1.712360 2.043999 2.332636 2.547022 2.656477 2.643445 2.507205 2.262023 1.926623 1.519386 1.057078 0.555075 0.028395 -0.508332 -1.050379 -1.653211 -2.216950 -2.709988 -3.123695 -3.454129 -3.696208 -3.842268 -3.883040 -3.809298 -3.613299 -3.290035 -2.839314 -2.269343 -1.596934 -0.843524 -0.032348 0.812551 1.667899 2.510397 3.316965 4.065202 4.734323 5.306531 5.768131 6.110688 6.333440 6.445618 6.466517 6.418892
0.264799 0.176624 0.090403 0.010336 -0.057393 -0.105514 -0.126851 -0.115248 -0.065969 0.024239 0.157114 0.332754 0.549414 0.803216 1.087807 1.393963 1.709230 2.017713 2.300257 2.535548 2.703187 2.788840 2.785301 2.678626 2.465911 2.155673 1.762395 1.301371 0.788215 0.238315 -0.336828 -0.933680 -1.563099 -2.183198 -2.755170 -3.256360 -3.674876 -4.003335 -4.233405 -4.355196 -4.356683 -4.224783 -3.948098 -3.518846 -2.941062 -2.233364 -1.419891 -0.532162 0.394835 1.329183 2.243365 3.113537 3.917824 4.636681 5.254089 5.758624 6.144626 6.413332 6.572959 6.635877 6.612556
0.104329 0.082786 0.062646 0.046940 0.040246 0.048249 0.076963 0.131920 0.217553 0.336862 0.491220 0.680223 0.901505 1.150516 1.420292 1.701284 1.981344 2.246073 2.479819 2.667580 2.797535 2.863465 2.871305 2.788076 2.603739 2.319031 1.942657 1.486030 0.964619 0.394503 -0.212033 -0.846497 -1.498550 -2.149043 -2.769718 -3.333403 -3.818770 -4.212688 -4.507877 -4.698023 -4.770070 -4.703240 -4.476917 -4.075618 -3.494262 -2.748320 -1.872647 -0.915997 0.077009 1.072046 2.042027 2.963574 3.815236 4.578770 5.240096 5.789777 6.223383 6.541326 6.747697 6.847866 6.846047
-0.032289 0.005764 0.044856 0.087193 0.136040 0.195479 0.270015 0.364035 0.481239 0.624143 0.793740 0.989251 1.207937 1.444961 1.693321 1.943924 2.185922 2.407450 2.596925 2.744985 2.846891 2.903791 2.915084 2.846846 2.685673 2.425880 2.064382 1.610244 1.082531 0.499811 -0.123353 -0.774267 -1.439030 -2.103459 -2.748292 -3.349354 -3.878485 -4.308853 -4.642180 -4.880484 -5.011918 -5.006335 -4.822582 -4.452370 -3.881411 -3.089775 -2.153342 -1.143729 -0.109007 0.920751 1.925711 2.880874 3.765435 4.563482 5.263127 5.856174 6.337472 6.704042 6.954493 7.088599 7.107134
-0.144191 -0.053933 0.037103 0.130488 0.228288 0.333046 0.447719 0.575378 0.718736 0.879645 1.058662 1.254732 1.465004 1.684766 1.907546 2.125415 2.329567 2.511199 2.662633 2.778413 2.855931 2.895880 2.907329 2.855445 2.713906 2.482704 2.127715 1.672594 1.143987 0.560886 -0.062047 -0.711237 -1.373119 -2.034335 -2.679710 -3.290541 -3.840842 -4.275444 -4.619560 -4.879261 -5.044521 -5.086607 -4.920779 -4.571297 -4.035587 -3.191808 -2.217653 -1.185534 -0.138534 0.895858 1.911812 2.876027 3.772254 4.589070 5.316750 5.947559 6.473721 6.886827 7.179155 7.345406 7.383665
-0.231549 -0.096964 0.038394 0.175404 0.314867 0.457936 0.606186 0.761402 0.925220 1.098704 1.281931 1.473664 1.671169 1.870232 2.065374 2.250308 2.418601 2.564452 2.683386 2.772628 2.831075 2.859120 2.857746 2.806667 2.688035 2.483831 2.122810 1.672155 1.155029 0.586244 -0.020574 -0.651944 -1.294465 -1.934481 -2.556770 -3.141969 -3.664111 -4.095777 -4.437125 -4.689340 -4.841175 -4.863732 -4.713189 -4.360234 -3.794056 -2.992762 -2.044804 -1.029581 0.002871 1.023090 2.013533 2.954733 3.835500 4.650094 5.391484 6.051507 6.617374 7.073856 7.406499 7.604285 7.661930
-0.295316 -0.124786 0.047246 0.220041 0.393239 0.567019 0.741882 0.918428 1.097163 1.278265 1.461294 1.644899 1.826655 2.003116 2.170092 2.323149 2.458221 2.572119 2.662773 2.729091 2.770368 2.784965 2.767526 2.705561 2.580422 2.365807 2.036829 1.615655 1.126033 0.585488 0.008613 -0.590713 -1.198539 -1.800229 -2.379554 -2.917823 -3.395162 -3.795538 -4.108083 -4.324418 -4.431181 -4.407187 -4.227618 -3.866288 -3.300210 -2.536263 -1.643348 -0.679637 0.307989 1.285181 2.227024 3.117867 3.953280 4.739126 5.477892 6.156221 6.752992 7.246884 7.617957 7.848213 7.925014
-0.341072 -0.138957 0.062253 0.262147 0.460444 0.656958 0.851421 1.043344 1.232023 1.416591 1.595988 1.768774 1.932948 2.085988 2.225130 2.347852 2.452299 2.537412 2.602712 2.647769 2.671265 2.669596 2.635426 2.557348 2.418907 2.202633 1.900950 1.518173 1.068559 0.568366 0.033138 -0.522121 -1.082379 -1.632053 -2.154747 -2.633745 -3.053281 -3.399385 -3.658066 -3.815841 -3.858767 -3.771939 -3.540055 -3.147644 -2.587094 -1.874994 -1.051199 -0.160035 0.757675 1.666798 2.540154 3.360856 4.124996 4.849866 5.571170 6.252340 6.864356 7.384231 7.789221 8.054539 8.151209
-0.361821 -0.138799 0.081629 0.298927 0.513203 0.724313 0.931514 1.133367 1.327877 1.512853 1.686325 1.846650 1.992275 2.121658 2.233554 2.327450 2.403591 2.462566 2.504731 2.529566 2.534937 2.516327 2.466359 2.374901 2.229912 2.021252 1.744777 1.401008 0.997101 0.545336 0.060558 -0.441436 -0.944610 -1.432890 -1.890220 -2.301532 -2.652594 -2.929487 -3.117695 -3.202782 -3.171788 -3.014322 -2.723292 -2.296465 -1.740323 -1.072362 -0.317560 0.492352 1.323355 2.143337 2.929575 3.668826 4.353428 4.991854 5.674274 6.330703 6.933873 7.462271 7.890631 8.186555 8.314470
-0.355160 -0.124121 0.103461 0.327491 0.548327 0.765860 0.979088 1.185877 1.382998 1.566603 1.733177 1.880405 2.007107 2.112696 2.197761 2.264182 2.314268 2.349773 2.371243 2.377669 2.366285 2.332542 2.270289 2.172103 2.029969 1.836717 1.587971 1.283456 0.926873 0.527396 0.098401 -0.344471 -0.784679 -1.205993 -1.592892 -1.931186 -2.207246 -2.407511 -2.518041 -2.525382 -2.418497 -2.190842 -1.842264 -1.380706 -0.822248 -0.187306 0.504864 1.234960 1.968505 2.679900 3.358961 4.005709 4.622943 5.192400 5.782610 6.376121 6.943708 7.459419 7.896714 8.222280 8.388959
-0.320092 -0.096793 0.125189 0.345197 0.563224 0.779069 0.991630 1.198444 1.395438 1.577063 1.737328 1.871911 1.979616 2.060940 2.119397 2.159936 2.186736 2.202098 2.206276 2.197652 2.173074 2.128381 2.059090 1.960939 1.829615 1.659415 1.443556 1.179692 0.870517 0.524596 0.153949 -0.227073 -0.602016 -0.953630 -1.268843 -1.532398 -1.731983 -1.855038 -1.888702 -1.821211 -1.643842 -1.353143 -0.953195 -0.457310 0.112258 0.727995 1.365650 2.023323 2.647210 3.232109 3.786407 4.319297 4.836209 5.339570 5.848867 6.367647 6.879775 7.361224 7.785169 8.120440 8.319339
-0.267634 -0.062051 0.143807 0.349869 0.556200 0.762540 0.967723 1.169259 1.362921 1.542249 1.698432 1.822445 1.910797 1.966939 1.999671 2.017165 2.024603 2.024167 2.015612 1.996870 1.964670 1.915249 1.845231 1.752542 1.636599 1.495628 1.320584 1.098418 0.836470 0.544725 0.233584 -0.084779 -0.395335 -0.676745 -0.923590 -1.114784 -1.241933 -1.293163 -1.256854 -1.123348 -0.886388 -0.544770 -0.104173 0.421122 1.007163 1.621406 2.229553 2.804093 3.298143 3.745376 4.167227 4.578447 4.989205 5.407405 5.837505 6.281061 6.728578 7.160011 7.547540 7.854319 8.031110
-0.206088 -0.025792 0.155661 0.339520 0.526459 0.716236 0.907563 1.097981 1.283613 1.458512 1.613012 1.731589 1.798628 1.829803 1.840571 1.840189 1.833532 1.822474 1.806565 1.783690 1.750762 1.704337 1.641229 1.559437 1.459749 1.347200 1.223069 1.042460 0.829719 0.593238 0.341589 0.086072 -0.159169 -0.378468 -0.559702 -0.688214 -0.752529 -0.741881 -0.646636 -0.459607 -0.177155 0.199957 0.665659 1.207245 1.803170 2.418448 2.997783 3.475320 3.846389 4.164315 4.460499 4.755017 5.060853 5.385890 5.732670 6.100038 6.479416 6.852447 7.191901 7.462317 7.626291
-0.141555 0.006438 0.156958 0.312496 0.474107 0.641448 0.813077 0.986508 1.158034 1.322416 1.472055 1.591990 1.635740 1.649267 1.647076 1.636329 1.621612 1.605333 1.587659 1.566964 1.540655 1.505524 1.458118 1.395334 1.315164 1.219977 1.134638 1.012001 0.854838 0.673811 0.479396 0.282832 0.096709 -0.065716 -0.190920 -0.266031 -0.278945 -0.219231 -0.078780 0.147254 0.459714 0.855320 1.326834 1.862305 2.442734 3.037853 3.590924 3.959569 4.229267 4.440221 4.629880 4.823133 5.033521 5.267906 5.529557 5.818806 6.129361 6.444226 6.738720 6.980473 7.138059
-0.081294 0.028996 0.144485 0.268049 0.400302 0.540637 0.687609 0.838808 0.990420 1.136383 1.266640 1.365004 1.414977 1.431269 1.428544 1.415908 1.399261 1.382721 1.368390 1.355905 1.343399 1.327506 1.304142 1.269701 1.222700 1.165984 1.104191 1.023178 0.916215 0.787398 0.645588 0.501329 0.366077 0.252054 0.172196 0.139131 0.164772 0.259196 0.429532 0.678873 1.005387 1.402234 1.858718 2.360988 2.888626 3.408905 3.868377 4.201775 4.406023 4.535715 4.646117 4.762022 4.894913 5.050040 5.230777 5.441371 5.684360 5.949276 6.210406 6.432032 6.583081
-0.035089 0.036271 0.116470 0.206831 0.307295 0.417311 0.535726 0.660376 0.787372 0.910198 1.019365 1.104576 1.160645 1.189090 1.196908 1.191430 1.179131 1.166408 1.159220 1.160336 1.168285 1.178631 1.186443 1.187631 1.179710 1.161500 1.130709 1.084247 1.018416 0.934194 0.837397 0.736722 0.642446 0.566039 0.519856 0.516311 0.566898 0.681072 0.865123 1.121011 1.444992 1.826332 2.247728 2.689254 3.130082 3.546536 3.910367 4.192144 4.338658 4.425978 4.491306 4.557591 4.636329 4.731812 4.845570 4.982445 5.158044 5.389205 5.628433 5.831470 5.970743
-0.017923 0.024978 0.073398 0.130716 0.198181 0.275941 0.363396 0.458959 0.559483 0.659777 0.753133 0.833447 0.897089 0.941573 0.967307 0.977178 0.975897 0.970628 0.972117 0.991583 1.025322 1.066770 1.110046 1.149889 1.181758 1.201585 1.205762 1.192631 1.161249 1.112712 1.051144 0.983410 0.918607 0.867748 0.842984 0.856384 0.918656 1.038103 1.219747 1.464430 1.767515 2.116398 2.486846 2.845369 3.177062 3.477493 3.734927 3.931128 4.049469 4.116665 4.160855 4.201976 4.250945 4.311868 4.384881 4.469751 4.579282 4.795636 5.009624 5.183874 5.302651
-0.015097 -0.000655 0.017138 0.042071 0.076650 0.122011 0.178314 0.244926 0.320322 0.401845 0.485741 0.567654 0.643176 0.707228 0.755735 0.787507 0.804674 0.812806 0.823287 0.863936 0.925016 0.998951 1.078366 1.155932 1.225525 1.282095 1.321527 1.341081 1.339677 1.318578 1.281573 1.234594 1.186466 1.148630 1.133422 1.152264 1.214435 1.326326 1.490856 1.706884 1.968514 2.263838 2.569952 2.830449 3.044098 3.229705 3.383867 3.500361 3.578923 3.627680 3.661628 3.694520 3.734698 3.785545 3.848896 3.929775 4.041281 4.196952 4.354115 4.482667 4.573389
-0.017435 -0.034260 -0.048310 -0.055636 -0.052859 -0.038010 -0.010259 0.030688 0.084975 0.152523 0.232509 0.322088 0.414881 0.502084 0.576363 0.634327 0.676992 0.709891 0.743859 0.794545 0.877188 0.981585 1.094101 1.204741 1.307233 1.396930 1.469467 1.520310 1.545638 1.544685 1.521192 1.481560 1.436790 1.400221 1.384370 1.399269 1.451910 1.545956 1.681387 1.854091 2.055172 2.269319 2.472342 2.635141 2.753019 2.837606 2.897391 2.938137 2.966061 2.987132 3.009508 3.041373 3.087493 3.148550 3.224757 3.319649 3.433560 3.549725 3.640403 3.713363 3.774256
-0.019106 -0.069908 -0.117664 -0.157565 -0.184931 -0.196856 -0.192178 -0.170213 -0.130373 -0.071464 0.008806 0.112310 0.227173 0.339291 0.440037 0.526106 0.598565 0.662402 0.725787 0.798401 0.891461 1.021036 1.158745 1.294223 1.422171 1.538621 1.639388 1.718687 1.768541 1.781778 1.759619 1.712983 1.659450 1.614971 1.591172 1.595606 1.632222 1.701265 1.799033 1.917780 2.045673 2.167010 2.264490 2.325669 2.347871 2.338442 2.309746 2.274352 2.243059 2.224377 2.225784 2.253650 2.310779 2.393404 2.491535 2.596060 2.701846 2.797954 2.826100 2.855002 2.896830
-0.017058 -0.102846 -0.185071 -0.257464 -0.313016 -0.346724 -0.357142 -0.344010 -0.308797 -0.251365 -0.166464 -0.043695 0.093560 0.228047 0.353203 0.466793 0.569806 0.666044 0.761434 0.863436 0.980884 1.120028 1.270066 1.420661 1.565341 1.699864 1.820377 1.921529 1.993286 2.017945 1.981869 1.915199 1.845135 1.787818 1.752210 1.742814 1.760196 1.800623 1.856269 1.916099 1.967074 1.995988 1.992464 1.951934 1.875831 1.772191 1.654723 1.539156 1.439899 1.368747 1.335161 1.346550 1.406477 1.509303 1.631504 1.732798 1.802845 1.850133 1.870940 1.893558 1.936524
-0.011283 -0.130083 -0.244551 -0.347309 -0.428818 -0.479336 -0.494758 -0.477542 -0.434473 -0.368009 -0.260652 -0.125712 0.022066 0.172231 0.317933 0.456414 0.587949 0.715010 0.841624 0.972736 1.112852 1.263265 1.420771 1.579005 1.731967 1.874956 2.003715 2.113352 2.196375 2.231581 2.166294 2.076169 1.988865 1.917766 1.869474 1.846132 1.844607 1.856436 1.869660 1.871060 1.848038 1.790474 1.692562 1.553816 1.379063 1.178623 0.967887 0.764986 0.587594 0.450678 0.365914 0.341842 0.382728 0.484569 0.622956 0.709459 0.740603 0.765177 0.791207 0.829637 0.892991
-0.005338 -0.151328 -0.290871 -0.417062 -0.520485 -0.585227 -0.592903 -0.559253 -0.496688 -0.407372 -0.287794 -0.145543 0.010028 0.171393 0.333076 0.492179 0.648109 0.801955 0.955811 1.111968 1.271808 1.434989 1.599701 1.761977 1.916881 2.059695 2.185368 2.286340 2.350243 2.357303 2.294190 2.194915 2.092839 2.008282 1.948889 1.915099 1.898323 1.884321 1.857773 1.804845 1.714398 1.578877 1.395083 1.164592 0.894056 0.595489 0.286115 -0.013101 -0.280511 -0.497336 -0.649838 -0.729503 -0.734445 -0.675715 -0.585763 -0.513185 -0.468625 -0.430010 -0.387060 -0.321746 -0.225648
-0.007110 -0.169339 -0.320957 -0.456891 -0.570525 -0.648372 -0.635130 -0.581909 -0.499714 -0.391611 -0.260488 -0.111022 0.051181 0.220988 0.394453 0.569100 0.743844 0.918618 1.093883 1.270014 1.446692 1.622602 1.795337 1.960997 2.114469 2.250508 2.363903 2.446384 2.484749 2.467157 2.394849 2.284729 2.166041 2.067286 2.001655 1.964591 1.937701 1.901161 1.838552 1.737158 1.587671 1.384287 1.125015 0.812041 0.452236 0.057793 -0.353252 -0.757344 -1.127778 -1.439675 -1.675692 -1.828252 -1.898611 -1.902443 -1.867323 -1.818624 -1.767830 -1.711436 -1.639399 -1.539175 -1.403478
