MFC+VTK/函数库及接口制作/重磁三维基本处理/张双喜的程序/经验模态分解_2D/噪声_长方体_ε=1e-07_BIMF_A1.grd
DSAA
100 52
-1550.000000 1550.000000
-800.000000 800.000000
-0.00303 1.33450
[rows 0 to 27 of 52, columns 0 to 62 of 100]
0.002103 0.002058 0.001716 0.000570 -0.001186 -0.001938 0.000684 0.000469 0.001828 0.009395 0.008054 0.007208 0.006025 0.004301 0.003379 0.003739 0.007879 0.012488 0.014814 0.011455 0.008679 0.012772 0.011433 0.010322 0.010714 0.012232 0.014041 0.015455 0.017073 0.019272 0.020839 0.022450 0.025827 0.028803 0.029292 0.028383 0.025865 0.025559 0.035289 0.034335 0.030939 0.030165 0.030579 0.031718 0.033427 0.035020 0.035559 0.030952 0.030867 0.034015 0.039327 0.039013 0.036097 0.031658 0.030325 0.030368 0.031299 0.033678 0.032562 0.027354 0.027239 0.029716 0.030899
0.000585 0.002053 0.003083 0.003464 0.002666 0.000448 0.000128 0.003027 0.005445 0.007520 0.007808 0.007693 0.007833 0.008460 0.007935 0.008085 0.009703 0.011734 0.012652 0.012184 0.011150 0.010488 0.009053 0.010708 0.012617 0.014358 0.016326 0.018019 0.019581 0.021113 0.022413 0.025227 0.028797 0.032502 0.031836 0.032718 0.031479 0.031275 0.033253 0.034106 0.035549 0.036799 0.036861 0.036721 0.036742 0.036310 0.037066 0.037186 0.037512 0.038879 0.040861 0.041646 0.041183 0.039847 0.039578 0.039897 0.039704 0.040690 0.042132 0.035624 0.031245 0.030920 0.031236
-0.000630 0.002255 0.003751 0.004937 0.005761 0.001747 -0.000789 0.005791 0.007057 0.006946 0.007093 0.007554 0.008091 0.009291 0.010471 0.010579 0.010970 0.011626 0.012345 0.012893 0.012357 0.011239 0.011056 0.012748 0.014976 0.016339 0.017642 0.020810 0.023674 0.025020 0.024220 0.027942 0.031685 0.033030 0.035676 0.036858 0.035953 0.034687 0.034536 0.037049 0.040581 0.042463 0.042736 0.042255 0.041730 0.042280 0.042979 0.044250 0.043936 0.043729 0.044930 0.046220 0.047525 0.047499 0.047547 0.048379 0.045585 0.043356 0.041923 0.039820 0.036632 0.034454 0.033133
-0.000799 0.002643 0.003411 0.003283 0.003781 0.002866 0.002590 0.005126 0.006244 0.006151 0.006157 0.006593 0.007116 0.008109 0.009997 0.011221 0.011595 0.011557 0.012167 0.013443 0.013122 0.013052 0.013925 0.015674 0.017436 0.018922 0.020759 0.024102 0.027992 0.031109 0.029000 0.030392 0.035122 0.037415 0.041063 0.041803 0.040157 0.037943 0.037433 0.041546 0.046674 0.047935 0.048423 0.048561 0.047808 0.051024 0.055039 0.052980 0.051185 0.049928 0.052313 0.054247 0.054810 0.054421 0.053568 0.051972 0.048833 0.045014 0.044381 0.044020 0.042316 0.039988 0.038154
0.002296 0.004403 0.002887 0.001213 0.002167 0.003393 0.003823 0.004519 0.004879 0.005195 0.005548 0.006271 0.006502 0.006600 0.009402 0.011378 0.011683 0.010948 0.011076 0.012279 0.013250 0.014526 0.016421 0.018780 0.020252 0.021732 0.023741 0.027213 0.030586 0.032206 0.030871 0.030294 0.033625 0.038392 0.046109 0.046202 0.044765 0.043122 0.043435 0.047000 0.051759 0.053176 0.054290 0.055472 0.056443 0.059281 0.061472 0.060364 0.060693 0.061463 0.062549 0.063607 0.062551 0.061110 0.059125 0.056341 0.053298 0.050696 0.049791 0.049785 0.049462 0.046238 0.043687
0.004305 0.004269 0.003265 0.002114 0.002274 0.002788 0.002869 0.003020 0.003733 0.005118 0.006483 0.007320 0.007795 0.008431 0.010203 0.011791 0.010714 0.009427 0.010309 0.012143 0.013704 0.015024 0.018101 0.020787 0.022759 0.024440 0.026769 0.029819 0.032642 0.033854 0.032838 0.030983 0.036204 0.036752 0.044141 0.048007 0.049993 0.049427 0.050027 0.054095 0.057544 0.060821 0.061665 0.063076 0.065584 0.067499 0.068658 0.069450 0.071070 0.072912 0.072007 0.070841 0.070191 0.068832 0.066228 0.062677 0.059827 0.058106 0.057131 0.056350 0.054933 0.052085 0.049267
0.004506 0.003889 0.003672 0.003687 0.004166 0.002267 0.001346 0.001691 0.003781 0.006713 0.008597 0.009256 0.010066 0.011135 0.011229 0.011732 0.010249 0.008318 0.011297 0.013932 0.015673 0.017230 0.019719 0.022035 0.024664 0.026307 0.028802 0.031690 0.034892 0.037590 0.038473 0.041231 0.047884 0.045373 0.046691 0.049947 0.055220 0.056929 0.058045 0.064659 0.064939 0.071002 0.069112 0.069110 0.074872 0.076263 0.077234 0.078839 0.080059 0.079070 0.078804 0.078918 0.079068 0.078368 0.076086 0.072012 0.068715 0.066999 0.065806 0.064316 0.062162 0.059003 0.056056
0.003141 0.003126 0.003907 0.006047 0.007742 0.001756 0.000881 0.002059 0.005418 0.010582 0.010856 0.011237 0.011930 0.012375 0.012474 0.012828 0.011930 0.012536 0.015475 0.017293 0.018375 0.019034 0.020206 0.022121 0.025160 0.027462 0.029821 0.033031 0.037300 0.041420 0.044824 0.048127 0.050430 0.051864 0.053282 0.057064 0.063090 0.067115 0.071090 0.075984 0.077562 0.078594 0.076265 0.073530 0.081354 0.085611 0.087025 0.088928 0.087769 0.084773 0.086495 0.088506 0.089825 0.089663 0.088563 0.086599 0.081068 0.077295 0.075497 0.074247 0.072326 0.069289 0.065476
0.001760 0.002409 0.003368 0.005950 0.006698 0.004248 0.002912 0.003532 0.005266 0.008115 0.010677 0.012467 0.013352 0.012961 0.012528 0.012775 0.013576 0.015803 0.019580 0.019747 0.020629 0.020546 0.020972 0.022425 0.027419 0.030328 0.029424 0.034790 0.040323 0.045677 0.050608 0.053835 0.055961 0.058720 0.061473 0.064980 0.071351 0.078358 0.084443 0.089529 0.089693 0.089025 0.088726 0.090305 0.094989 0.097984 0.099935 0.100917 0.099791 0.098134 0.098638 0.100811 0.102953 0.102141 0.100739 0.098691 0.092175 0.088673 0.087433 0.086680 0.085047 0.081323 0.076919
0.001117 0.002400 0.003822 0.005578 0.006314 0.006227 0.005689 0.006023 0.006266 0.006264 0.010269 0.012916 0.013826 0.013015 0.012084 0.013263 0.014936 0.016119 0.016506 0.018886 0.020630 0.021734 0.023274 0.026573 0.031960 0.037333 0.036479 0.039326 0.043781 0.049513 0.056064 0.059480 0.062465 0.066904 0.071320 0.073441 0.081122 0.090011 0.095741 0.099743 0.101199 0.101950 0.104091 0.108721 0.110890 0.113217 0.115531 0.116918 0.116388 0.115596 0.115339 0.116845 0.117616 0.115693 0.112477 0.108113 0.102431 0.102459 0.102627 0.101381 0.099154 0.093818 0.088870
0.001657 0.002759 0.003871 0.005025 0.006194 0.007642 0.009151 0.008596 0.009017 0.011056 0.011494 0.012790 0.013947 0.013163 0.012683 0.014985 0.016500 0.016775 0.016807 0.018310 0.020846 0.023526 0.026373 0.030745 0.035404 0.039089 0.040698 0.043240 0.047392 0.053111 0.059544 0.065063 0.070299 0.075976 0.081536 0.086526 0.092849 0.099948 0.106461 0.111595 0.114830 0.116721 0.120236 0.124087 0.128348 0.131710 0.134598 0.136324 0.136707 0.137038 0.137920 0.138844 0.137739 0.132630 0.127401 0.123144 0.120470 0.120993 0.121694 0.117956 0.110864 0.106634 0.100248
0.002740 0.003093 0.003658 0.004498 0.005763 0.007496 0.009193 0.009506 0.009716 0.010762 0.011233 0.011894 0.012722 0.013408 0.015025 0.017999 0.018084 0.017962 0.018119 0.018990 0.022662 0.026606 0.030522 0.034723 0.038485 0.041298 0.043815 0.047072 0.051008 0.057068 0.064149 0.071398 0.078742 0.086297 0.093939 0.101299 0.106992 0.112579 0.120321 0.127400 0.133523 0.137604 0.141086 0.142940 0.149441 0.154606 0.158001 0.159994 0.160752 0.161908 0.163693 0.164666 0.163888 0.156520 0.149448 0.144868 0.142788 0.142604 0.143258 0.138568 0.133237 0.123845 0.112801
0.003489 0.002985 0.003154 0.003905 0.004932 0.006694 0.009295 0.009410 0.008419 0.008901 0.009819 0.010847 0.011719 0.013517 0.015750 0.017521 0.018056 0.019156 0.020236 0.022347 0.026361 0.030328 0.034308 0.038317 0.041778 0.045556 0.049898 0.052083 0.055285 0.062755 0.070726 0.079209 0.088351 0.098117 0.107988 0.117285 0.124810 0.131740 0.139719 0.148391 0.157806 0.166832 0.169206 0.173196 0.178324 0.182873 0.186092 0.187312 0.189222 0.190762 0.191538 0.192070 0.191081 0.183584 0.177376 0.173360 0.170518 0.167214 0.162591 0.160248 0.154592 0.144617 0.132334
0.002816 0.002165 0.002241 0.003269 0.004157 0.006990 0.010306 0.009307 0.007528 0.006822 0.008371 0.010550 0.011127 0.013905 0.016175 0.016953 0.016974 0.019887 0.021288 0.024959 0.029992 0.033436 0.037353 0.041123 0.044695 0.049117 0.053772 0.058028 0.063431 0.071287 0.079339 0.089026 0.099924 0.111936 0.124157 0.135900 0.146864 0.156665 0.164523 0.176598 0.185673 0.193083 0.199855 0.206988 0.213596 0.216678 0.219430 0.221803 0.224215 0.225825 0.224175 0.222711 0.220058 0.214736 0.212123 0.209313 0.205245 0.199870 0.193568 0.188146 0.180134 0.169987 0.157365
0.001648 0.001121 0.001022 0.001839 0.004252 0.007029 0.008373 0.008994 0.007136 0.005158 0.007742 0.010555 0.012712 0.015389 0.017487 0.017999 0.017785 0.017943 0.022170 0.026218 0.029595 0.034717 0.039870 0.044184 0.047264 0.052206 0.058206 0.064584 0.071617 0.080004 0.089920 0.101567 0.114342 0.128414 0.143442 0.158178 0.173247 0.188584 0.199774 0.213453 0.220242 0.226117 0.237041 0.246544 0.252899 0.256099 0.260658 0.264140 0.267169 0.268405 0.266126 0.261951 0.259617 0.257782 0.256551 0.253679 0.247771 0.241167 0.232327 0.222832 0.212047 0.200023 0.186934
0.000184 0.000847 0.000916 0.001116 0.005361 0.008795 0.010202 0.009952 0.008009 0.007351 0.009392 0.011929 0.014593 0.017064 0.019161 0.019441 0.020189 0.022409 0.024754 0.027563 0.030798 0.035644 0.041502 0.047449 0.048727 0.056149 0.063786 0.071996 0.079577 0.089048 0.102044 0.116477 0.131029 0.147994 0.166452 0.185239 0.204449 0.221789 0.236684 0.251829 0.264938 0.275726 0.286656 0.296203 0.302919 0.304459 0.311954 0.316258 0.321143 0.323546 0.321564 0.315263 0.312348 0.312273 0.311680 0.306392 0.298475 0.290268 0.280286 0.267594 0.253317 0.238479 0.222893
0.000146 0.002275 0.003146 0.004516 0.008194 0.011765 0.012202 0.009543 0.008592 0.009400 0.011334 0.013682 0.016130 0.017938 0.018800 0.019822 0.021294 0.024045 0.027160 0.029591 0.032525 0.036853 0.041412 0.046174 0.052226 0.062148 0.074751 0.080083 0.087568 0.098542 0.116087 0.132633 0.149922 0.172024 0.195409 0.218888 0.244226 0.264903 0.282479 0.303860 0.323205 0.338896 0.349849 0.358587 0.365821 0.372027 0.380538 0.384834 0.389575 0.392955 0.392548 0.381492 0.379391 0.380112 0.377677 0.371091 0.360796 0.351632 0.341086 0.325029 0.306805 0.288313 0.268050
0.002032 0.005020 0.005747 0.006852 0.009821 0.013827 0.011184 0.007530 0.008893 0.010921 0.013036 0.014771 0.016553 0.018277 0.020073 0.018960 0.020562 0.024023 0.027888 0.031677 0.035482 0.039298 0.042602 0.046215 0.055569 0.065117 0.073820 0.084940 0.096739 0.112323 0.131658 0.151820 0.174166 0.202097 0.232140 0.263315 0.294614 0.323283 0.349364 0.374010 0.395741 0.416596 0.427696 0.437212 0.446495 0.453926 0.460711 0.468976 0.474745 0.476370 0.473491 0.467738 0.464701 0.462747 0.459500 0.452642 0.442003 0.429164 0.416303 0.397842 0.376580 0.352437 0.325208
0.003496 0.005683 0.006705 0.007159 0.007924 0.009807 0.009021 0.008432 0.009596 0.011617 0.013565 0.013888 0.014651 0.016936 0.017868 0.016142 0.019199 0.023647 0.028246 0.033492 0.038438 0.042807 0.046951 0.051937 0.060336 0.068729 0.078667 0.090750 0.106488 0.126251 0.149367 0.173500 0.202433 0.237462 0.275616 0.316386 0.357580 0.396372 0.431643 0.462525 0.482704 0.506194 0.523084 0.535827 0.546980 0.555123 0.565614 0.574253 0.579556 0.577966 0.572059 0.570481 0.567828 0.563725 0.560677 0.552968 0.541103 0.528378 0.512442 0.490176 0.464188 0.431929 0.394819
0.004453 0.006240 0.007037 0.006783 0.007050 0.007232 0.007201 0.009835 0.010719 0.011073 0.011091 0.010263 0.011616 0.015878 0.017918 0.017127 0.019008 0.023247 0.028973 0.034804 0.040680 0.045866 0.051728 0.056402 0.063599 0.072360 0.083129 0.096854 0.115892 0.139069 0.165546 0.195090 0.230575 0.274874 0.324833 0.377719 0.432290 0.482507 0.526248 0.566134 0.595174 0.617877 0.639045 0.654441 0.667543 0.679669 0.690185 0.698745 0.702659 0.699928 0.693141 0.693430 0.690876 0.686537 0.682584 0.672244 0.656505 0.645065 0.627630 0.601924 0.568275 0.526126 0.478144
0.005981 0.006916 0.007472 0.007140 0.006914 0.006977 0.008519 0.011774 0.010537 0.009502 0.009628 0.010534 0.012600 0.015493 0.017213 0.017619 0.019643 0.023320 0.030010 0.034707 0.040866 0.046243 0.052700 0.058669 0.067017 0.076336 0.088078 0.103730 0.125072 0.151182 0.181780 0.216495 0.258716 0.312682 0.378492 0.447554 0.516212 0.579769 0.635558 0.684142 0.721140 0.749469 0.772016 0.789135 0.805436 0.817984 0.826641 0.835409 0.839262 0.838376 0.836207 0.835258 0.833067 0.828479 0.820374 0.807851 0.792273 0.775778 0.754272 0.723605 0.683515 0.633832 0.575469
0.007528 0.006999 0.007109 0.006581 0.006752 0.006916 0.007735 0.008654 0.008354 0.007816 0.009652 0.012283 0.014622 0.016716 0.018004 0.019142 0.021309 0.024874 0.029318 0.032974 0.035652 0.044944 0.053930 0.062469 0.070843 0.080479 0.092978 0.110409 0.133807 0.162394 0.196545 0.237625 0.290006 0.356367 0.433796 0.518328 0.602897 0.681494 0.748452 0.804358 0.848298 0.883557 0.910714 0.931946 0.947799 0.960193 0.969550 0.976503 0.979993 0.980879 0.981512 0.981294 0.978500 0.972788 0.961441 0.947164 0.930062 0.909050 0.882166 0.846622 0.801359 0.745647 0.678526
0.008918 0.005915 0.004685 0.004267 0.004794 0.005876 0.006048 0.005915 0.007204 0.008274 0.010878 0.013784 0.016376 0.018621 0.019472 0.020554 0.022894 0.026351 0.029478 0.035074 0.039231 0.046401 0.055046 0.064661 0.074570 0.084578 0.096996 0.114825 0.141232 0.172603 0.210941 0.257539 0.316812 0.392024 0.483007 0.583521 0.683861 0.778478 0.858757 0.916893 0.964373 1.005259 1.039603 1.062877 1.078979 1.092291 1.103150 1.109091 1.112198 1.114017 1.114279 1.115552 1.111245 1.102475 1.090916 1.076785 1.057759 1.033469 1.002609 0.962285 0.912179 0.851227 0.776548
0.009340 0.005002 0.002372 0.001408 0.002357 0.003903 0.005426 0.006699 0.008491 0.010524 0.012530 0.014820 0.017162 0.019061 0.020273 0.021529 0.024162 0.027347 0.031586 0.038695 0.041977 0.048272 0.055248 0.065408 0.077507 0.087961 0.100328 0.116722 0.145329 0.180716 0.223066 0.273558 0.337090 0.418293 0.521497 0.635556 0.750276 0.855266 0.944694 1.007655 1.059799 1.104275 1.139982 1.165682 1.184820 1.199826 1.213379 1.218310 1.221734 1.224969 1.220859 1.220662 1.217743 1.207583 1.196523 1.184509 1.164131 1.138450 1.105169 1.061571 1.006577 0.938881 0.854544
0.006208 0.003581 0.001250 -0.000261 0.001829 0.003760 0.006706 0.008753 0.010225 0.012264 0.013220 0.015040 0.017294 0.019168 0.020902 0.022910 0.026190 0.029139 0.031307 0.033169 0.040249 0.047182 0.053906 0.064394 0.076454 0.089268 0.104624 0.122626 0.149811 0.186346 0.231929 0.284155 0.352232 0.439888 0.548098 0.671057 0.796384 0.905505 0.998178 1.069979 1.129016 1.174881 1.210805 1.236670 1.255206 1.271153 1.286385 1.293187 1.296276 1.298073 1.296769 1.294824 1.289249 1.279612 1.268528 1.256175 1.238881 1.214989 1.182396 1.136203 1.075724 0.998151 0.902930
0.003123 0.002720 0.002107 0.002561 0.004902 0.007813 0.009738 0.010865 0.010406 0.010617 0.012100 0.014360 0.016830 0.019094 0.021253 0.024697 0.028722 0.031690 0.032821 0.034124 0.039578 0.046670 0.054133 0.063643 0.075018 0.088579 0.105457 0.126008 0.152770 0.188110 0.232825 0.288068 0.359368 0.451170 0.560690 0.686852 0.813229 0.927919 1.027481 1.109706 1.170712 1.211903 1.246337 1.273169 1.289581 1.304475 1.320817 1.328544 1.331974 1.333358 1.334500 1.334124 1.326503 1.316462 1.304550 1.292344 1.277075 1.254502 1.225204 1.178127 1.113427 1.029843 0.928101
0.003393 0.003264 0.003476 0.005001 0.008334 0.012409 0.012124 0.011015 0.009821 0.008709 0.010698 0.013075 0.015812 0.018818 0.020640 0.026451 0.030349 0.034039 0.035254 0.036584 0.040194 0.046237 0.053986 0.063144 0.074203 0.087655 0.105401 0.126710 0.152768 0.186730 0.230480 0.286294 0.358389 0.453272 0.564003 0.685956 0.809421 0.925410 1.028345 1.114029 1.179935 1.213515 1.244872 1.270494 1.290253 1.307588 1.322763 1.327549 1.329213 1.330148 1.331992 1.332093 1.327200 1.318466 1.306064 1.291560 1.274229 1.251194 1.220297 1.181413 1.120833 1.033041 0.929450
0.005626 0.004565 0.004347 0.005821 0.009119 0.012155 0.012442 0.010839 0.010918 0.010763 0.010620 0.011470 0.013766 0.017026 0.020471 0.024902 0.028800 0.032442 0.035764 0.037705 0.041078 0.046270 0.053385 0.062379 0.074203 0.089038 0.104838 0.124747 0.149940 0.182566 0.225251 0.280911 0.354068 0.445629 0.552260 0.668187 0.786768 0.899652 0.998186 1.079001 1.140080 1.178626 1.209073 1.234521 1.255695 1.271684 1.283924 1.288236 1.290106 1.290840 1.291644 1.292831 1.293317 1.284927 1.270901 1.253838 1.234486 1.210909 1.180901 1.141547 1.084302 1.003145 0.904846
