MFC+VTK/函数库及接口制作/重磁三维基本处理/张双喜的程序/经验模态分解_2D/噪声_长方体_ε=1e-07_BIMF_D2.grd
DSAA
100 52
-1550.000000 1550.000000
-800.000000 800.000000
-0.01352 0.01261
[rows 0 to 26 of 52, columns 0 to 60 of 100]
-0.001168 0.000052 0.000959 0.001211 0.000934 0.000974 0.002060 -0.000671 -0.002339 0.002472 -0.001563 -0.002719 -0.001521 -0.000998 -0.001697 -0.003147 -0.002529 -0.001758 -0.001856 -0.003489 -0.003021 0.003631 0.002532 0.001745 0.002783 0.003870 0.003173 0.001374 -0.000392 -0.001801 -0.002656 -0.003236 -0.003634 -0.003955 -0.004312 -0.004079 -0.003831 -0.004581 -0.004076 -0.004685 -0.004831 -0.004553 -0.004871 -0.005203 -0.005317 -0.005374 -0.005422 -0.005036 -0.004640 -0.004527 -0.004399 -0.003989 -0.002762 -0.001002 0.001101 0.001667 0.000166 -0.001714 -0.004240 -0.006525 -0.006527
-0.000487 0.000409 0.001115 0.001654 0.001452 0.000084 -0.000502 0.000686 0.001049 0.001272 0.000213 -0.000089 0.001126 0.003073 0.001822 0.000531 0.000366 0.000746 0.000660 0.000060 -0.000694 -0.001504 -0.003853 -0.001954 -0.000454 -0.000272 -0.000585 -0.000611 -0.000690 -0.001374 -0.002418 -0.002437 -0.003131 -0.003691 -0.004551 -0.002792 -0.002757 -0.003184 -0.003223 -0.002977 -0.001332 -0.000664 -0.002257 -0.004151 -0.004496 -0.003526 -0.002335 -0.002088 -0.003078 -0.004537 -0.005528 -0.005476 -0.003425 -0.000426 0.002906 0.004548 0.002802 0.000295 -0.001083 -0.003263 -0.004059
0.000070 0.000708 0.000806 0.001374 0.002090 -0.000397 -0.002358 0.002604 0.002617 0.001473 0.000842 0.000878 0.001289 0.002360 0.002875 0.002369 0.002367 0.002893 0.003433 0.002548 0.000308 -0.002351 -0.003686 -0.002696 -0.001742 -0.002709 -0.004287 -0.001621 0.000616 0.000638 -0.002198 -0.000453 -0.000388 -0.004760 -0.002921 -0.001565 -0.002078 -0.002794 -0.002346 -0.000262 0.002373 0.002762 0.000194 -0.003256 -0.004688 -0.001606 0.001315 0.000599 -0.002025 -0.004104 -0.005430 -0.006447 -0.003076 0.000108 0.003481 0.006720 0.003294 -0.000224 -0.001894 -0.001032 -0.000486
0.000568 0.000562 -0.000284 -0.000621 0.000599 0.000888 0.000795 0.002360 0.002366 0.001301 0.000455 0.000065 -0.000368 -0.000459 0.000986 0.002270 0.003012 0.003360 0.003827 0.003179 0.000237 -0.001890 -0.002183 -0.001250 -0.000876 -0.001694 -0.002369 -0.000468 0.002516 0.004683 0.001071 0.001388 0.004908 0.001508 0.001749 0.000611 -0.001778 -0.003458 -0.002640 0.001009 0.005404 0.005745 0.002427 -0.001859 -0.006043 -0.000336 0.006241 0.000256 -0.002160 -0.002422 -0.001643 -0.001625 -0.001141 -0.000107 0.001272 0.001882 0.000236 -0.001975 -0.000843 0.001725 0.003175
0.001699 0.001005 -0.001135 -0.002291 0.000026 0.002631 0.002659 0.002361 0.001464 0.000489 -0.000367 -0.000743 -0.001682 -0.003462 -0.000732 0.001638 0.002382 0.001744 0.001104 0.000290 -0.001459 -0.002363 -0.001192 0.001135 0.001970 0.000972 0.000049 0.001148 0.002857 0.003129 0.000349 -0.001740 -0.000342 0.000841 0.005314 0.001697 -0.001992 -0.004332 -0.003746 0.000102 0.004788 0.005186 0.003570 0.001099 -0.001541 -0.001116 -0.001931 -0.006612 -0.001913 0.002765 0.003775 0.003083 0.000569 -0.001084 -0.002035 -0.002841 -0.003149 -0.002406 0.000314 0.004110 0.007133
0.002110 0.000884 -0.000425 -0.000951 0.000384 0.002028 0.002192 0.001316 0.000271 -0.000172 -0.000305 -0.000646 -0.001297 -0.001831 -0.000484 0.001175 0.000189 -0.001443 -0.001727 -0.002031 -0.003246 -0.004383 -0.001384 0.002062 0.004652 0.002966 0.001769 0.001932 0.002553 0.001959 -0.000976 -0.005263 -0.002321 -0.005452 -0.001514 -0.001582 -0.002680 -0.005338 -0.005816 -0.000997 0.002910 0.005380 0.004361 0.003625 0.003119 -0.000935 -0.006325 -0.005955 -0.000021 0.007053 0.005731 0.002909 0.000535 -0.001921 -0.004387 -0.006303 -0.005854 -0.003223 0.000470 0.003867 0.005331
0.001699 0.000963 0.000474 0.000437 0.001369 0.001286 0.001024 0.000029 -0.000524 -0.000058 0.000587 0.000498 0.000444 0.000551 -0.000079 0.000074 -0.001636 -0.004136 -0.002396 -0.001990 -0.003039 -0.003556 -0.001701 0.000686 0.002779 0.001927 0.001239 0.001231 0.002079 0.002711 0.001433 0.001715 0.005579 -0.001176 -0.004456 -0.005902 -0.003958 -0.005164 -0.006237 0.001068 0.001531 0.006565 0.002603 0.001180 0.006875 0.001541 -0.003441 -0.003688 -0.000969 0.000421 0.001221 0.001051 0.000083 -0.001903 -0.004637 -0.007559 -0.007253 -0.004299 -0.000536 0.002142 0.003034
0.001181 0.001060 0.001282 0.002105 0.002913 0.000384 0.000348 -0.000507 -0.000559 0.001689 0.001835 0.002296 0.001869 0.000961 0.000070 -0.000076 -0.001159 -0.000912 0.000897 0.000325 -0.001828 -0.003257 -0.003468 -0.002461 -0.000613 -0.000613 -0.001318 -0.000669 0.001366 0.003285 0.004321 0.004836 0.003529 0.000386 -0.003281 -0.004435 -0.002552 -0.001873 -0.000092 0.003972 0.003934 0.003159 -0.001482 -0.007048 0.001609 0.002765 -0.000246 -0.001498 -0.004131 -0.007571 -0.004076 -0.001126 -0.000068 -0.001185 -0.002887 -0.003648 -0.005947 -0.005273 -0.002583 0.000096 0.001591
0.000752 0.001032 0.001408 0.002181 0.002131 0.000685 -0.000364 -0.001184 -0.002175 -0.001505 0.001293 0.003779 0.002332 0.000026 -0.001473 -0.001405 -0.000399 0.001718 0.004501 0.001854 -0.000448 -0.003189 -0.004953 -0.005024 -0.001128 -0.000527 -0.005344 -0.002232 0.000967 0.003746 0.005884 0.005964 0.003871 0.001685 -0.000958 -0.002817 -0.001356 0.001517 0.004392 0.006871 0.003197 0.000160 -0.000708 0.000852 0.004147 0.004202 0.002443 -0.000006 -0.003579 -0.006241 -0.005037 -0.001865 0.000691 -0.000345 -0.002101 -0.003714 -0.006530 -0.005731 -0.003319 -0.001220 0.000376
0.000591 0.000820 0.001137 0.001498 0.001309 0.000617 -0.000434 -0.000718 -0.001810 -0.003722 0.000431 0.002369 0.001097 -0.001850 -0.003733 -0.001740 0.000664 0.001420 0.000022 -0.000469 -0.001795 -0.003406 -0.004048 -0.002338 0.001801 0.005394 0.000429 -0.000387 0.000704 0.003026 0.005984 0.005672 0.004203 0.003447 0.002063 -0.001921 -0.000245 0.003109 0.003699 0.002430 -0.001109 -0.003502 -0.000098 0.007585 0.006261 0.004723 0.003656 0.002143 -0.000552 -0.002424 -0.002669 -0.000476 0.001092 -0.000139 -0.002522 -0.005352 -0.008129 -0.004191 -0.001247 -0.001626 -0.001941
0.000665 0.000471 0.000358 0.000351 0.000363 0.000571 0.001055 0.000904 0.001717 0.003869 0.001900 0.000635 -0.000676 -0.003367 -0.004345 0.000293 0.002662 0.001509 -0.001330 -0.003151 -0.003537 -0.003263 -0.002304 0.000546 0.003605 0.004883 0.002626 0.000603 0.000107 0.001253 0.003177 0.004173 0.004572 0.004789 0.004031 0.001827 0.000405 -0.000005 -0.000326 -0.001509 -0.004155 -0.007621 -0.003721 0.000133 0.002938 0.003502 0.003978 0.003836 0.002786 0.002158 0.002710 0.004122 0.004079 0.000679 -0.002187 -0.003617 -0.003057 0.000763 0.003385 -0.001021 -0.007999
0.000894 0.000171 -0.000497 -0.000908 -0.000895 -0.000041 0.001386 0.002132 0.002689 0.003105 0.001064 -0.001381 -0.003029 -0.003296 -0.000741 0.004665 0.004670 0.001738 -0.001881 -0.004986 -0.004050 -0.002238 0.000028 0.002795 0.004756 0.004633 0.002825 0.000612 -0.001373 -0.001212 0.000174 0.001925 0.003786 0.005462 0.006201 0.005014 0.000684 -0.003759 -0.004525 -0.003711 -0.001900 -0.001910 -0.003878 -0.008095 -0.002718 0.001309 0.003817 0.005332 0.005474 0.005773 0.006924 0.008281 0.008772 0.004301 0.001074 0.000279 0.001909 0.005163 0.008333 0.003561 0.000261
0.001426 0.000154 -0.001113 -0.002198 -0.002546 -0.000818 0.002382 0.002644 0.001222 0.000358 -0.001139 -0.003058 -0.004518 -0.002899 0.000327 0.002988 0.002675 0.000992 -0.001668 -0.003580 -0.002695 -0.000994 0.001329 0.003889 0.005488 0.005828 0.005077 0.000695 -0.003302 -0.003172 -0.002357 -0.000696 0.001864 0.004895 0.007122 0.006231 0.001831 -0.004056 -0.007138 -0.004189 0.002157 0.008106 0.000724 -0.003507 -0.002497 0.000310 0.003336 0.005271 0.007120 0.007769 0.007791 0.007937 0.008808 0.005766 0.004117 0.004401 0.005725 0.006411 0.005248 0.005779 0.004209
0.002205 0.000508 -0.001140 -0.002561 -0.003994 -0.000371 0.004120 0.002566 -0.000207 -0.002371 -0.002919 -0.003157 -0.004554 -0.002028 0.000394 0.000727 -0.000862 -0.000795 -0.003059 -0.003261 -0.001580 -0.000668 0.001341 0.003277 0.004355 0.004818 0.003735 0.000624 -0.002417 -0.003484 -0.004349 -0.003270 -0.000724 0.002760 0.005569 0.006216 0.004325 -0.000600 -0.007923 -0.000725 0.001840 0.001027 -0.000752 -0.001016 0.000374 0.001420 0.003604 0.005991 0.008166 0.008985 0.007888 0.007535 0.007050 0.005135 0.006335 0.007604 0.008259 0.008053 0.007303 0.007840 0.006524
0.003131 0.001153 -0.000609 -0.001829 -0.001781 -0.000037 0.001010 0.001034 -0.001616 -0.004480 -0.003367 -0.002174 -0.001484 0.000169 0.001228 0.000201 -0.002267 -0.005120 -0.004474 -0.004333 -0.004594 -0.002204 0.000613 0.002399 0.002284 0.002696 0.002336 0.000450 -0.002324 -0.004608 -0.005634 -0.004898 -0.003062 -0.000235 0.002891 0.004831 0.006375 0.007969 0.004807 0.008270 0.000114 -0.008542 -0.004753 -0.001140 0.000802 0.001238 0.003544 0.005354 0.007368 0.008814 0.008526 0.007255 0.007017 0.007227 0.008557 0.009173 0.008902 0.008887 0.008080 0.007535 0.006211
0.003976 0.001877 0.000204 -0.000591 0.000613 0.001575 0.001367 0.000184 -0.002201 -0.003058 -0.001407 0.000385 0.001795 0.002501 0.002448 0.000316 -0.001604 -0.002380 -0.003475 -0.004620 -0.005540 -0.003514 -0.000681 0.001662 -0.001066 0.001178 0.001844 0.000738 -0.002957 -0.006017 -0.006041 -0.005368 -0.005408 -0.003507 -0.000670 0.002054 0.005059 0.006733 0.005946 0.003977 -0.001208 -0.006073 -0.005374 -0.002266 0.000318 -0.001225 0.001562 0.001947 0.004792 0.007905 0.009385 0.007699 0.007033 0.007915 0.009248 0.007950 0.006490 0.006195 0.006131 0.005223 0.003481
0.004452 0.002360 0.000901 0.000854 0.002528 0.003796 0.002056 -0.001951 -0.002893 -0.001578 0.000726 0.002972 0.004376 0.003717 0.001532 -0.000431 -0.001764 -0.001795 -0.001733 -0.002834 -0.003778 -0.003276 -0.002957 -0.003029 -0.002306 0.001435 0.006435 0.001320 -0.003639 -0.006919 -0.004232 -0.005023 -0.007438 -0.005686 -0.003666 -0.001797 0.001619 0.001817 0.000013 -0.000628 -0.002141 -0.003612 -0.005108 -0.004439 -0.002765 -0.001211 0.001095 -0.000572 0.000897 0.004996 0.008878 0.003674 0.004168 0.005576 0.005219 0.003644 0.001229 0.001300 0.002106 0.000061 -0.002093
0.003758 0.002256 0.000689 0.000229 0.001990 0.004828 0.000369 -0.004887 -0.002875 -0.000163 0.002238 0.003835 0.005089 0.003829 0.002144 -0.002190 -0.003241 -0.002217 -0.000920 -0.000134 -0.000097 -0.001010 -0.003350 -0.006088 -0.003529 -0.001723 -0.002170 -0.002023 -0.002863 -0.001787 0.000201 -0.001748 -0.005171 -0.005352 -0.005227 -0.004394 -0.003183 -0.003062 -0.003492 -0.003798 -0.004410 -0.003024 -0.006664 -0.007034 -0.005992 -0.005552 -0.006017 -0.005700 -0.004152 -0.001549 0.000013 -0.000692 -0.000270 -0.000699 -0.000995 -0.001389 -0.002500 -0.004328 -0.004435 -0.005648 -0.006467
0.002572 0.001073 -0.000754 -0.002306 -0.002506 -0.000462 -0.001174 -0.001993 -0.000868 0.000838 0.002075 0.000964 0.001003 0.001637 -0.000309 -0.005379 -0.004641 -0.002458 -0.000236 0.002347 0.003648 0.002346 -0.000389 -0.002967 -0.002848 -0.003866 -0.004768 -0.004756 -0.001893 0.002863 0.006692 0.002631 -0.001948 -0.004564 -0.006512 -0.006643 -0.006562 -0.006702 -0.006254 -0.004886 -0.008755 -0.008433 -0.009402 -0.009467 -0.008904 -0.009833 -0.009756 -0.009691 -0.007846 -0.007343 -0.008139 -0.007142 -0.007247 -0.007958 -0.006689 -0.006276 -0.006771 -0.007379 -0.007870 -0.008988 -0.008311
0.001513 0.000136 -0.001818 -0.004337 -0.005229 -0.003350 -0.001615 0.001916 0.001949 0.000559 -0.001771 -0.005321 -0.003687 0.000254 0.000223 -0.003275 -0.003975 -0.002348 0.000573 0.003437 0.005871 0.004353 0.002724 -0.000818 -0.002929 -0.004907 -0.006563 -0.006831 -0.001549 0.004356 0.007362 0.004038 -0.001258 -0.005320 -0.007619 -0.008310 -0.007737 -0.008036 -0.008857 -0.005974 -0.007047 -0.009403 -0.009206 -0.009223 -0.009163 -0.009483 -0.009853 -0.009650 -0.008722 -0.008869 -0.009941 -0.009251 -0.009866 -0.009766 -0.007817 -0.007999 -0.009494 -0.007822 -0.006902 -0.007013 -0.007217
0.000795 -0.000157 -0.001374 -0.003259 -0.003982 -0.002757 0.000603 0.005436 0.002312 -0.001038 -0.003080 -0.003783 -0.002163 0.000164 0.000320 -0.001568 -0.002208 -0.001545 0.001486 0.001643 0.002499 0.002153 0.001837 -0.000416 -0.001966 -0.004306 -0.005960 -0.005298 -0.000797 0.004167 0.006434 0.003291 -0.002813 -0.007997 -0.007542 -0.006507 -0.005360 -0.004830 -0.004372 -0.001827 -0.001921 -0.003181 -0.004439 -0.006116 -0.005292 -0.006111 -0.008276 -0.006710 -0.005788 -0.005657 -0.004994 -0.003990 -0.003313 -0.002799 -0.003118 -0.004382 -0.005389 -0.004652 -0.003403 -0.003367 -0.003486
0.000545 -0.000001 -0.000468 -0.001594 -0.001891 -0.001854 -0.000950 -0.000199 -0.001456 -0.003223 -0.002320 -0.000094 0.001806 0.002578 0.001985 0.000792 0.000256 0.000613 0.000850 -0.001379 -0.005987 -0.001464 0.001522 0.002111 0.000364 -0.002402 -0.004455 -0.003682 -0.000004 0.003680 0.004890 0.002357 -0.002198 -0.004743 -0.005085 -0.002981 -0.000563 0.001270 0.001276 0.002453 0.002825 0.003606 0.003483 0.003261 0.002025 0.000775 -0.000202 -0.000056 -0.000000 0.000227 0.001994 0.004212 0.005381 0.005992 0.003874 0.001788 0.000249 -0.000507 -0.000461 -0.000269 0.000534
0.000861 0.000274 -0.000125 -0.000825 -0.001476 -0.002139 -0.003939 -0.005917 -0.004826 -0.003770 -0.000908 0.002652 0.005718 0.005704 0.004053 0.002540 0.002002 0.002161 0.001271 0.001503 -0.001345 -0.000506 0.001740 0.003622 0.003505 0.000310 -0.003434 -0.004414 0.000247 0.003828 0.004941 0.001773 -0.002855 -0.005331 -0.003643 0.000787 0.004243 0.007695 0.009042 0.005165 0.003702 0.005921 0.009798 0.009805 0.007664 0.006886 0.007516 0.006900 0.006212 0.006292 0.006791 0.010094 0.010021 0.009098 0.008310 0.007435 0.004846 0.002467 0.001437 0.001023 0.002515
0.001529 0.001157 0.000555 -0.000446 -0.001829 -0.003564 -0.005185 -0.005999 -0.004953 -0.002728 0.000042 0.003162 0.005554 0.005843 0.004870 0.003426 0.002869 0.002460 0.002929 0.005999 0.001908 0.001214 0.001535 0.004160 0.006496 0.002952 -0.002247 -0.006949 -0.001044 0.004334 0.005805 0.001642 -0.004384 -0.008080 -0.004237 0.002079 0.006984 0.007641 0.007749 0.001419 -0.000252 0.002785 0.006671 0.007626 0.007209 0.007149 0.010086 0.009273 0.009315 0.010156 0.005574 0.006404 0.007078 0.006515 0.007595 0.009760 0.006048 0.002801 0.000680 -0.000244 0.001231
0.002576 0.002259 0.001637 0.000452 -0.000976 -0.003378 -0.003804 -0.004128 -0.003943 -0.002121 -0.000498 0.001985 0.004202 0.005073 0.004957 0.004323 0.004156 0.002890 0.000232 -0.003151 -0.001705 -0.000628 -0.000189 0.002752 0.004763 0.003861 0.001806 -0.001141 0.001128 0.005346 0.007477 0.001270 -0.004784 -0.007880 -0.005597 0.001860 0.008664 0.005233 -0.000673 -0.007305 -0.006710 -0.003276 0.001215 0.001680 -0.000292 -0.000808 0.003638 0.005868 0.006962 0.006697 0.003090 0.000940 -0.000066 -0.000550 0.000533 0.002417 0.002281 0.000894 -0.000809 -0.003404 -0.003632
0.003847 0.003374 0.003001 0.002769 0.002285 0.001298 -0.000196 -0.001731 -0.003939 -0.004421 -0.002676 -0.000032 0.002328 0.003762 0.004266 0.005197 0.005700 0.003832 -0.000925 -0.006065 -0.004717 -0.002287 -0.000641 0.001423 0.002946 0.003440 0.003474 0.003183 0.004017 0.005311 0.004460 -0.000459 -0.005694 -0.008033 -0.007633 0.000045 0.005105 0.003128 -0.002461 -0.008474 -0.009439 -0.009403 -0.004799 -0.003242 -0.006899 -0.009966 -0.003584 0.000151 0.002973 0.002714 -0.000427 -0.002984 -0.005969 -0.007452 -0.007664 -0.004990 -0.002347 -0.002261 -0.002240 -0.006765 -0.008853
0.005190 0.004342 0.003942 0.004335 0.005476 0.006289 0.002959 -0.000953 -0.004127 -0.006409 -0.004450 -0.002095 0.000200 0.002163 0.002228 0.005534 0.006057 0.004711 0.000463 -0.003607 -0.004587 -0.003427 -0.001677 0.000082 0.001940 0.003405 0.005012 0.005570 0.005648 0.004968 0.002436 -0.002206 -0.006927 -0.006740 -0.004364 0.000298 0.003453 0.002925 -0.000180 -0.004375 -0.004815 -0.009441 -0.006172 -0.004648 -0.004289 -0.002619 0.002313 0.002950 0.002923 0.001782 0.000370 -0.001741 -0.005142 -0.007731 -0.009735 -0.006447 -0.003897 -0.004160 -0.006659 -0.005991 -0.004177
