MFC+VTK/函数库及接口制作/重磁三维基本处理/张双喜的程序/经验模态分解_2D/噪声_长方体.grd
DSAA
100 52
-1550 1550
-800 800
-0.0096326229755102 1.339039914647
[rows 19 to 37 of 52, columns 42 to 83 of 100]
0.633496556528574 0.6469306025501757 0.6594097111838649 0.6794496161579614 0.6936369062868898 0.7006748178382265 0.7037237133614681 0.6998537721734444 0.6892755239348014 0.6897185423988508 0.6999241698647796 0.677222270205091 0.6816711756634291 0.6628346414685342 0.6466345219833445 0.6369039660838791 0.6295794414269669 0.6016014762072856 0.5679401495223739 0.5360526970224011 0.475617956447004 0.4340045564473612 0.36356935423599 0.3294548402607381 0.273467660998156 0.2375346750423967 0.1939438801252668 0.1683037465266422 0.1478261250779778 0.1149205075357158 0.08763244303816234 0.07414080459493293 0.07791315026333803 0.06134801296431221 0.05214937891606127 0.05123956003954126 0.03034142349941391 0.02859033133285636 0.02675639637260273 0.03814316010354197 0.02719892561607665 0.03254490204714183
0.7731228435170828 0.7806174859002018 0.8005171116361829 0.8148957145949152 0.8187430807995071 0.8405113813918199 0.8400534142428906 0.8300675652756778 0.8350852934236749 0.8351353833213144 0.8380236107158101 0.8269475354403748 0.8224200296290271 0.8036862806027676 0.7891216350532901 0.7791091131063312 0.7441758982180877 0.7205696632402801 0.6850960805033245 0.6316074426679559 0.5749432567346211 0.510394765607081 0.4435648836879644 0.3846535535797442 0.3149195732512261 0.2659832386218176 0.2176924106520031 0.1727358709929387 0.140197841554705 0.1276666554231469 0.101966074004795 0.08803207954984413 0.07679369361922803 0.06241567535186435 0.05411514874490381 0.05364343631453512 0.04823402215002649 0.04366611010603732 0.04246874398945455 0.03886823366765102 0.03367523094498419 0.02734024192748468
0.9020733514032453 0.9405003657797366 0.9425464678594745 0.9682702028128603 0.9763960676648767 0.9697119865821723 0.9720139531133725 0.9893088887541537 0.9781972411241824 0.9798046649374802 0.9774722015252289 0.9633393524043328 0.9621372465400292 0.9531429342777159 0.9331884922878648 0.9126922806999117 0.8765053073590124 0.8382771864493663 0.8086114153895956 0.7536783862273352 0.6779018271106243 0.5991656760910364 0.5184553914155364 0.431563336479763 0.3493777581543573 0.278137923042272 0.235279518378907 0.1888058987479765 0.1512054522847526 0.1320369944184081 0.1104583941117519 0.09775193701568552 0.07663732326461287 0.06259663248399633 0.05888013104642294 0.05973314117929161 0.04858415743724236 0.03888149463303186 0.02848002978037424 0.02433776138233641 0.03467771053764696 0.02809581697766238
1.048175868221979 1.070999991578752 1.085860810307628 1.088399416277427 1.108923542822268 1.117316092054012 1.11338879630935 1.113385918667167 1.118577046403466 1.106525320478131 1.120516358652645 1.094186882337906 1.092237326188903 1.085040192745153 1.064092291704174 1.036247630052811 1.012777000635744 0.9595824795861465 0.9223843320817616 0.8591462048912411 0.7664103213457879 0.6918357416646309 0.593474207746488 0.4728973827621132 0.3921044734651 0.3222630687245808 0.2447795282357532 0.212167401608837 0.1816456148027444 0.1377883375597686 0.1207120769425122 0.08772372188529673 0.08080880190738465 0.0767172957732344 0.05909810407568594 0.05114664168716315 0.05409038707530613 0.04470450441605695 0.02956228907345723 0.02129178626924211 0.02492271077375164 0.02606825633693963
1.141555538654163 1.165028572777723 1.190826521288029 1.204345805609395 1.2050840013725 1.213931817848751 1.21737621796285 1.216318359027455 1.229724399484753 1.217707089677847 1.226401913203107 1.206374203011285 1.191453307900414 1.194373644890342 1.170316574808974 1.145808859481388 1.106360158454467 1.057777107192093 1.004565324310199 0.9490849675987002 0.8608142558678313 0.7448305331034252 0.6460701099239432 0.5334702621344117 0.4107029127082018 0.3409603632353266 0.2791238292304225 0.2209947271087767 0.1721720751780149 0.1408189898596798 0.1203648354335773 0.09413869711933671 0.08508685295260668 0.0654776088286724 0.05994625899877234 0.05681591545863906 0.05180697780716943 0.04986926297484808 0.03606645551624479 0.0307943204839242 0.01643843693070208 0.02143619091546531
1.219863868826572 1.235356589150161 1.25282899003685 1.268095058686309 1.291718352482574 1.301652143042671 1.295361434213397 1.303871547286135 1.293295839331911 1.291711883491366 1.297617897869182 1.28140309007995 1.265274347001508 1.255790347342226 1.243490976294729 1.211327879935917 1.178760404308365 1.130599513250291 1.085192158829389 0.9958578262474038 0.904564492771327 0.7911927516664759 0.6612023687935292 0.5457535361439557 0.4387271674449691 0.3594476155290547 0.2901230967560749 0.2243160291131652 0.1865356659020493 0.1436247620344438 0.1121861488618717 0.1039152752338441 0.08600594857327522 0.07519664819088116 0.05426794297529938 0.05220272972019167 0.04492142344955611 0.03745063599027355 0.03662715889530917 0.02832781489639818 0.02158608281840186 0.01586205667256466
1.251498266771964 1.282148455237621 1.280978558992484 1.312998539719662 1.314159633777048 1.320653079335503 1.323294776135274 1.325666708865305 1.331289346146669 1.335381376854518 1.322411025871962 1.313119619074142 1.314215112982032 1.291495110778999 1.2671872570981 1.252233530337377 1.218045123736674 1.169351105399689 1.103343341241305 1.033188693780587 0.9362435622509986 0.8178715059312069 0.6985274843579301 0.5565981638380368 0.4452710623447858 0.3502873532072961 0.2908225096502292 0.2316924508146292 0.196083239693741 0.1499268505356885 0.1308692198131389 0.1146558508711983 0.08150799009942496 0.08606634875792596 0.05446433942743249 0.05008328507802874 0.04121012390776329 0.03456412249370611 0.037343964793907 0.03196470086168288 0.02339018890176813 0.01889023525202933
1.240977496192999 1.267834759900318 1.282305704243149 1.299945724728306 1.325469879098578 1.324226790314067 1.323755955228733 1.339039914647026 1.327803376085282 1.325029324039548 1.31785258883983 1.322139780144013 1.303094186138385 1.288276633278617 1.267442038517059 1.245893198820957 1.210406009145342 1.173620348388682 1.117277396605465 1.03304622368294 0.9325937418406946 0.8241141891863645 0.6845163208662377 0.5581191263725162 0.4431164319947516 0.3548002547334805 0.2793297078312549 0.2235256582900474 0.1986665299867956 0.1478170018368663 0.1342422156223182 0.1021298240135986 0.09162805002956247 0.07288917025209045 0.07093163025319998 0.04768851124230588 0.03612965606747357 0.03929739057979496 0.03207574957785876 0.03335054987818674 0.01797183595204398 0.03041707687703131
1.208209198045642 1.243375619711283 1.250809502035107 1.268392838350877 1.288892560128457 1.294241304754318 1.288024307077931 1.298051791299227 1.300185160572925 1.299924115048608 1.302620813842394 1.285958397695336 1.274209483413294 1.259961847779237 1.238978547257252 1.205391161892424 1.180872451150642 1.135806750915125 1.074538146835305 1.002985234225828 0.9066091098155255 0.7925919650423228 0.6788579559166839 0.5488605167883571 0.4352071068386767 0.3568441541814091 0.2787300172494111 0.2288967946024915 0.1887200007662774 0.143321527605985 0.1241268618184215 0.1073500366389011 0.08064865995979226 0.08134157182585877 0.05803624422912643 0.05622444594501855 0.04498709747777076 0.04622575611954872 0.0367981725174385 0.02729908357842875 0.03118449862674955 0.02544570428692382
1.143117799899956 1.1586558952362 1.192653176563506 1.200225666663079 1.21487550443164 1.212609832428853 1.222493587492263 1.217077714859051 1.219692917633332 1.221210903554586 1.22460914514368 1.204317503455871 1.198531393081227 1.190763150010013 1.166543292706586 1.143448512030493 1.105418740735737 1.070708587567926 1.020809677284879 0.9523650118372451 0.8500419538421098 0.7429869269376899 0.6439775518849457 0.5162424302056768 0.4255422514475474 0.3382819275406044 0.2738559370320424 0.223081134353272 0.1854541020566825 0.142094787444495 0.1225722778655905 0.09323848403870787 0.07888814052681377 0.06963663748702853 0.05617254112716161 0.04865830005408504 0.04461423685973745 0.04847690323838344 0.03540429573233521 0.04259655302875265 0.02171488347401493 0.01592024500781568
1.037389891315835 1.070270961516187 1.084528302778943 1.095389934056017 1.091879482707286 1.099341002791893 1.123354079737009 1.105137123705204 1.10711050038845 1.117572992375325 1.101468044705315 1.096740402736201 1.089414504277892 1.069692481582087 1.067696482549253 1.026100893723593 0.9985625783430605 0.9670551535501176 0.9193628228132411 0.852113329537068 0.7823371451519801 0.6790354195822689 0.5940664246453751 0.4874676955135742 0.3944992637382306 0.3073390273608406 0.2533955870142487 0.21091217647905 0.1816176067932949 0.1317853082513555 0.1161316474406278 0.09717085260926511 0.09097930038994645 0.07250002017569071 0.07143872248611971 0.05554570487058705 0.04674515973478759 0.0516702610955073 0.03819296735323109 0.02569480454071763 0.02150624770877357 0.02954269555502568
0.9072565702473512 0.9393922172342757 0.9574032000972405 0.96017742377702 0.9618279407411706 0.9752523164231026 0.9802306962812418 0.9856080357824518 0.9859085444205623 0.9748469978436448 0.9787719119711337 0.9617632910717583 0.9587373563897278 0.9515333234535592 0.9369034005301634 0.9121657523368134 0.8926126954350071 0.8511117201468479 0.8043203750370097 0.7454133210670357 0.6768955743447713 0.6010548570887168 0.5074018570869903 0.4238267717352325 0.357607948297562 0.2864496961880244 0.2410052638410978 0.2076426876790971 0.1522556741689493 0.1332381565526545 0.103463864462227 0.08979368813929983 0.08248219934074319 0.07784128746147047 0.0670152115479057 0.0548539005124191 0.05112308905771736 0.04249915371328866 0.0407679167121507 0.04373275566272424 0.02891663129167879 0.02639942622492471
0.7708944907684501 0.7988561276113921 0.8168189092619185 0.8247351138237093 0.8201588729277961 0.8406153741561833 0.8373068830625867 0.8313204964062406 0.8330341986297032 0.8331937081322685 0.8266704615161389 0.8201058867571414 0.8214152550446399 0.8019595501806489 0.7821326291729261 0.7726677344369951 0.7417921554473876 0.7158559879012287 0.6876856539222658 0.6400104446633785 0.5847103616337018 0.5146839405100788 0.4403282283249625 0.3679914356983067 0.3204512087503658 0.2488642240635874 0.209395630874656 0.1755922603077754 0.1515701442696809 0.117741958501599 0.1020760930129639 0.08933971782290502 0.08275916629444224 0.05893466221243855 0.05263065622617515 0.04502942143230526 0.04990956624067999 0.0398560541227916 0.03390514789730789 0.02821461496263045 0.03014340543195698 0.02783698028501469
0.6298350284415677 0.6620893202544795 0.6794156504512716 0.6737557722670674 0.6884430029178277 0.6935577411651853 0.6987149058166162 0.7038832884063495 0.707666478195644 0.6946651209045854 0.6961412998435556 0.6816070140343802 0.6804745057647583 0.6599469306948456 0.6527407428199537 0.6392603474451913 0.6180911360270253 0.5961186812875822 0.5602303738981812 0.5179750080310357 0.4757141068036862 0.4320779579817398 0.3787268250525386 0.3119888459136106 0.2663960821117652 0.2227884446812589 0.1942864555145759 0.1623621764396634 0.1400154233516465 0.1210471043087709 0.1080023756946897 0.08538575019617853 0.06498336228371431 0.06900628528789035 0.06525451934384405 0.04559995384876155 0.03496720112977794 0.03950847770836481 0.03130346883005969 0.03685077356038709 0.0257892308698551 0.02912680880287268
0.5236356785963066 0.5404329179070904 0.5578081096318511 0.5574438355135417 0.5597813422639671 0.5694081229959114 0.5776357947180819 0.5817462482849887 0.565600225099868 0.5859165643711697 0.5664338952012361 0.572491407944122 0.5538025302915282 0.5589696801844196 0.5423607947188573 0.5284272620835609 0.4981226587315284 0.4877850768387865 0.4668994016114183 0.4294014966038023 0.4059392949933867 0.3582363959713175 0.3083132936821201 0.278314549470835 0.227473942321984 0.1986281654410742 0.1715710804868771 0.1413908853008146 0.1210223987569391 0.1042493456446417 0.08808605181350726 0.07192727912044152 0.07485600500119381 0.06153491975829709 0.05291213258264778 0.04881688781768745 0.03651836069517052 0.02460412929031073 0.02604740642041044 0.02632810824158488 0.03039906047895059 0.02425738845587892
0.432759830801172 0.4462413514476067 0.4459557459976196 0.4612400511142057 0.4563085064406128 0.4651957370016727 0.4785188948642489 0.46570025721388 0.4703885908117271 0.4753726866037755 0.4732851546428794 0.4564654947336695 0.4544498692183953 0.4449065629747426 0.4473600035123674 0.4209084062263671 0.421233730293857 0.3989207062948897 0.3723816739932678 0.3547709937934377 0.3187897761261275 0.2899218948329821 0.258533569405003 0.2183142346666994 0.195853374145283 0.1702852381512718 0.1561706005286866 0.1227728757159461 0.1226922364653087 0.1042659845234198 0.07493357789644985 0.07949845392020113 0.05369494435929888 0.06142888278841755 0.04665689540227192 0.04141116425075166 0.04907238789609249 0.03835147891967823 0.03357086580338356 0.02836064325857998 0.01841660520823256 0.02666277833388542
0.343959954484691 0.3507472131148635 0.3721484676467562 0.3729184275976433 0.3818427089899438 0.3883076402727116 0.3822422435290898 0.390070591271006 0.3879084450150544 0.3827286297167799 0.3845389224849299 0.3833667056238775 0.3806820471958582 0.3790866630469941 0.3663967425594317 0.3463195412963284 0.3459345484168498 0.3334425885629197 0.3142653466328413 0.3007418504924203 0.2661857515306268 0.2447691378211179 0.2134099179154361 0.1894373862397959 0.17083216051554 0.1508538525002554 0.1397368128630628 0.1169857061085968 0.09896645763701706 0.08297603765385329 0.07044791785232935 0.05964590261280243 0.05411055099878993 0.06378178115054667 0.0348132725020912 0.03266138289604934 0.04435807710139715 0.02951998062189519 0.03004921123650285 0.02484083749472488 0.03518360384277595 0.02034200571931857
0.2877175610600815 0.3040091656304499 0.3056439282342141 0.3151129207909463 0.3135808465688318 0.3172105197922591 0.3170908118154273 0.3268534059434212 0.332574094013729 0.3249629827497881 0.3154329747856627 0.3179725593662153 0.3037604133740954 0.3089133498039981 0.2989022123530227 0.2858372061860173 0.2804856328677383 0.2745350859333188 0.2618314538012704 0.2397638229208059 0.2214237177275335 0.2018784184164558 0.1879320219665031 0.1651164169218815 0.1549336139599029 0.1261053802673355 0.1204873355289149 0.09319755803307406 0.09707527880318198 0.07328941855314582 0.06497776174018674 0.06339787300181535 0.05519348379956229 0.04923438881759678 0.04397278401200408 0.03888189625000525 0.02407782593899778 0.03269331286671774 0.02474558450847885 0.01686033477908566 0.02285812024501121 0.02033521882139703
0.2411053565522255 0.2385197695788536 0.2554907809087916 0.2632995702544206 0.258813114850154 0.2634692988359328 0.2625126902321566 0.2678470126530219 0.2769978004351844 0.2668985626802675 0.2700768755716229 0.2596662653539979 0.2625289351869657 0.2517042465349139 0.2502965084146158 0.2404530940553346 0.2306775667166483 0.2207954319486792 0.2112441778977425 0.2046711600108526 0.1854718958986096 0.1768248608922686 0.1572333149821145 0.1412511169196862 0.1371194289284627 0.1081865145767826 0.1051205682639716 0.09009831014092068 0.09233887023792384 0.07942702464347166 0.06654419771054432 0.05665888387368553 0.0538502793009396 0.05460730030754814 0.0369175279764499 0.0407943795753782 0.03926875238393563 0.03457670922153577 0.02111839796537257 0.01848625498661777 0.02211951449117414 0.0189812540286459
