MFC+VTK/函数库及接口制作/重磁三维基本处理/张双喜的程序/经验模态分解_2D/噪声_长方体_ε=1e-07_BIMF_D1.grd
DSAA
100 52
-1550.000000 1550.000000
-800.000000 800.000000
-0.01046 0.01047
[rows 0 to 26 of 52, columns 0 to 60 of 100]
-0.007283 -0.005968 -0.001185 -0.000118 0.000378 0.007682 -0.007763 0.007427 -0.007904 0.007935 -0.007926 -0.006642 -0.005659 -0.007714 -0.005396 -0.007474 -0.003766 -0.002710 0.007131 -0.002536 0.007026 -0.007037 0.000363 -0.002123 -0.002006 0.003100 0.005811 0.003374 -0.001033 0.007788 -0.007106 -0.007749 0.005454 -0.007282 0.003475 0.005981 -0.007052 0.006897 -0.006798 -0.003740 -0.006766 -0.003273 0.001348 -0.002705 -0.005304 0.001667 -0.007328 0.007413 0.002988 -0.001216 0.007553 0.004582 0.007581 -0.007827 0.007604 0.001355 -0.007682 -0.002755 0.001861 0.008019 0.002193
0.006288 0.002081 0.007673 -0.004951 -0.001705 -0.002281 -0.002233 0.001396 0.007647 -0.001596 -0.003627 -0.002514 0.005033 0.007754 -0.003197 0.006891 -0.003077 -0.001463 -0.007226 -0.002685 0.002212 0.002943 0.007234 -0.002692 0.005834 0.006740 0.007619 -0.007284 0.007242 -0.003370 0.005364 -0.003612 -0.007748 0.007674 -0.007741 0.007376 -0.002844 0.003006 -0.000450 0.006991 0.002678 0.007034 -0.001056 -0.007179 -0.004662 0.007354 -0.001092 0.003737 0.000857 0.006972 -0.004993 -0.003594 -0.004754 -0.007829 0.004606 0.003390 -0.005621 -0.000164 -0.007959 -0.000443 -0.008273
0.007477 0.007712 0.002215 -0.004077 -0.007944 -0.003921 0.008062 -0.008098 -0.002086 -0.004452 -0.006816 -0.007990 0.005947 -0.000584 0.007709 0.000800 -0.002528 -0.007030 0.000387 -0.000662 0.001007 0.003945 -0.001295 0.005025 -0.007536 0.004057 -0.007712 0.003765 -0.001542 -0.004703 -0.007860 0.004654 0.003790 -0.007736 -0.006040 -0.006747 -0.006435 0.001703 0.001756 0.005048 0.003278 0.006618 -0.000357 0.001119 0.006727 -0.004878 -0.007539 0.002524 -0.004093 0.002030 -0.003463 -0.007713 0.007731 0.000947 -0.007846 0.007814 -0.003766 -0.001013 0.008052 -0.001837 -0.004403
-0.007800 -0.000003 -0.003942 0.008044 0.002045 -0.000752 0.004870 -0.001411 -0.002989 0.006357 0.001954 0.004353 0.004244 -0.001190 -0.001526 -0.002690 0.001185 -0.007454 -0.000031 0.007050 -0.001787 -0.004400 0.006492 -0.001296 0.001716 0.007733 -0.005838 -0.006569 -0.006028 0.007895 -0.002740 0.002418 0.007824 0.005224 -0.002714 0.007612 -0.000524 0.007492 -0.006709 0.002695 0.007634 -0.004737 0.004295 0.007522 -0.007562 -0.002794 0.007641 -0.001975 -0.004177 -0.007732 -0.002358 -0.002343 -0.000507 0.000491 0.004960 -0.007909 -0.006124 -0.008049 -0.004423 -0.002435 0.008269
0.005652 0.008052 -0.008119 -0.007222 -0.003414 0.008325 -0.000301 0.007830 0.002289 0.000027 0.008217 0.001346 0.006105 0.007884 -0.003651 0.002480 0.007585 -0.005487 0.007508 0.000977 -0.001660 -0.007570 -0.005465 0.007698 0.007067 0.000573 -0.007886 -0.002920 0.004265 0.007493 -0.002677 -0.007884 -0.000800 -0.000513 -0.007751 -0.002783 0.002371 0.000570 0.006170 -0.007639 0.007642 -0.007773 0.004507 0.004766 0.007147 0.000920 -0.007737 0.005321 0.002636 0.002498 -0.004864 -0.006998 0.001817 -0.007908 -0.002696 0.003592 -0.004207 -0.002454 -0.003377 0.007048 0.008473
0.004713 -0.003604 -0.008288 0.003282 0.003744 0.001904 0.004231 0.008484 0.008481 -0.005560 0.007244 -0.000119 -0.004976 -0.007653 -0.001306 -0.007724 -0.006086 -0.003518 -0.001669 0.004756 0.004270 0.007685 0.002782 0.007169 -0.000391 0.007853 -0.004227 0.003027 0.001651 -0.007982 -0.003626 0.007920 0.003746 0.007855 0.003254 0.000732 0.005605 0.004580 -0.005720 0.001520 0.007543 -0.004344 -0.007818 -0.006523 0.004580 -0.005175 -0.002171 -0.003727 -0.000628 0.007852 -0.007875 0.007905 0.004589 -0.000677 -0.000333 0.001407 -0.003080 -0.000695 -0.003686 0.005130 -0.004050
0.008255 -0.003938 -0.007045 0.008499 -0.000912 0.006240 -0.005950 -0.006957 -0.008079 -0.008493 0.000359 0.008268 -0.003038 -0.008004 0.007885 -0.003092 -0.001264 0.007696 -0.002769 0.007705 0.004400 -0.001222 -0.007848 -0.000695 0.007966 0.000282 0.001880 0.006425 0.001800 0.008030 -0.000681 0.004073 -0.007941 0.000342 0.003725 0.007927 -0.005066 0.003131 -0.007962 0.007970 -0.007970 0.007960 -0.005550 0.003669 -0.007910 0.007895 -0.002413 -0.006766 -0.007884 -0.004797 -0.006669 -0.002213 0.006775 0.000139 -0.006731 -0.008211 0.007831 0.002538 -0.008445 -0.001229 0.003720
0.000474 0.004347 0.006031 -0.000893 -0.008672 0.008712 -0.005974 -0.000407 -0.001186 0.008580 0.000040 -0.003901 -0.005825 0.001321 -0.002286 -0.007869 0.000729 -0.001183 -0.004087 0.000474 0.001355 0.007877 -0.002715 -0.006807 0.000187 -0.002616 0.008109 0.003338 0.004544 0.000289 -0.005101 -0.003919 0.008013 -0.001834 0.004455 -0.002060 -0.008058 0.004897 0.006835 0.000295 0.003535 0.000083 0.005832 0.008004 -0.002186 -0.004189 -0.007918 0.007908 -0.005224 0.007934 -0.003865 0.002724 0.002356 0.005435 -0.006845 0.008322 -0.000986 0.005901 -0.003611 -0.003391 -0.008238
-0.000822 -0.005785 -0.008605 0.002333 -0.000515 0.002489 0.007549 -0.002532 -0.008731 -0.002887 -0.006099 -0.002282 -0.008279 -0.001178 0.002741 -0.005905 -0.001863 -0.003323 -0.007838 -0.003889 -0.007893 0.000617 0.006844 0.008054 -0.002797 -0.002536 -0.008157 0.000084 -0.002529 -0.004192 -0.006879 -0.002442 -0.001831 -0.002601 -0.003862 -0.001814 -0.004216 -0.001863 -0.003626 -0.008194 -0.004552 0.001688 -0.001992 -0.002667 -0.007996 -0.005352 0.003623 0.000382 0.000641 0.007580 -0.003172 -0.002196 -0.008167 -0.000892 0.002361 -0.008438 -0.000458 -0.002976 -0.002905 -0.005391 -0.003817
-0.008463 0.001046 -0.006947 0.008100 -0.001289 -0.004512 -0.008857 0.005040 -0.003218 -0.008732 -0.005283 -0.004537 0.002740 0.003391 -0.008099 0.002039 0.002100 0.000528 0.007892 0.004156 0.000680 0.002321 -0.002770 -0.008086 -0.007110 0.008161 -0.001800 0.008187 0.002415 -0.008178 0.008175 -0.006813 -0.008193 0.005278 0.008245 -0.008275 -0.005651 -0.008314 -0.002869 -0.005881 0.004772 -0.008180 -0.002809 0.008045 0.003259 -0.001000 0.005360 0.007879 -0.001376 0.005334 -0.008037 0.006426 0.000106 -0.001912 0.000297 0.003680 0.008646 0.002143 0.002958 0.001899 -0.008812
0.008460 -0.000795 0.008649 0.002733 0.005699 0.004271 0.008875 0.000809 -0.002132 0.008727 -0.000774 -0.000430 0.008377 0.001268 0.008150 0.006502 -0.003933 0.003498 0.003517 -0.001470 -0.007953 -0.004089 0.008035 -0.004134 -0.004010 -0.007572 0.001435 -0.002656 -0.001014 0.000006 0.007369 0.003194 -0.003371 0.000018 0.003782 0.007117 0.002944 0.006092 0.008408 0.003530 0.002144 0.006370 -0.003856 -0.003482 -0.007924 0.007857 0.005572 -0.000269 0.006056 -0.005259 -0.005377 -0.001945 0.008306 -0.008462 0.006421 0.003164 0.004047 0.001520 0.007026 0.000797 0.008897
-0.003029 -0.000355 0.000762 0.007862 0.001618 -0.003305 -0.002511 0.006738 -0.003011 -0.003666 0.005710 0.001376 0.002184 -0.000183 0.000886 -0.008093 0.003305 -0.001213 0.005386 0.007920 0.000910 -0.006912 0.001725 0.000998 -0.000332 -0.008170 -0.008175 0.000739 0.004677 0.004047 0.000848 -0.004091 0.000236 -0.007153 0.004248 0.008533 -0.006883 -0.008546 0.001634 -0.006036 0.001634 0.008202 -0.001363 0.007940 0.006061 0.003801 -0.006385 0.007385 -0.003524 0.000939 -0.008066 -0.003572 0.008408 0.001043 0.001983 0.008545 0.007007 -0.000123 0.009013 -0.004717 -0.008993
-0.008353 -0.002075 -0.001708 0.007299 -0.007477 -0.008786 0.001146 0.000946 -0.008765 -0.004414 -0.008608 -0.007303 -0.000629 0.005539 0.000618 0.008096 0.002374 -0.007981 -0.007978 0.005342 0.000632 -0.000748 -0.004990 -0.007989 0.002790 0.006431 0.008150 0.004458 0.008250 0.006493 0.004991 -0.005865 -0.008568 -0.005122 0.005286 -0.008665 -0.004049 0.003545 0.008602 -0.008684 -0.005478 -0.008197 -0.002589 -0.007857 -0.001285 0.002837 -0.007603 0.007637 0.001313 -0.001944 -0.002158 -0.001270 -0.008484 -0.003237 0.000156 0.008960 0.002890 0.008063 -0.009146 0.001728 -0.003524
-0.000457 -0.005900 0.002382 -0.008565 0.007058 -0.006687 0.008740 -0.000316 0.004947 -0.000471 0.003438 0.008467 -0.008364 -0.004921 0.006931 -0.004560 -0.007980 0.007902 0.007389 -0.001776 0.007780 -0.007482 -0.003118 -0.006154 0.007976 -0.006764 0.007538 -0.006182 0.003143 -0.008347 -0.006787 0.008524 -0.008612 -0.007074 0.000276 0.000521 -0.003855 -0.006270 -0.008698 0.003069 -0.004516 -0.001933 -0.000938 0.004036 0.007616 -0.006227 0.003152 0.003410 0.003309 -0.007861 -0.006394 0.001659 0.000323 0.008770 0.000772 0.003861 0.006114 -0.003645 0.007568 -0.008611 -0.006776
-0.008145 0.002462 0.000911 -0.001886 -0.001237 0.000866 -0.008641 -0.007034 0.001188 0.008561 0.001934 0.005817 0.007452 -0.001316 0.004539 -0.006895 0.002896 -0.007925 0.000268 -0.006280 -0.007675 -0.000733 -0.000041 -0.007814 0.004853 0.003105 -0.008072 0.004013 -0.000180 0.002849 0.002536 0.001366 -0.002836 0.001368 -0.003296 0.003830 -0.008939 0.008893 -0.004246 0.008640 -0.007040 0.008208 0.004428 0.002065 -0.004157 0.003106 -0.007390 -0.006283 -0.000808 0.002337 0.003954 0.008370 0.007119 0.005370 -0.005238 -0.006526 0.006825 -0.009406 0.003064 0.001470 -0.003575
0.008028 0.005330 0.002364 0.008343 0.000072 0.004989 -0.001974 0.008531 0.001272 -0.002042 -0.004496 0.000823 -0.005674 -0.001715 -0.008029 -0.003607 -0.004278 0.007714 -0.002199 -0.004552 -0.005039 -0.004382 0.001293 0.007709 -0.007814 0.006142 0.008027 0.000727 0.003904 0.004649 0.003649 0.008730 0.006082 -0.001911 0.006477 -0.002567 0.000551 0.002207 -0.003567 -0.008723 0.005677 0.001464 0.002483 0.002470 -0.007504 0.007365 -0.003133 0.007436 -0.000966 0.000381 0.001050 0.002352 0.003878 0.006581 -0.009184 0.007401 0.003432 0.005394 -0.002797 0.004202 -0.002879
-0.007921 -0.002228 0.000909 -0.000977 -0.003236 0.002668 0.008071 0.004842 -0.004870 0.002666 0.001155 -0.008226 0.000782 0.001643 0.007931 0.001122 -0.002941 0.000561 0.007671 0.002088 0.007439 0.001403 -0.002089 0.006574 -0.003292 -0.000610 -0.007991 0.003244 -0.002461 -0.008516 0.007596 -0.007817 -0.008993 -0.007846 0.007860 0.009232 -0.009217 -0.006564 0.009009 0.004095 -0.003078 -0.005562 -0.002761 -0.004707 0.002449 0.002640 -0.007363 -0.000025 0.002033 -0.003442 0.008197 -0.005259 0.008786 -0.007590 -0.004098 0.009469 -0.005801 -0.003283 0.009698 0.005848 0.009609
0.007453 0.007922 -0.008015 0.003492 -0.003745 -0.008235 -0.001952 -0.008291 0.008282 -0.005225 -0.001812 -0.000298 0.006814 0.001677 -0.007817 -0.002801 0.001066 0.002431 0.001088 0.006621 -0.000145 0.003210 -0.001103 -0.007501 0.005404 -0.000866 0.007971 0.005796 0.008387 -0.001832 0.006165 -0.001651 0.009144 -0.003204 -0.001887 -0.000843 -0.004239 0.004361 -0.000801 -0.000515 -0.004081 -0.008408 -0.006201 0.006761 0.007371 0.002724 0.007459 0.000043 -0.006216 0.000047 -0.008270 0.001502 -0.002233 0.002880 0.001420 0.007357 0.009138 -0.009787 0.006711 -0.009896 -0.009233
0.003245 0.001248 0.000985 -0.003605 0.008065 -0.004159 0.003851 0.005322 -0.008233 -0.001927 0.008090 0.008063 0.002119 -0.004854 0.004059 0.007574 -0.001278 0.007339 -0.007256 -0.003909 -0.001289 0.004180 -0.004928 -0.002633 0.007572 0.003188 -0.007975 -0.002269 -0.002275 -0.001333 -0.008929 0.002885 0.003939 -0.008447 -0.009451 0.001257 0.000477 0.000548 -0.001305 -0.009068 0.008809 0.003310 -0.002475 0.000986 0.007770 -0.003288 -0.001329 -0.006036 -0.007836 0.004294 0.008357 0.001644 -0.003971 -0.005680 0.003846 -0.001320 -0.000314 0.001455 -0.007911 -0.009923 -0.005153
-0.007704 -0.002864 0.003269 -0.007908 -0.006055 0.000143 0.008062 -0.001507 -0.000128 0.006685 0.004760 -0.007918 -0.007830 0.007714 -0.007590 -0.002625 -0.001687 -0.002930 -0.006968 -0.003682 0.007096 0.003224 0.007225 0.004776 -0.005427 0.003453 -0.000405 0.008268 0.002902 -0.004599 -0.006975 -0.006555 0.006507 -0.009622 -0.006678 0.009742 -0.005229 -0.003159 0.009438 0.000210 0.001691 -0.008657 -0.005549 -0.007510 -0.008133 -0.000220 0.003452 0.001930 0.001065 -0.000075 -0.003865 -0.003711 0.009048 -0.009315 -0.000913 -0.009409 -0.009871 -0.008161 0.001949 -0.000323 -0.000335
-0.003969 -0.004926 0.007786 0.000653 -0.001085 0.002145 0.000679 -0.007995 -0.000486 0.004711 0.006190 0.007834 0.004777 -0.003130 0.004740 0.007369 -0.000281 -0.006734 0.007052 -0.001709 -0.007011 -0.003696 -0.001789 -0.007322 -0.005703 -0.000504 -0.006228 -0.008340 -0.005498 -0.007572 -0.009211 -0.002134 -0.003433 0.009804 0.001081 -0.004436 -0.001572 -0.008671 0.005623 -0.008122 0.005084 -0.004869 0.001107 -0.008518 -0.004919 -0.003088 -0.007898 0.005103 0.000791 -0.008309 -0.001122 -0.000123 0.004957 -0.001532 0.002046 -0.004164 -0.003151 0.003331 -0.010096 -0.003035 0.001581
0.004222 -0.007006 -0.007759 0.002142 0.007858 -0.001201 0.004942 0.000820 0.003842 0.007893 0.003177 -0.006725 -0.000486 0.004894 -0.000214 0.002507 -0.001163 -0.002517 0.001068 -0.001044 0.006954 0.000821 0.000603 0.007314 -0.001646 0.001234 0.000460 -0.007564 0.003317 -0.005010 -0.004737 0.009613 -0.000260 -0.009983 -0.005920 -0.000722 -0.002335 0.003516 -0.009752 0.005943 0.003912 0.008924 -0.008641 0.008554 -0.005253 0.008077 0.006846 -0.006792 -0.007979 0.008430 -0.003315 -0.001490 -0.001028 -0.009448 0.000696 0.005979 0.003127 0.003643 -0.005661 -0.008345 0.007252
-0.001646 0.007720 0.002448 -0.002659 0.007765 0.007662 -0.003571 -0.007890 0.004180 -0.007847 -0.001452 -0.007726 0.003788 0.007524 0.007335 0.002206 0.002810 -0.007027 0.006946 -0.000605 -0.002387 -0.000497 -0.001195 0.003569 -0.003148 0.003111 0.008170 -0.000751 0.008841 -0.000807 -0.009481 0.000460 0.000473 -0.002716 0.003927 0.010254 0.003219 0.008072 0.009882 -0.001395 0.001331 0.000416 0.008573 0.008123 0.006881 -0.003891 0.005774 0.008225 0.001191 -0.000631 0.004298 -0.009027 0.009271 -0.008288 0.001321 0.008255 0.006333 0.002778 0.010168 -0.002703 0.010205
-0.007720 -0.002553 0.006363 0.001784 0.003328 -0.000327 -0.006557 -0.005234 -0.006138 -0.005694 0.000532 0.005495 -0.004303 -0.001804 -0.002156 -0.007271 0.005277 0.001826 0.004635 -0.006915 -0.002761 -0.007025 -0.002645 0.002130 -0.007620 0.003946 -0.002192 -0.008580 0.004941 -0.006273 -0.002819 0.000898 0.010111 -0.010278 0.006823 0.003148 0.002383 -0.005880 -0.009971 0.002960 -0.000689 0.009122 0.001573 -0.000653 0.006007 0.004520 -0.008295 -0.004379 -0.004358 -0.008651 0.008865 -0.002955 0.008659 -0.001208 -0.005070 0.009864 0.006186 0.007359 0.001191 -0.003794 -0.002011
-0.004682 0.002134 0.003898 0.007832 -0.001834 0.007859 0.000126 -0.001761 -0.003571 -0.007818 -0.000419 -0.003042 0.007632 -0.004373 -0.000437 0.007306 0.002636 0.003700 -0.001104 0.006963 0.001136 0.000945 0.007223 0.005864 -0.003145 0.002472 0.008301 0.002558 -0.002772 0.000032 -0.009668 -0.004942 -0.002162 0.008964 0.010463 -0.004592 -0.010370 -0.006365 -0.000258 0.009762 0.003092 -0.001754 0.009059 -0.001314 -0.002377 -0.003058 0.005333 0.008465 -0.000914 0.005799 -0.003473 -0.003112 0.008369 0.001791 -0.003253 -0.000385 0.004610 -0.003662 -0.003635 -0.005603 0.009468
-0.007832 -0.000285 -0.006654 -0.007865 0.002428 0.004189 0.004120 0.007872 0.004399 -0.003004 -0.001557 0.006935 0.003665 0.004062 -0.005871 -0.007553 0.004557 0.000957 0.002516 -0.007059 -0.001143 -0.007163 0.001172 -0.001173 -0.004250 0.005578 0.007477 -0.005739 0.004266 0.001859 -0.001349 -0.001104 0.010212 0.002953 -0.010463 0.010465 0.010441 0.000248 -0.001385 -0.009772 -0.007189 -0.009221 0.005162 0.008980 -0.008602 0.008523 -0.006658 -0.007891 -0.008680 -0.007692 -0.003210 0.001257 -0.004092 -0.003343 0.009665 -0.000849 -0.009888 -0.002268 -0.007159 -0.008776 -0.010083
-0.000706 0.002643 -0.006634 -0.002228 -0.004149 -0.007905 0.002869 -0.006874 0.000712 0.007859 -0.002970 -0.007780 -0.002306 0.007649 -0.007563 0.007467 0.003011 0.007281 0.005458 -0.000452 0.003211 0.004689 0.005956 -0.001866 0.001029 -0.008097 -0.007369 0.006903 0.004183 0.009414 -0.009716 0.006160 -0.007749 0.002841 -0.008633 -0.006776 0.007980 0.003843 0.009982 -0.000295 -0.003109 -0.009036 -0.003895 -0.002659 -0.007947 -0.007642 0.002707 -0.003322 -0.005457 0.008892 -0.004189 -0.007064 -0.009348 0.003674 -0.002969 -0.003284 -0.006787 -0.005301 -0.009891 -0.007792 -0.003555
