MFC+VTK/函数库及接口制作/重磁三维基本处理/张双喜的程序/经验模态分解_2D/噪声_长方体.grd
DSAA
100 52
-1550 1550
-800 800
-0.0096326229755102 1.339039914647
[rows 0 to 18 of 52, columns 0 to 41 of 100]
-0.005179999564605159 -0.003910050457213977 0.0005308501333932889 0.0004522299254337558 -0.0008079321741051027 0.005744028310424681 -0.007078677329052562 0.007896729981991736 -0.0060757209725451 0.01732983524752711 0.0001283857218588244 0.0005654003341776168 0.0003666143093749297 -0.003412943565223217 -0.002016862962038908 -0.003735320232030805 0.004113021678904159 0.009777755516636479 0.02194467471412941 0.008918906662706068 0.01570482933401604 0.00573561621114203 0.01179598630801431 0.008198910902307066 0.008708398908194474 0.01533134154968025 0.01985276832843303 0.01882820626336441 0.01604036580382028 0.02705952771652493 0.01373348090892902 0.01470137061380347 0.03128130365915084 0.02152095203022907 0.03276740121659374 0.03436334034115382 0.01881388951164741 0.0324557955973763 0.0284902077867864 0.03059567458274846 0.02417271728036527 0.02689194051530998
0.006872724853295015 0.004134084725868278 0.01075534236692478 -0.001487219065541504 0.0009612215062949452 -0.001832337855178907 -0.002104554396863034 0.004423009112222543 0.01309184280336709 0.005923833068312713 0.004181970123960471 0.005179167034282076 0.01286678002257149 0.01621469854465495 0.004738061334980746 0.01497594826843947 0.006625100626244359 0.01027128537303238 0.005426365468588282 0.009498800199632493 0.01336148983552525 0.01343094945261081 0.01628614341700348 0.008015980274495453 0.01845034015229391 0.02109803682480926 0.0239450479367447 0.01073502105408814 0.02682318491073893 0.01774358959658594 0.02777691606529079 0.02161533343596165 0.0210487724460251 0.04017633789754117 0.02409523517024401 0.04009372457098016 0.0286350578207632 0.03428134933073992 0.03280291946457435 0.04109710114868967 0.03822619896069344 0.04383378349348522
0.006847444657114177 0.009967358120385336 0.005966034385329727 0.0008605712474103917 -0.002183648403565636 -0.002174133817095289 0.007272744171189137 -0.002306900712000889 0.004971568175315848 0.002493323961602036 0.0002766452929183969 -0.0004360921771741147 0.01403756060987948 0.008706572097307203 0.01817940196573056 0.01137941506613978 0.008441950726030205 0.00459662811058853 0.01273222717516291 0.01223123104367003 0.01336427866448459 0.01518464108901171 0.009761074972302856 0.01777257969102461 0.007440041374255052 0.02039665665413346 0.009930366777046364 0.02457514154780466 0.02213250031136243 0.02031705519574528 0.01636016265491787 0.03259608156515666 0.035474133009377 0.02529403893646496 0.02963572394374454 0.03011109658480018 0.02951810361503364 0.03639012303419251 0.03629209282037151 0.04209727557416511 0.04385953314791556 0.04908116222278252
-0.008598977718627235 0.002640251694377212 -0.0005315371061395402 0.01132731724471349 0.005825688996344225 0.002113983463375005 0.007459717309504821 0.003714751827400307 0.003254990989798716 0.01250829060044765 0.008111686723983103 0.01094650969844665 0.01136063819398283 0.006918685668461905 0.008470598289858494 0.00853124919563842 0.01277990512595671 0.004103661100087282 0.01213676046540257 0.02049356410657927 0.01133521846998472 0.008652156092239551 0.02041656332184756 0.0143778819518882 0.01915243868438272 0.02665538304012866 0.01492074450431417 0.01753297338773799 0.02196407504444409 0.0390039882558444 0.02625952329431207 0.03280923461218186 0.0429467755548294 0.04263914801561133 0.03834882137327296 0.04941446466032289 0.03963298476718295 0.04543577238763063 0.03072363370145823 0.04424058430673129 0.05430882025403686 0.04319825090169951
0.007948105585884404 0.01245479061315376 -0.005231983899894543 -0.006008729385721265 -0.001247117676114242 0.01171749102076614 0.003521980441469397 0.01234901933087954 0.0071687230781875 0.005222019647389643 0.01376507562324791 0.007616239834888489 0.01260668745681159 0.01448379419405117 0.005750961033097517 0.01385714481467552 0.01926740245986247 0.005460308420786812 0.01858420219570305 0.01325602010539236 0.01158981014085461 0.006956070984546453 0.01095627287418538 0.02647760097216069 0.02731911572434799 0.02230499643414106 0.01585494116741813 0.02429309727039181 0.03485132721829251 0.03969910248957916 0.02819327298356529 0.02241021482364435 0.03282510754004336 0.03787876576449892 0.03835796380815348 0.04341892517452106 0.04713547758787357 0.04369228301945324 0.04960552161036627 0.03936164919314648 0.05940098645976807 0.04540305822530725
0.009018230685680112 0.0006642830027539792 -0.005023076637161717 0.005396515294918197 0.006017855125150171 0.004692210427410817 0.007100319266086199 0.011504275266479 0.0122138054532427 -0.0004411852422050271 0.01372693999908167 0.007201382631222997 0.002818680404603174 0.0007775796338071288 0.008896660683924678 0.004067627416006921 0.004627463395192814 0.005909508184742403 0.008639771900409515 0.01689876884111435 0.01797373277293298 0.02270862745055478 0.02088252984237777 0.02795538266726523 0.02236759655663343 0.03229292671958849 0.02254227107551174 0.03284625726480835 0.03429326003074242 0.02587255430645747 0.02921161842245934 0.0389021117900517 0.03994934917866672 0.0446064339849021 0.04739503271740359 0.04873892783271385 0.05559865610336603 0.05400675031740586 0.0443064902680294 0.05561502312675434 0.06508738620695148 0.05647676033548874
0.012760899072234 -4.885337465709155e-005 -0.003372704039972099 0.01218622926561363 0.003254175109040933 0.008506749534458728 -0.004604619041804134 -0.005266556784785395 -0.004298712906067734 -0.001780315775813213 0.008955264587424246 0.01752475385287027 0.007028227434224382 0.003131598885493327 0.01911360232778737 0.008639422718671665 0.008985022481023824 0.01601406591913099 0.008527305084447264 0.02163745387223529 0.02007246859542611 0.01600782459504849 0.01187088382472537 0.02134048201817157 0.03263087655817689 0.02658902509269922 0.0306816593899086 0.03811420216916515 0.03669170767895416 0.0456202072667985 0.03779249366309521 0.04530451946539607 0.03994334527281499 0.04571474832273659 0.05041573849766839 0.0578741989274257 0.05015442030292823 0.06005965606283965 0.0500829306891888 0.07262921381336004 0.05696970042797247 0.07896185731140079
0.003614898996232849 0.007472253557486187 0.009937683146614987 0.005154219293213583 -0.0009295894024160464 0.01046751520941661 -0.005093191349224993 0.001652237980581235 0.004231655729809693 0.01916214799954283 0.01089551161805473 0.007336260541090219 0.006105240661466106 0.0136953384293667 0.0101885428118483 0.004958249943619078 0.01265922342158414 0.01135347597433484 0.01138830479933847 0.01776728249738823 0.01973022729238666 0.02691119206287213 0.017491690058592 0.01531363859162743 0.02534702861224278 0.02484613621834979 0.03792915782222749 0.03636878496160603 0.04184364534257033 0.04170867132208149 0.03972269370347363 0.04420892434405351 0.05844268332506016 0.05003049383098956 0.05773762974801457 0.05500401151263271 0.05503157134352227 0.07201229121895364 0.07792428638350923 0.07627864203652075 0.08109720215095204 0.07867772123822986
0.0009378584525949751 -0.003376542076662242 -0.005237501120124832 0.008282323451267934 0.006183298726628039 0.006737069252840009 0.01046094160903491 0.0009999930122103111 -0.003464459331519662 0.005228555047741125 0.004578014287676478 0.01018497360936983 0.005073147457029945 0.01178337722726338 0.01526882056215763 0.006869665599774755 0.01171295369710664 0.01247923206759018 0.0117422775462892 0.01585785656077449 0.01273617227160047 0.02116257313061542 0.02781585150923604 0.03047975404315396 0.02462186445720914 0.02779245309614524 0.02126724762726368 0.03487450990531839 0.03779383300433638 0.04148511475496719 0.04372925561856914 0.05139283882552743 0.05413009288854755 0.05611885363640903 0.05761077742307374 0.06316604845912027 0.06713539717105083 0.07649461092472662 0.08081754393280866 0.08133408020538142 0.0851417384198648 0.09071257862312177
-0.007345593347874282 0.003445945152342673 -0.003124917582466288 0.01367765956030825 0.005025112460033357 0.001715098681583363 -0.003168490370142853 0.01106314639030588 0.003047403843876136 -0.002468216075448514 0.004985826458226889 0.008379022433330486 0.01656623626765044 0.01640607092202431 0.003984493855347354 0.01530243699702556 0.01703530556433055 0.01664665072572871 0.02439774294868339 0.02304272984464189 0.02131068679682404 0.02405478591126822 0.02050423180247023 0.01848711579886895 0.02484971560445146 0.04549408364200132 0.03467888345004059 0.04751386028083679 0.04619543750753984 0.04133439970209292 0.06423899206481051 0.05266695413390755 0.05427193926808401 0.07218176391955777 0.0795642921499085 0.06516536817734951 0.07547081876511558 0.0816962245783352 0.09287231819319532 0.09386229861126311 0.1059716947090645 0.09376984776287017
0.01011654294075606 0.001964577655133887 0.01252024051596426 0.007758060944377768 0.01189234008154579 0.01191316544142593 0.01802549707186948 0.009404805398665748 0.006884700520980929 0.01978363695188576 0.010720597068516 0.01235941215058652 0.0223242758419284 0.01443132500718553 0.02083257190767932 0.02148654216980971 0.01256650148779251 0.02027273332284428 0.02032377235628798 0.01683949958984168 0.01289261227755151 0.01943684793259379 0.03440855178824649 0.0266108625834621 0.03139345807529208 0.03151632602077295 0.04213246542829625 0.04058455021947149 0.0463786267144831 0.05311691438976872 0.06691245634781717 0.06825676117667336 0.06692889086034293 0.07599462234059937 0.08531798134073881 0.0936427144318826 0.09579297504535397 0.1060404548394021 0.1148689852445755 0.115125407719464 0.1169742291795007 0.1230904597611171
-0.0002895695079895289 0.002738697078305721 0.004420205495745257 0.01235956244639036 0.007381325335234466 0.004190896434627341 0.006682517888165852 0.01624405130884844 0.006705669779033807 0.007095987842124271 0.01694367777801999 0.01326993434816752 0.01490572555757788 0.013224468551766 0.01591025856359548 0.009906274095368095 0.02138982026957401 0.01674878496681564 0.0235052044654131 0.02690976928570452 0.02357264498003481 0.01969413318323656 0.0322474184823371 0.03572071689120151 0.03815282391443248 0.03312801188389584 0.03563957630556361 0.04781076265383467 0.05568484164101497 0.0611158017803721 0.06499717180799977 0.06730741651795802 0.07897788640528228 0.07914381789116651 0.09818648091137132 0.1098319029847004 0.1001088260930682 0.104032982705349 0.1219557581091378 0.1213640755397951 0.1351578200459121 0.1458057926845682
-0.004864046627810773 0.0009107437358088916 0.001445950945097793 0.01120424530353862 -0.002544987386929182 -0.002092036120769844 0.01044075315573883 0.01035656669250503 -0.0003464008410495235 0.004486918618726216 0.001211009832471473 0.003543368713361876 0.01108984042995601 0.01905640392628653 0.01636878434815795 0.02561699977942977 0.02042959307743975 0.01117512700720565 0.01225750215483536 0.02768966473055948 0.02699325662540615 0.02957989122105792 0.02931864454177155 0.03032829784730821 0.0445680598443599 0.05198733209554726 0.05804830052228675 0.05654134236242152 0.06353475854534547 0.06924774290282297 0.07571644475560603 0.07334332705836105 0.0797825635222158 0.09299483355510531 0.1132731298543307 0.1086205215538058 0.1207614929461283 0.1352855144722081 0.1483208098482461 0.1397062286323791 0.1523280778572337 0.1586343047567721
0.002358769596200565 -0.003734966325418938 0.004622856763618826 -0.005295839659392102 0.01121546778998183 0.0003032096376326954 0.01904670091854405 0.008991099912221523 0.01247478300452343 0.006350952626383077 0.01180866052936871 0.01901627155813815 0.002762845425617708 0.008983746425565521 0.02310589613886311 0.01239325086340056 0.00899349185321241 0.02778915155604327 0.0286764235111873 0.02318323206461639 0.03777182045914527 0.02595396775094652 0.0342348775447336 0.03496906850413311 0.05267127275212633 0.04235234165092838 0.06131072426512816 0.05184616610120286 0.06657380053655825 0.06293977013992848 0.07255237575054979 0.09755037944473521 0.09131214004430717 0.1048619694421112 0.1244329220375644 0.1364208250842581 0.1430090421094105 0.1503949649925078 0.1558252673595056 0.1796671644532958 0.1811575277953847 0.191149867061386
-0.006496637459338255 0.003582995285000761 0.001933533529786768 -4.71888184571112e-005 0.003014917429812657 0.007894780143931884 -0.000268750502863558 0.001960508847809185 0.008324056977527326 0.0137195789793846 0.00967608246484971 0.01637169155102114 0.02016415912467758 0.01407256432960216 0.02202611693113214 0.01110428393123472 0.0206803790364291 0.0100180734612637 0.02243778416386415 0.01993733075818448 0.02192023079255513 0.03398372096380323 0.03982943133132797 0.03636919549840532 0.05211640585823532 0.0553106936128127 0.05013413456731575 0.06859693565143051 0.07143673300390929 0.08285246562523672 0.09245630798676241 0.102933068046309 0.1115056715293504 0.12978236361465 0.1401458447287031 0.1620086996498225 0.1643075731684258 0.1974769202313435 0.1955280348417879 0.2220928836819861 0.2132010440757281 0.2343254942643839
0.008211910123496591 0.006176205708462172 0.003279720119408247 0.009459610603979332 0.005433028909005197 0.01378413108638806 0.008227651877103736 0.01848312043147432 0.009281018742757746 0.005309096988054339 0.004896475774123756 0.01275176935131512 0.008918841620992563 0.01534944440564717 0.01113225952287549 0.01583388746376279 0.01591118019850751 0.03012296582664061 0.02255490893478267 0.02301091100248611 0.02575951887528632 0.03126253770197304 0.04279520039573759 0.05515742075585414 0.04091305981920208 0.06229049829369364 0.07181263137755822 0.07272316611756863 0.08348081125923225 0.0936972458438763 0.1056933766556378 0.1252075295993672 0.1371110433062765 0.14608319596919 0.1729292927728438 0.1826727809202579 0.2050003370212972 0.2239960780759428 0.2331169247934254 0.2431069292978355 0.2706150482088532 0.2771906132673227
-0.007775086287789668 4.714101211387035e-005 0.004054306038904585 0.003539283605884944 0.004958401447673771 0.01443284558614392 0.02027237914281457 0.01438458761731302 0.003722896927430441 0.01206538874110137 0.01248926332081937 0.005456063691201996 0.01691222355024849 0.01958165976059671 0.02673097913185233 0.02094328221320532 0.01835326240207133 0.02460635313026409 0.03483013653676285 0.03167872009686713 0.03996464215420047 0.03825589405273735 0.0393236954028324 0.05274744040362876 0.04893347680085772 0.06153824141686569 0.06676075963610223 0.08332661637996161 0.08510749579233951 0.09002596314837238 0.1236830132762071 0.1248159181417314 0.1409283328277177 0.1641786878436105 0.2032689608614705 0.2281207661876462 0.2350092321876907 0.2583392895760292 0.2914877917494433 0.3079546422121035 0.3201275522580293 0.3333337477358762
0.009485378987475535 0.01294247785364394 -0.002267728875721079 0.01034377832995359 0.006075386803567874 0.005592080885028702 0.009231200718722996 -0.0007609649725183382 0.01717468874735614 0.005696556162648751 0.01122477555742967 0.0144721476109493 0.02336663905467653 0.01995427795934939 0.01225579319735338 0.01615961689355241 0.02162789551397817 0.02645405754073028 0.02897551738223386 0.03829780030681407 0.03533752174336339 0.04250717059555836 0.04149854617853853 0.038714714296808 0.06097350267129782 0.06425100580991189 0.08179137907418521 0.09073593958436291 0.1051262378756921 0.1104919418623798 0.1378231264133732 0.150168877440102 0.1833105822963056 0.1988932858519254 0.2302533760267598 0.2624714972776991 0.2903748821043408 0.3276442205230207 0.3485633004296132 0.3734949081982382 0.3916601940282195 0.40818843160586
0.006740749072087021 0.006930090731180616 0.007690541790926521 0.00355468277740819 0.01598853675004804 0.005647435408701352 0.01287186000235334 0.01375401146292404 0.001362595138137426 0.009689627029780996 0.02165478275112574 0.02195151531712211 0.01676987773962814 0.01208204527212463 0.02192708520506595 0.02371579166003919 0.01792043899871706 0.03098602975290769 0.02099025075640353 0.02958320672554993 0.03714945129953112 0.04698716350761608 0.04202255330880561 0.04930308601780983 0.06790802022740522 0.07191682416093465 0.07069207998090754 0.08848112136829947 0.1042131968578211 0.1249182538111157 0.1404372306112844 0.1763845883380758 0.2063718690516953 0.2290153398513334 0.2661648342491667 0.3176430286017021 0.3580568158297839 0.3969204770688679 0.4303378119926087 0.4534562312213068 0.4915132484580945 0.5095042779739435
