MFC+VTK/函数库及接口制作/重磁三维基本处理/张双喜的程序/经验模态分解_2D/噪声_长方体.grd
DSAA
100 52
-1550 1550
-800 800
-0.0096326229755102 1.339039914647
[rows 19 to 37 of 52, columns 0 to 41 of 100]
-0.003250383705131504 0.003376264279336509 0.01030622243659165 -0.001125281295716929 0.0009952224443020366 0.007374615738687713 0.01526280237595435 0.008327498985218826 0.01059091542635966 0.01775824023950377 0.01585134859259085 0.002344851508035473 0.003785630590241007 0.02359168653050306 0.01032747838612839 0.0145019693466434 0.01732089839827267 0.02031718134104346 0.02200550776205477 0.0311223482056048 0.04777589998820379 0.04908992733348539 0.05895312399825575 0.0611781245798816 0.05817186170177167 0.07581331240122613 0.08272339789200892 0.105121219346861 0.1187943622747944 0.1344701709192669 0.1585712531683244 0.1885348155714484 0.2370828312056164 0.2652516885622391 0.318155089811054 0.387460788610923 0.4270609292655285 0.4793479749503159 0.5356864056079108 0.5663430731084822 0.5968651732486604 0.6092195790551526
0.002012170500643867 0.001989912358099033 0.01525749025822213 0.007792788246166967 0.005829237320610231 0.009121912004974003 0.009197791157844172 0.003779116242184463 0.01005130448872838 0.01421215430913873 0.01581795457185718 0.01836819683581966 0.01737686501885475 0.01236254150411316 0.02195311406640568 0.02498852353626291 0.01936111903575829 0.01658538295123384 0.03706200929705326 0.03299781673353304 0.03385516516626738 0.04254748378015982 0.05091126588295306 0.05134667096619018 0.06131373269538815 0.07583192962745483 0.08185066589497686 0.09539044102429065 0.1195746501166577 0.1436101894242425 0.1725691897910788 0.2143613883088376 0.2552828400594726 0.3224861833184422 0.3795735467808522 0.4431184458180803 0.5146401838454262 0.571097963723706 0.6411806261424414 0.6760198038035382 0.7262238000771271 0.7446004926373613
0.01175036823990532 -6.557424724728395e-006 -0.0006497145138009489 0.008722191725447432 0.01461026410251671 0.005714504287032292 0.01267640972190836 0.009473941989930429 0.01219590646538539 0.01570895127976488 0.01282917500359786 0.005557772207917845 0.01413610116361198 0.02161078601528579 0.01778987501208663 0.02164857586273115 0.02014686082630423 0.02235640501388737 0.03038659850466256 0.03192994834892217 0.04260646017301753 0.04576456508032045 0.05453354910283365 0.06978274553752356 0.06919782910961642 0.08171260085654537 0.09343830867015578 0.1028455279365289 0.137124347253443 0.1573838537205916 0.1918079804314659 0.2472382649647241 0.2897459731808699 0.3463844599325462 0.4278760306113158 0.5176065266360591 0.6005628331881221 0.6850102097522264 0.7386995449651822 0.8103013445367778 0.8522102553899109 0.8924802926092822
0.007272014908369914 0.01363548691242245 0.007133296702501426 0.001607934976185606 0.01255891604439221 0.01353766934453671 0.002477342911836496 -0.001974827047872094 0.01138399616567425 0.0004267217553102151 0.009425513597319364 0.006057596755916838 0.02016467315621228 0.02614481194092463 0.02680678401702592 0.02275914723659091 0.02570378870942861 0.01932361637348028 0.03642313245118778 0.03446836191865721 0.03684444312406565 0.04590344774440969 0.05385120310422648 0.06822948908679283 0.07142274029038141 0.08768848532550291 0.1051654439304089 0.1140742812241267 0.1500723422357477 0.1717967287851028 0.2014598898067262 0.2579988395584976 0.317284907148596 0.389307777204718 0.4869342017166583 0.5937757029566297 0.6870799928353695 0.7865504198465574 0.868638759117399 0.9154973187423278 0.9657047348984003 1.005675166266179
0.001620549767545013 0.002449518687825622 0.008734956132148353 0.003191927572875834 0.005684937646232811 0.003576328506593833 -0.00113141775200537 0.001465345238628721 0.002353555027760811 0.004829926802800102 0.01306176035945567 0.02031512771347979 0.01285972351882331 0.01725747207718682 0.0181168935963659 0.01425776462971116 0.029439045221768 0.02917331518809989 0.03622063805343757 0.03177997070899009 0.03921568149971343 0.04124666374160347 0.05260313556258864 0.06753750682487528 0.0698868624532248 0.09190721305190074 0.09813603490892538 0.1081420155599196 0.1502703862557898 0.1744432894920119 0.2202463844003237 0.2744563445599818 0.3472009157856882 0.4080146563509863 0.528319701970943 0.6387032285464668 0.7526592013002211 0.8493863232263377 0.9347236845250359 1.010615053677588 1.059110425704651 1.113396307175506
0.001525327168511954 0.005714757941029255 0.005147679439383287 0.007570799910194111 -5.05240568016152e-006 0.01161897706462431 0.006832169181270088 0.00699129782966096 0.006654056161517478 0.004445601113240934 0.01280154983947681 0.01199886443081929 0.02492537028874577 0.01479483765992448 0.02046477403407285 0.03021621394065829 0.02882622989895749 0.03283868665810044 0.03020291484482048 0.04013194563597693 0.04138510669623208 0.04812701013494139 0.06112884951796095 0.07025844386036274 0.07330845506069514 0.09174034673599839 0.1129247416568378 0.1251833913537939 0.1470391570543377 0.1863784265352158 0.2222610014931897 0.2792124315317237 0.3500699058432327 0.4488518433007754 0.5585611989258241 0.6664657702659436 0.7860147753859174 0.8991403467443379 0.9979202543003592 1.079740822551202 1.132108044961073 1.173126418926558
-0.004709359494740154 0.002435689358012578 -0.004547441062478706 -0.005303957729026088 0.007329658023888141 0.01200172325328631 0.01385821635512337 0.01873740375610528 0.01480437509874248 0.007613390508110545 0.01054308772950999 0.02129558564579987 0.02049505194209658 0.02315601869415252 0.01538181379558859 0.01714391716086165 0.03327921917429256 0.03264642455802728 0.03533734928282567 0.02706591460432259 0.03843499703895845 0.03950660685085202 0.05530436104890023 0.06247066725036634 0.07076782641215135 0.09415664280826119 0.1129346804472036 0.1202688263456525 0.1570354159917562 0.1899689686075646 0.2314752948289195 0.2869639334116538 0.3695807492436271 0.4541223605678 0.5502277548579306 0.6973174187567198 0.8236694103310871 0.9281663890327997 1.026096318302701 1.09993400644351 1.163522834959779 1.202681018344966
0.002686995287319027 0.005907164185770683 -0.003158883467975632 0.002773636837328647 0.004185390007034624 0.004504116826537917 0.01499239013608904 0.004140900965568586 0.01053328765711253 0.01656825092061918 0.007728683569934405 0.005295020573913063 0.01350555109472453 0.02646693506433842 0.01307623087676625 0.03391784657226178 0.03336032278872735 0.04131970258363245 0.04071211171257366 0.03613211768383778 0.04340469063068365 0.05092538216964143 0.05994186965855796 0.06127850854885275 0.07523283925570377 0.07955788064145025 0.09803196137886192 0.1336125975591987 0.1569510963490276 0.1961444232279075 0.2207638893831751 0.2924537937093636 0.3506392963838685 0.4561131128184753 0.5553705826897943 0.6791801582985753 0.8174010374923433 0.9292529722489478 1.038327108729216 1.113734098956337 1.176826058982191 1.204479565622826
0.00205589842906892 0.01134785506719132 0.005400521336010829 -0.002123284124287909 0.008986936479317573 0.01514287295475678 0.02037573882098212 0.00291286246235202 0.01214006340434086 0.01046386524313487 0.01083787569038702 0.01294039527059378 0.01782832663691117 0.02299830101479512 0.02719859708407603 0.03110588040885895 0.03523795450825203 0.03024988671350037 0.02840011843860929 0.03962952311380566 0.03372930892442466 0.04832821583168403 0.06090406187754999 0.05976161683414346 0.06676740041378639 0.09719240297292403 0.1053977852163042 0.132772777891398 0.1584560599955602 0.1802538183583393 0.2195420693244758 0.2716854746680659 0.3497021750080561 0.442225270799932 0.5552968846524272 0.6733662440578744 0.7932396180967345 0.9047406868681096 1.004240966053512 1.073872248899993 1.130604617343886 1.178149537199719
9.511383805299589e-005 0.01336475023213811 0.009018753681361586 0.008644712865818784 0.008960523707031622 0.00279846855696967 0.01152946065094571 0.0149557095487225 0.01063886441128925 0.005769618962023403 0.007920884351600046 0.012509630329412 0.01685060273795212 0.02108016564472843 0.0179045997513246 0.01668360180799412 0.03172495265576906 0.03123293655494671 0.03486698586855886 0.03166294165477841 0.04623450104390626 0.04162285226831482 0.05138944015644909 0.0556937723032549 0.08193257631696062 0.07869978078605737 0.1001376109675649 0.1266956720571246 0.1433903410968833 0.1674829639272393 0.2106887312928082 0.27746011392914 0.3306974891531266 0.4199917303768191 0.5145873156164 0.6410333829868039 0.7471443109578962 0.8601361244519407 0.943934223394493 1.01908691900828 1.06266751682291 1.106016183073846
0.01622198307437128 0.01122056854559954 0.004874354812483214 -0.003911171465885103 0.01528798892113188 0.01534608195701225 0.019088532370932 0.005321833410014788 0.01492958639876037 0.01423994856106179 0.01319577728281544 0.01546553275077423 0.007611063690785984 0.01241056431859686 0.0267041738091805 0.01080794717999498 0.02457096343075642 0.03498774055596599 0.01983366788196015 0.03192880936313892 0.0505276117265846 0.04001209519037977 0.05626110272308547 0.06446885300075288 0.06545365091746665 0.08139974671454645 0.09149601639593001 0.1191764387046847 0.1389680189843538 0.171775079619965 0.2183525307109412 0.2519416920677214 0.3088194203022446 0.3897095171141145 0.4773508476342143 0.5901515384271706 0.6802426796496128 0.7823095193372398 0.8676567283507035 0.9222271410181134 0.965584824863157 1.009566490075084
0.006401193360136268 -0.006172949752757388 -0.002847696928147979 0.009072443557274355 -0.002089845128938706 -0.002364434358448415 0.007991483084549646 0.00782816927877629 0.01332971130284408 0.01340624350575517 0.01517135962988311 0.008345629351746348 0.003576794974832487 0.01551618666744387 0.01855976882559065 0.0149066069744243 0.0225877822347932 0.02956886529908866 0.023320496670706 0.0312926206432539 0.03718000854162933 0.04678424931010607 0.05122472101622597 0.05069166832636161 0.07281205646904529 0.09066347135235149 0.0895502697100854 0.1132265539619264 0.1272288346707424 0.1651497219473727 0.1955951500424712 0.2393398964009191 0.2898675580757121 0.3603432112869275 0.4308519252988829 0.5104696771046648 0.6042578012025981 0.6766853614475835 0.7496417987996022 0.8030308031760485 0.8392738444734595 0.8833690070007083
-0.0007962516755265769 -0.0008277286873097992 0.005891298630516531 -0.00255310280452474 0.0152484272511265 0.006544089975409673 -0.0001805929694529765 0.001616862893522964 0.007528191023390071 0.02298428989469714 0.01525365939873295 0.0218139594383102 0.02173059478607139 0.02300602162456972 0.01533220003730616 0.0245798246382694 0.01781061267454126 0.03724088548109775 0.02519912709335651 0.03181180949741955 0.03541293182161356 0.04294835611123399 0.05321997143733664 0.06059821420002487 0.06277906743388491 0.06618121870983243 0.08767419874049502 0.1093463104580767 0.1203788204045673 0.1468293166933689 0.1850085121707973 0.2147469155749143 0.2548453900997061 0.3104466930784123 0.3697614311046095 0.4320892868546867 0.5125429196210677 0.5847315644346512 0.6301453946457659 0.6689364440721426 0.7166527955963415 0.7389307645161051
-0.007049727240344264 0.00610323842078965 0.00317243971486662 0.007956402463522333 0.006901674448049948 0.003084551169139062 -0.001881036667302303 0.01379567858751013 0.005336746096686017 0.005238451930105233 0.01322629102543407 0.01575551480661983 0.01654576757478857 0.006635331923619467 0.02114909039446229 0.01647763268156164 0.01150597176752847 0.02025751394885991 0.02370082329742473 0.02755350327223875 0.03705597444970042 0.05160801703429568 0.04440957077188237 0.06529990149075821 0.06862090282778485 0.06911245024671361 0.0967425233630738 0.1046617495537394 0.1149894547612656 0.1351417288617734 0.1541649936807287 0.1989022148479046 0.2223912208706174 0.2699393968139278 0.3205888919453124 0.3834104807847711 0.4267435044374315 0.4761893449397069 0.5317062797318073 0.5616409350507654 0.5998961627809013 0.6260168958901532
0.01281615917343414 0.001349369820356777 0.003730735808039967 -0.002716871924329721 0.01345067852468771 0.006678745061663022 0.0053418439726325 0.006523025057661551 0.01509277849480781 0.004557020119238319 0.01258744496834504 0.01491875099973746 0.008471444991445904 0.01555828856531665 0.0228419720415286 0.02623016144818779 0.02342515154314608 0.02505782284318164 0.02981929695803195 0.0360188437524591 0.04032248591701597 0.03560463702607015 0.04699373585772631 0.04589085048345548 0.05681147723270734 0.06888040199821729 0.07918842448378682 0.09117699109062831 0.101933779177423 0.1236921324575994 0.1448089562740976 0.1622871654462137 0.2063336702039641 0.2312436024723521 0.2855550050509638 0.3233918544601225 0.3608362537333072 0.3989805673627462 0.4201536181173913 0.4611455243045708 0.4824401423721886 0.5120597910386687
-0.001295670247794596 0.004374743670426196 0.008998217794389828 0.006773097914506643 0.01035845451107181 0.01610569458435394 0.01275374630341659 0.01191478927100771 0.01437753093305772 0.01919382710243408 0.0129880293938768 0.007381153318117228 0.007100845188046278 0.01892840087804882 0.01133634722062582 0.007188715212503659 0.02382058117854461 0.02389677509728911 0.02029504009237589 0.0311990372503774 0.03591289383710991 0.04947082869754547 0.0466165525225491 0.03808949460550808 0.05034300530677473 0.0671116334361728 0.07586093034976627 0.08151769430639418 0.1003825144057955 0.1146879779133226 0.1351534331054101 0.1540927241972082 0.1821967096514572 0.2059019399998518 0.2318522021878674 0.265532625186899 0.2984220826161587 0.3242173447923866 0.3545822718203993 0.3802678877742824 0.3965258362880982 0.4182443989301789
0.01150732497169829 0.0002410463863627629 0.01603851217719509 0.01703241725680593 0.004914044298710736 0.01142782910418148 0.001362819787331138 0.01056120276025733 0.01750248601004794 0.01823010183077101 0.01819648523763642 0.02022027835420006 0.01223719725859138 0.02254914686597148 0.01453392864635017 0.02750235402643772 0.022520444554482 0.0251552514251925 0.01845791879985551 0.03428783163683188 0.02715668202935272 0.04123804152517666 0.0411193861622131 0.05410550703009346 0.06105207032481604 0.06374433471375904 0.05574332294430082 0.07032728117426669 0.08206101142012627 0.09046589473175309 0.12214477431122 0.1371260070237513 0.1457135396693116 0.1673266881013646 0.2023762811346049 0.2135524681780565 0.2375056690443313 0.2601033353425489 0.2959446987326103 0.2964385053080934 0.3293269445522861 0.3332315365248441
-0.004723179760174438 0.005650463969216316 -0.0005423384357531313 0.01389463794703125 0.01909164379596674 0.009799954373760435 0.01663894880549007 0.02114689028504115 0.009502324006951873 0.002030965825683823 0.007743979726018299 0.02016217571465205 0.003825054957622236 0.01189421924847108 0.01189007578922421 0.01168870085806416 0.02042420944209577 0.0194250475688071 0.02152865930874092 0.03529116985412605 0.02897848095899294 0.02852496458391474 0.03073306285951049 0.04419440142554353 0.06039865968284523 0.06740551802253875 0.06772738436375056 0.07217808822097618 0.08029051253801325 0.09238894987088527 0.09764180216282543 0.1197491818704569 0.1242676341583262 0.1403675949355823 0.1753924755148561 0.194806591294606 0.1988044631665332 0.2178081490185344 0.2318195584197447 0.2573676936614111 0.2764986824214382 0.2749611419968028
-0.00462115764742925 0.00545491008838095 0.006224120718589778 0.008004130710041253 0.005506356724315292 0.00220605115942199 0.008897528694536701 0.005771542572566089 0.0152354789620708 0.008264082451025424 0.009497918075165923 0.01301419345046612 0.01167217623313764 0.01739068435516372 0.01302683189510896 0.0146329394204712 0.01882143603556869 0.01599051237468193 0.02386541329014513 0.01374697064546068 0.03232279981631499 0.02525617774714797 0.03211332976450075 0.04894146820401064 0.04684175520268346 0.0452269866835505 0.06037316634015823 0.05724735085261978 0.06923520876993 0.09050773881677264 0.09647740169146429 0.09932198608665699 0.1133277045934253 0.1315449465944983 0.1334785728347557 0.1565155458690402 0.1652138631247034 0.1880556715952449 0.2105822462469246 0.2098947662599014 0.2214360333490106 0.2349087374214351
