MFC+VTK/函数库及接口制作/重磁三维基本处理/张双喜的程序/经验模态分解_2D/噪声_长方体.grd
DSAA
100 52
-1550 1550
-800 800
-0.0096326229755102 1.339039914647
[rows 0 to 18 of 52, columns 42 to 83 of 100]
0.03192668613740247 0.02901294352317799 0.02812292056375316 0.03668695995159729 0.0282306366413913 0.03836477623798838 0.03385542319964236 0.03279899736316948 0.04687965496689233 0.0435954125459098 0.04367772232182039 0.02383096933707565 0.03792902015543226 0.03172286203908224 0.02361758931351753 0.03092344628565868 0.03442265866519779 0.03537268397742166 0.02943270071794051 0.03813775922581946 0.03649081051317537 0.02227979363051518 0.02485284745015874 0.01843443331022289 0.03713028466972558 0.03129038349229493 0.02849709170111506 0.02202680847860527 0.01366954718323675 0.02904589736217191 0.02767177629258956 0.02786119999658587 0.01194217234246669 0.005831516045659554 0.02166134404459672 0.006211276617560794 0.01981004823921872 0.005490303513515125 0.002305893631168454 0.01420550236253817 0.01419500926204978 0.006035860200742267
0.03580516083507826 0.02954235590305192 0.03208049367301524 0.04366378455398578 0.03597390092971763 0.04092294945861387 0.03836838916510351 0.04585197247068833 0.03586761885595745 0.0380526240465873 0.03642941388167817 0.03201780225372522 0.04418422637576382 0.04328729251090459 0.03408353770233018 0.0405262474832631 0.03417293561457418 0.03518129490375314 0.02297209681728903 0.02915094193753367 0.03463230183209675 0.03402422267153658 0.02346028675629742 0.0353548983557128 0.03385469213953455 0.02255573590599398 0.01674311512321046 0.0235769391666088 0.01745843967866007 0.0227146520960929 0.02598168847556269 0.01183136023968619 0.02344934583349962 0.02104318479855832 0.01826764239398193 0.0111848002816077 0.0154297932385314 0.01238820033135036 0.01379806435780044 0.01855072823099927 0.003673640589668421 0.01786243705928841
0.04237869799248831 0.04337368502466743 0.04845656319793998 0.03740223505637753 0.035440575815443 0.04677423635858499 0.03984286965605866 0.04575853574626247 0.04146695121629491 0.03850785939570325 0.05525538156774291 0.04844644622207057 0.03970091851661808 0.0561930411338507 0.04181932175920061 0.0423435970693885 0.04997486063845897 0.03798318651930109 0.03222888313179628 0.03271191390888245 0.02444493216155171 0.02990812740203411 0.03619114457917384 0.0229018794712199 0.02888646727202363 0.03253870805650215 0.02244423462707431 0.03154017529389335 0.02792703148894869 0.02971842704707829 0.02855397269344146 0.02351587716457346 0.01147450302955506 0.01923438074121051 0.02098057512542485 0.01396702748266395 0.01607459676580934 0.02343108470701495 0.01418319287830629 0.007584193202060954 0.009836031417945503 0.008387885897111917
0.05271850749103246 0.05608380163025697 0.0402456420337203 0.04822956252942787 0.06268069732313616 0.05100531386083308 0.04700797354924142 0.04219645312658615 0.04995502395840575 0.05190406559837854 0.0543027050199784 0.05491202185800384 0.05852804435577751 0.04406309660648679 0.04270916978108753 0.03696513870245433 0.03995835150098377 0.04158458580918349 0.05058496899634883 0.03993018385092335 0.03371133836544885 0.04321130816526361 0.02951902199894869 0.03188245822211152 0.03157965983520358 0.04293265836850713 0.02882749417980628 0.0321488937868651 0.03299208846282175 0.02904881704507317 0.01646625004223015 0.03312976670711048 0.0264076513321646 0.02635566440111586 0.01596224218361995 0.01828603459293837 0.01055632434635286 0.02165161166752484 0.009623080065276147 0.01557091598271671 0.004793095249815395 0.01086837653366252
0.05879666264880089 0.06023761927122781 0.06359046831473926 0.06020074302906713 0.05373422976926359 0.06568515238971585 0.06332893426100986 0.06396138796443324 0.0576846318940037 0.05660956341494907 0.06436807639453544 0.05320201926107179 0.0564293373372534 0.05993230081150949 0.04909079716161131 0.04824185217646416 0.04641308573859979 0.05683256847998454 0.05793548984665346 0.04784165332167372 0.04510444235844568 0.03396856264944591 0.05184682116779827 0.03772853465734111 0.04061169171948144 0.04562256424942577 0.03226675622007073 0.02614749766052912 0.02417313394808748 0.01959778297756629 0.03004527592317565 0.01618761622302945 0.009594920318764914 0.03093558301361437 0.0168197701207597 0.02007117805955253 0.02470622347942018 0.009263970007648135 0.00850855061012497 0.02126214020269938 0.001169217406298008 0.008267481197505144
0.05384685213012316 0.05655284127673511 0.07016430372168775 0.06232422329325146 0.06648739909073292 0.06572349432185647 0.07044149531037017 0.08076480014487858 0.06413196517297352 0.07874594135424895 0.07478003232597796 0.06815580341853958 0.06589483630989249 0.06408348277870307 0.05674692779715788 0.05741164258980579 0.05344459738635231 0.06148045753735078 0.05088267271032904 0.05098814804232481 0.05060261945821163 0.05228968960225473 0.04651209152268157 0.04758607482036971 0.03749381632616287 0.03009423813227573 0.03164057401675076 0.03494307867449594 0.02276325393290669 0.02893548629185567 0.02949994821609592 0.01748627988592778 0.01843043861550996 0.01888231423414413 0.01597588582796368 0.0175034049907086 0.01270700985528177 0.02035231556076374 0.01920007253277057 0.01216434200675949 0.01284805902479512 0.00966393598827048
0.06356114346675798 0.072778423104083 0.06696199826501403 0.08415804116046707 0.07482104709109466 0.07207373994321181 0.07217524577165702 0.07427286937277222 0.07213459186463932 0.07670498574680687 0.0858433944564269 0.07850751963346134 0.06935560785983966 0.06380035434306931 0.07654632887333424 0.069537589346678 0.0573604308530889 0.0630866662983936 0.06588139336274262 0.05033048836891464 0.0522014595608039 0.05685920003726636 0.05796012439845796 0.05543972945580469 0.05953447805084255 0.04103505234332969 0.04561916276488846 0.04237600541362914 0.03907313313242444 0.03144744606714175 0.02240690434124953 0.02764794487187552 0.03171569166798123 0.02889375415780258 0.02422452540053749 0.01794360953601079 0.02690678458563701 0.02432704325096449 0.01152630762411172 0.01924457541870067 0.008208397629179871 0.01203449592498901
0.08209623344152074 0.08153476405337358 0.07916801251768542 0.08142190992592943 0.07910716025717114 0.09683557347212958 0.08254514759308583 0.09270688262029289 0.0826297978810322 0.09123068360702026 0.09218134715618431 0.095098149069856 0.08171741627384652 0.09492050694435655 0.08008231993773141 0.08319658174638893 0.07188641263982201 0.07085620339543552 0.06408879053624031 0.06523575987860218 0.06846472778628863 0.05795161897642683 0.04768783685158403 0.05073985226487505 0.04392379540967909 0.04008329223041284 0.05158130911125576 0.047221229069299 0.03070336412957439 0.03880798169446736 0.04406947893332491 0.03959745317873786 0.03678669513009941 0.03496693052493525 0.01905147413742913 0.02341432452679239 0.02793200333575784 0.02412607618774133 0.01723674455365968 0.009638719157534531 0.01568355329141815 0.01918995965699206
0.0867338436619946 0.08763787649933869 0.08699326312990793 0.09263198666674222 0.1035581974601632 0.1012993437804547 0.1004326811057365 0.1057146169625974 0.09546553750011269 0.09861472784141293 0.09478641096435807 0.1012495552957003 0.1031005210672049 0.09025219212808344 0.0917162286365836 0.08569736232876926 0.08452770232029912 0.08128900197848311 0.08122937484050932 0.08213117219702321 0.0743585194262858 0.07262717637313494 0.06101600904282169 0.05912047013153415 0.06086103308689803 0.05214068893007758 0.04683878929028736 0.04798658443236231 0.04696496698492203 0.03665014823317922 0.03982412623424163 0.03846463364427808 0.02850315724416826 0.02982926386628083 0.03320809320463657 0.0248763459738415 0.01710811131676648 0.01368273811385802 0.01988532264809635 0.01904499866086754 0.01530946937010356 0.01271670436364976
0.10128190684624 0.1167661911863503 0.1141498511872868 0.1122172972956755 0.12089053817665 0.1247973987008589 0.1150126457288742 0.1209303151207084 0.1073025556831298 0.1232706037948225 0.117722296307358 0.1137811362331433 0.1127741126246938 0.111793109704829 0.111076646971476 0.1046012676043286 0.1055854848878017 0.1032808097438953 0.09034157699254659 0.0998283754233682 0.09597150056071532 0.09234420043254366 0.06933988622293556 0.06188925278994605 0.06214489374152039 0.06588446706040184 0.05929252038988396 0.06386045869025857 0.04353064716813682 0.04288700787888002 0.03746527045540853 0.04330574395569434 0.03685290165354969 0.02108803682995891 0.0322834090960049 0.03397052108650501 0.02830886601508835 0.01949302619578839 0.02867321265100935 0.01754133793467026 0.008240760956348327 0.0160678022010189
0.1163801395378068 0.1206048523349927 0.1204242736970228 0.1395667105316918 0.1401700071833374 0.1360550074108818 0.1427630468541508 0.131779375814998 0.132542794267078 0.1368987860886924 0.1460445682013779 0.1241680068287216 0.1338221840744287 0.1263079350840415 0.1245164021717601 0.12251275566104 0.1287197110269118 0.1187528087027088 0.1197607400587424 0.1022608154679933 0.09142348928240479 0.08900598635646423 0.08066370326989827 0.08770846956868322 0.06783963185552389 0.07327107611301906 0.06298635524877792 0.06365401246819498 0.06035218686024443 0.04742645627988458 0.04018650771788605 0.03971441869800151 0.03298617332351562 0.03728303189286013 0.03010833942834483 0.03710062912497987 0.02138405097192713 0.03068766285556253 0.01184142411402733 0.02418623961431081 0.007683199061596386 0.01415286004460788
0.1397228125697137 0.1508798615227091 0.1555025518283049 0.1584066291821621 0.1516152968378038 0.1673789832913222 0.1572276681967322 0.1628467638205678 0.1556268329648825 0.1610939038994102 0.1722954681744935 0.1575625825630187 0.1514315809584887 0.1534121385322652 0.1497946272190059 0.1424814407905204 0.1522710419768266 0.1338510640583246 0.1242445866294599 0.1207864220712785 0.1089417724735103 0.1094352174746284 0.09302026717958822 0.09232504193012275 0.08168279390422489 0.07969103503445704 0.06895271381800966 0.06641219939552838 0.05605046498832091 0.05991961736460983 0.04881462152470041 0.04375166801720219 0.03186678835729542 0.03643984026700969 0.03979826976308445 0.02783868940287839 0.03320332008302109 0.0265218096504834 0.01780335539856586 0.01989530443316598 0.02042085075469275 0.01212187165854504
0.1666166322894633 0.1653390054573082 0.1770384681040089 0.1857105553639045 0.1784894817228254 0.1949493841797626 0.1905351115908094 0.1888187269771241 0.189379629107942 0.1908002834354952 0.1825965436550013 0.1803471286697816 0.1775312971319144 0.1823194768886793 0.1734081310895819 0.175276481856629 0.1534446392327198 0.1619753498522776 0.151067789730294 0.1384859405856378 0.1364357959030346 0.1212543679962986 0.1134118922980514 0.1078258710258162 0.09737977577159991 0.08551698611035888 0.07631847470435188 0.064734624119654 0.06028985622244701 0.05634744560861034 0.04977560981753422 0.04987935043951237 0.03374481651916127 0.04778097969490285 0.04122325404849297 0.04022923083169913 0.0285468112932728 0.01692801366261329 0.02313018220926083 0.01976774727592698 0.01984087533906257 0.01637156791374511
0.1989165941587072 0.2110245557177749 0.2212111146493073 0.2104513671868931 0.2225819464759413 0.2252125205377215 0.2275236725668244 0.2179648647583712 0.2177808717289687 0.2243698141052863 0.2203815136069672 0.2235059541556425 0.2128945899730826 0.2131742271454556 0.211359058303164 0.1962248672533068 0.201135453207121 0.1795351792262279 0.1733576282326844 0.160854140655154 0.158728778485518 0.1459828110392191 0.1422265976769288 0.1322411093041682 0.1030364276948003 0.09537033007374199 0.09057533036657167 0.07640678789219602 0.06997952665048872 0.06863874818364418 0.05533864124802627 0.04244850283519382 0.04335530484960923 0.04693496506459989 0.05008198404554359 0.04612367844538942 0.02665886733984748 0.03083827600217479 0.0261062344600888 0.02976816226782217 0.01719719845508688 0.0182627289120786
0.2414690910398537 0.2486087316014538 0.248741687006423 0.259204801609967 0.2532679623267318 0.2578576337391913 0.2663606883571412 0.2707416069711436 0.2700801254240814 0.2703206115803783 0.2667361244778472 0.2631513155237116 0.2513134952590782 0.2471528184064215 0.254595839720656 0.2317613238696759 0.2353901281236788 0.2243020858876239 0.2084726371603675 0.2032239246545844 0.182582882445349 0.173172001937319 0.1516399955092408 0.1482736550541589 0.1237051729624663 0.1124119912931986 0.113573401307813 0.09234697003830315 0.07923938813735532 0.07554550293672195 0.06444413167848842 0.05446298851823558 0.04077533415499483 0.04547166117296399 0.04528563112895987 0.0333526944033635 0.04156385361201359 0.02580619779064586 0.03028195120022702 0.01399403637067529 0.0211901584546359 0.02078900866494813
0.2891391725639719 0.2986724393274945 0.2954148796281896 0.3118237864993502 0.308821036949024 0.3236939233256811 0.3201762903836096 0.3239271990504262 0.3226146295235637 0.3176150328127448 0.3162255589005527 0.3188537275327519 0.3024963587853807 0.3137924982654725 0.3019061151235936 0.2956622238858866 0.2774888574962061 0.2717953239176982 0.2504378467367009 0.2338795408714147 0.2286596923337319 0.2032023905635039 0.1900809985304847 0.1660456053103282 0.143043396197373 0.1353583408008803 0.1283080481730697 0.1073027316755562 0.08802484018016725 0.08701322568490855 0.05960939799267856 0.07054041336307626 0.04834090098890367 0.0432553791654445 0.03706160858105281 0.03764712137773528 0.04494998338981757 0.03682988954596564 0.03432764137947648 0.01949067921058226 0.01798223573497135 0.03155754481326348
0.3470882846995761 0.3538797703684929 0.368269205015719 0.3746676040310086 0.3731746192411629 0.3848092924677947 0.3916074738771303 0.3895127089981281 0.4007448925695352 0.3762326211399829 0.388177189683994 0.3725221224115503 0.3735788439385345 0.3805601014839871 0.3549946391118131 0.3483489540010565 0.3507831555908331 0.330876718482585 0.3164138695688921 0.286600608090188 0.2586698486725311 0.2555828604924952 0.2184436825443998 0.2011715426370363 0.1692800524012264 0.1462573439673838 0.1358594155771078 0.1231814812576711 0.09987291852753702 0.08627599577396006 0.08294047570380272 0.07439683228764216 0.05666603024679916 0.04219184135723794 0.05776942781359638 0.04024564646485704 0.03502353355221865 0.03507661842192304 0.0253837517291885 0.02472418766680762 0.02337764015299601 0.02058038608249981
0.4214948862516967 0.4439726848161644 0.4538663013161502 0.4566491737638652 0.4681701721993993 0.4690192659685465 0.4685295130892796 0.4764165829923637 0.4652214528870492 0.4692397647368788 0.462467588257417 0.465626758539035 0.4609207436619528 0.459999205893919 0.4511408201389955 0.4193766612949511 0.4230140523850415 0.3879454419542194 0.3673469609365366 0.3506355077096292 0.3261256059303422 0.2931411048878678 0.2576009124291409 0.2415390084426804 0.2025687095276544 0.1778404315530776 0.1448925633839794 0.1276274622932461 0.1163204297352682 0.1044101533355365 0.08856876996898407 0.08356323841346541 0.0622142268125823 0.06061796837201451 0.04075437594872462 0.04227741814604773 0.03987049031798849 0.03533760027386705 0.03146164048429897 0.02819055990586155 0.03368106600682859 0.02214380981129815
0.5206081508876507 0.5368124957739369 0.5547496338729993 0.5518347738169113 0.5642854988103379 0.5682170737750977 0.5717198485723353 0.5822595909336955 0.5804155260515012 0.5721249995762372 0.5638572259393593 0.5580450698522829 0.5645232865534308 0.5516485863794621 0.5407889697332851 0.5298334671759045 0.5045312827189399 0.4802531896628563 0.459035268896666 0.4264428723658513 0.4002540669976779 0.3538927094269972 0.3158917640969479 0.2702900875169859 0.2317989556339275 0.2093734097706417 0.1657176677988263 0.1490265372704168 0.1287108935970063 0.1070850286170731 0.09025334840567167 0.07970004667520889 0.06896341748812532 0.06641130718308298 0.04924693058433858 0.0440860825275291 0.04867513268739243 0.02493145541861577 0.03154233305625252 0.02964055097842448 0.01725794629886578 0.02296862361117999
