MFC+VTK/函数库及接口制作/重磁三维基本处理/张双喜的程序/经验模态分解_2D/噪声_长方体_ε=1e-07_BIMF_A2.grd
DSAA
100 52
-1550.000000 1550.000000
-800.000000 800.000000
-0.01012 1.33711
[rows 0 to 27 of 52, columns 0 to 62 of 100]
0.003271 0.002007 0.000757 -0.000641 -0.002119 -0.002912 -0.001376 0.001140 0.004168 0.006924 0.009617 0.009927 0.007546 0.005299 0.005076 0.006886 0.010408 0.014246 0.016670 0.014944 0.011700 0.009141 0.008902 0.008577 0.007931 0.008361 0.010868 0.014081 0.017465 0.021073 0.023495 0.025686 0.029461 0.032758 0.033604 0.032462 0.029697 0.030140 0.039365 0.039021 0.035770 0.034718 0.035451 0.036921 0.038743 0.040393 0.040981 0.035988 0.035507 0.038542 0.043726 0.043002 0.038858 0.032660 0.029224 0.028701 0.031133 0.035392 0.036802 0.033879 0.033766 0.036119 0.037434
0.001072 0.001645 0.001967 0.001810 0.001214 0.000364 0.000631 0.002341 0.004395 0.006248 0.007596 0.007782 0.006707 0.005387 0.006113 0.007553 0.009336 0.010988 0.011992 0.012125 0.011844 0.011992 0.012905 0.012662 0.013071 0.014630 0.016911 0.018630 0.020271 0.022487 0.024831 0.027664 0.031928 0.036194 0.036388 0.035510 0.034236 0.034459 0.036476 0.037083 0.036881 0.037463 0.039118 0.040872 0.041238 0.039836 0.039401 0.039274 0.040590 0.043417 0.046388 0.047122 0.044608 0.040273 0.036673 0.035350 0.036902 0.040395 0.043215 0.038888 0.035304 0.034788 0.035327
-0.000699 0.001547 0.002945 0.003563 0.003671 0.002144 0.001569 0.003187 0.004441 0.005472 0.006251 0.006676 0.006801 0.006930 0.007596 0.008210 0.008603 0.008733 0.008912 0.010346 0.012049 0.013590 0.014742 0.015444 0.016718 0.019048 0.021928 0.022431 0.023058 0.024382 0.026418 0.028395 0.032072 0.037790 0.038596 0.038423 0.038031 0.037480 0.036882 0.037311 0.038208 0.039702 0.042542 0.045510 0.046417 0.043886 0.041664 0.043651 0.045961 0.047833 0.050360 0.052668 0.050601 0.047391 0.044066 0.041659 0.042291 0.043581 0.043817 0.040852 0.037118 0.035107 0.034983
-0.001366 0.002081 0.003695 0.003904 0.003182 0.001978 0.001795 0.002766 0.003878 0.004850 0.005703 0.006528 0.007484 0.008569 0.009011 0.008951 0.008583 0.008197 0.008340 0.010264 0.012884 0.014942 0.016108 0.016924 0.018312 0.020616 0.023128 0.024570 0.025477 0.026426 0.027929 0.029004 0.030214 0.035907 0.039314 0.041192 0.041936 0.041401 0.040073 0.040537 0.041270 0.042190 0.045996 0.050421 0.053851 0.051359 0.048798 0.052724 0.053344 0.052351 0.053955 0.055872 0.055951 0.054528 0.052295 0.050090 0.048597 0.046990 0.045225 0.042294 0.039141 0.037678 0.037852
0.000597 0.003399 0.004022 0.003504 0.002141 0.000762 0.001165 0.002157 0.003415 0.004706 0.005915 0.007014 0.008183 0.010062 0.010134 0.009740 0.009301 0.009204 0.009972 0.011989 0.014709 0.016889 0.017613 0.017644 0.018282 0.020760 0.023693 0.026066 0.027729 0.029077 0.030522 0.032035 0.033967 0.037551 0.040796 0.044505 0.046757 0.047454 0.047182 0.046898 0.046971 0.047990 0.050720 0.054373 0.057984 0.060397 0.063402 0.066976 0.062606 0.058698 0.058774 0.060524 0.061982 0.062194 0.061160 0.059182 0.056446 0.053103 0.049477 0.045675 0.042329 0.042106 0.042919
0.002195 0.003385 0.003690 0.003065 0.001890 0.000760 0.000677 0.001704 0.003462 0.005291 0.006787 0.007965 0.009092 0.010261 0.010687 0.010616 0.010524 0.010870 0.012037 0.014173 0.016950 0.019407 0.019485 0.018724 0.018107 0.021474 0.025000 0.027887 0.030090 0.031896 0.033814 0.036245 0.038525 0.042204 0.045655 0.049589 0.052674 0.054765 0.055842 0.055092 0.054634 0.055441 0.057304 0.059451 0.062465 0.068434 0.074984 0.075406 0.071091 0.065859 0.066276 0.067932 0.069656 0.070753 0.070615 0.068979 0.065681 0.061329 0.056661 0.052483 0.049602 0.048881 0.049517
0.002807 0.002926 0.003198 0.003250 0.002798 0.000981 0.000322 0.001662 0.004305 0.006770 0.008010 0.008758 0.009622 0.010584 0.011307 0.011658 0.011885 0.012454 0.013693 0.015922 0.018712 0.020786 0.021420 0.021349 0.021885 0.024380 0.027563 0.030459 0.032813 0.034879 0.037040 0.039516 0.042305 0.046548 0.051146 0.055849 0.059178 0.062093 0.064282 0.063591 0.063409 0.064437 0.066509 0.067930 0.067997 0.074722 0.080675 0.082528 0.081028 0.078649 0.077583 0.077867 0.078985 0.080272 0.080723 0.079571 0.075968 0.071298 0.066341 0.062174 0.059127 0.057445 0.056959
0.001960 0.002065 0.002625 0.003942 0.004830 0.001372 0.000533 0.002566 0.005977 0.008892 0.009020 0.008941 0.010062 0.011414 0.012404 0.012904 0.013089 0.013448 0.014578 0.016969 0.020204 0.022291 0.023674 0.024582 0.025773 0.028074 0.031139 0.033701 0.035934 0.038134 0.040502 0.043291 0.046900 0.051478 0.056564 0.061499 0.065642 0.068987 0.071181 0.072012 0.073628 0.075436 0.077747 0.080578 0.079745 0.082846 0.087271 0.090426 0.091900 0.092343 0.090571 0.089632 0.089893 0.090849 0.091450 0.090247 0.087015 0.082568 0.078080 0.074151 0.070735 0.067687 0.064948
0.001007 0.001376 0.001960 0.003769 0.004567 0.003564 0.003276 0.004716 0.007441 0.009621 0.009383 0.008688 0.011020 0.012935 0.014002 0.014181 0.013975 0.014084 0.015079 0.017893 0.021078 0.023735 0.025925 0.027449 0.028547 0.030855 0.034768 0.037022 0.039355 0.041931 0.044724 0.047871 0.052091 0.057035 0.062430 0.067798 0.072707 0.076840 0.080051 0.082657 0.086497 0.088865 0.089434 0.089453 0.090842 0.093782 0.097492 0.100923 0.103370 0.104375 0.103675 0.102676 0.102263 0.102486 0.102840 0.102404 0.098704 0.094405 0.090751 0.087900 0.084671 0.079960 0.073972
0.000526 0.001580 0.002685 0.004080 0.005005 0.005610 0.006122 0.006741 0.008075 0.009986 0.009837 0.010548 0.012730 0.014865 0.015817 0.015004 0.014271 0.014699 0.016484 0.019356 0.022426 0.025140 0.027322 0.028911 0.030159 0.031939 0.036051 0.039714 0.043077 0.046487 0.050080 0.053809 0.058262 0.063457 0.069257 0.075362 0.081367 0.086901 0.092042 0.097313 0.102309 0.105451 0.104189 0.101136 0.104630 0.108494 0.111875 0.114776 0.116940 0.118020 0.118008 0.117321 0.116524 0.115832 0.115000 0.113465 0.110560 0.106650 0.103874 0.103007 0.101095 0.094544 0.085338
0.000992 0.002288 0.003513 0.004674 0.005831 0.007071 0.008096 0.007692 0.007300 0.007187 0.009594 0.012154 0.014624 0.016530 0.017027 0.014692 0.013838 0.015266 0.018137 0.021461 0.024383 0.026788 0.028677 0.030199 0.031799 0.034206 0.038072 0.042638 0.047286 0.051858 0.056366 0.060890 0.065728 0.071188 0.077505 0.084699 0.092444 0.099953 0.106787 0.113104 0.118985 0.124342 0.123957 0.123954 0.125410 0.128208 0.130620 0.132489 0.133921 0.134880 0.135209 0.134722 0.133660 0.131951 0.129588 0.126761 0.123527 0.120230 0.118308 0.118977 0.118862 0.110419 0.100230
0.001846 0.002923 0.004155 0.005406 0.006658 0.007537 0.007807 0.007374 0.007027 0.007656 0.010169 0.013275 0.015751 0.016704 0.015766 0.013335 0.013414 0.016224 0.020000 0.023976 0.026712 0.028843 0.030495 0.031928 0.033729 0.036665 0.040990 0.046460 0.052380 0.058281 0.063976 0.069474 0.074956 0.080835 0.087738 0.096284 0.106308 0.116338 0.124846 0.131111 0.135424 0.139514 0.144964 0.151035 0.152160 0.153297 0.154184 0.154662 0.155279 0.156136 0.156768 0.156386 0.155116 0.152219 0.148375 0.144588 0.140879 0.137441 0.134926 0.135007 0.132976 0.125983 0.116986
0.002063 0.002832 0.004267 0.006103 0.007478 0.007513 0.006913 0.006766 0.007197 0.008543 0.010957 0.013905 0.016236 0.016417 0.015423 0.014533 0.015381 0.018164 0.021904 0.025927 0.029057 0.031322 0.032979 0.034428 0.036290 0.039728 0.044821 0.051388 0.058587 0.065927 0.073082 0.079904 0.086487 0.093222 0.100866 0.111055 0.122979 0.135796 0.146857 0.152580 0.155650 0.158725 0.168481 0.176703 0.180821 0.182564 0.182756 0.182041 0.182102 0.182994 0.183747 0.184133 0.182273 0.177817 0.173259 0.168959 0.164793 0.160803 0.157343 0.154469 0.150383 0.143477 0.134995
0.000611 0.001657 0.003381 0.005830 0.008151 0.007361 0.006186 0.006741 0.007735 0.009193 0.011290 0.013706 0.015681 0.015933 0.015781 0.016226 0.017836 0.020682 0.024347 0.028220 0.031572 0.034103 0.036012 0.037845 0.040340 0.044298 0.050038 0.057404 0.065848 0.074771 0.083688 0.092297 0.100649 0.109176 0.118588 0.129684 0.142539 0.157265 0.172446 0.177324 0.183833 0.192055 0.200607 0.208004 0.213222 0.215258 0.215826 0.215812 0.216049 0.216840 0.216287 0.215175 0.213008 0.209601 0.205788 0.201709 0.196986 0.191817 0.186265 0.180306 0.173609 0.165697 0.156503
-0.001483 -0.000032 0.001632 0.003667 0.006033 0.007066 0.007362 0.007961 0.008752 0.009638 0.011109 0.012729 0.014196 0.015220 0.016259 0.017798 0.020052 0.023064 0.026643 0.030550 0.034189 0.036920 0.039257 0.041784 0.044980 0.049509 0.055870 0.064135 0.073941 0.084611 0.095554 0.106465 0.117404 0.128649 0.140551 0.153347 0.166872 0.180615 0.194967 0.205183 0.220128 0.234660 0.241794 0.247683 0.252096 0.254861 0.257114 0.258787 0.259801 0.259591 0.257600 0.254696 0.252600 0.250555 0.247995 0.244506 0.238869 0.232280 0.224247 0.215297 0.205837 0.195753 0.184417
-0.003792 -0.001030 0.000712 0.001708 0.004748 0.007220 0.008835 0.009768 0.010210 0.010409 0.010799 0.011544 0.012798 0.014563 0.016713 0.019125 0.021793 0.024789 0.028229 0.032183 0.036339 0.039158 0.042182 0.045786 0.049793 0.054971 0.061942 0.071258 0.082534 0.095065 0.108085 0.121845 0.136437 0.151502 0.167122 0.183186 0.199390 0.215056 0.230739 0.247853 0.266146 0.281799 0.292030 0.298469 0.302601 0.305684 0.310392 0.314311 0.316350 0.315640 0.312180 0.307563 0.305314 0.304358 0.302432 0.298442 0.291984 0.284074 0.274155 0.262371 0.249836 0.236530 0.221412
-0.004306 -0.000085 0.002245 0.003662 0.005666 0.007969 0.010145 0.011494 0.011486 0.010977 0.010608 0.010710 0.011754 0.014221 0.017268 0.020252 0.023058 0.025840 0.028893 0.032425 0.036303 0.040129 0.044369 0.049203 0.054532 0.060714 0.068316 0.078763 0.091207 0.105461 0.120320 0.137655 0.157360 0.177711 0.199075 0.220686 0.242607 0.263086 0.282466 0.304488 0.325347 0.342508 0.354957 0.363026 0.368586 0.373239 0.379442 0.385406 0.388678 0.387959 0.383670 0.377818 0.375223 0.374536 0.372458 0.367447 0.359566 0.350333 0.338979 0.324968 0.308898 0.290542 0.269481
-0.001726 0.002765 0.005058 0.006623 0.007831 0.008999 0.010815 0.012417 0.011768 0.011084 0.010799 0.010936 0.011464 0.014448 0.017929 0.021150 0.023803 0.026240 0.028808 0.031811 0.035579 0.040308 0.045951 0.052303 0.059098 0.066840 0.075990 0.086962 0.099601 0.114110 0.131457 0.153568 0.179337 0.207450 0.237368 0.267709 0.297797 0.326345 0.352856 0.377808 0.400151 0.419620 0.434360 0.444246 0.452487 0.459477 0.466728 0.474676 0.478897 0.477919 0.473478 0.468429 0.464970 0.463445 0.460495 0.454031 0.444503 0.433492 0.420738 0.403490 0.383047 0.358159 0.329555
0.000925 0.004610 0.007459 0.009466 0.010430 0.010269 0.010195 0.010425 0.010464 0.010779 0.011490 0.012925 0.013648 0.015300 0.018177 0.021520 0.023840 0.026105 0.028482 0.031146 0.034791 0.040461 0.047340 0.054904 0.063184 0.072595 0.083434 0.095506 0.108381 0.123388 0.142675 0.170869 0.204381 0.242027 0.282128 0.323030 0.364141 0.403074 0.437897 0.467411 0.491459 0.514626 0.532486 0.545294 0.555883 0.564955 0.575371 0.583944 0.587402 0.585309 0.580198 0.577623 0.575075 0.571683 0.567367 0.559245 0.547874 0.535757 0.520312 0.499164 0.472500 0.439301 0.401813
0.002940 0.006104 0.008855 0.011120 0.012278 0.010582 0.008816 0.007919 0.008770 0.010514 0.012862 0.015584 0.015303 0.015623 0.017695 0.020402 0.022983 0.025595 0.028400 0.031367 0.034809 0.041513 0.049004 0.057220 0.066528 0.077267 0.089692 0.103685 0.117442 0.134713 0.158184 0.191052 0.231834 0.280194 0.332453 0.386029 0.440027 0.490543 0.535106 0.572107 0.602221 0.627280 0.648252 0.663664 0.676706 0.689152 0.700038 0.708395 0.711381 0.708798 0.703082 0.702681 0.700742 0.696303 0.690401 0.680243 0.666000 0.652887 0.634532 0.608938 0.575492 0.534121 0.485926
0.005187 0.007073 0.008846 0.010399 0.010896 0.009734 0.007916 0.006338 0.008226 0.010539 0.012708 0.014317 0.014763 0.015329 0.016893 0.019188 0.021851 0.024864 0.028524 0.033064 0.038367 0.044090 0.050863 0.059085 0.068982 0.080641 0.094039 0.109028 0.125869 0.147015 0.175347 0.213204 0.261529 0.320679 0.386034 0.454061 0.521572 0.584599 0.639929 0.685969 0.723061 0.752650 0.776455 0.795251 0.810728 0.824094 0.834917 0.842119 0.845050 0.844033 0.841201 0.839249 0.836380 0.831278 0.823492 0.812232 0.797662 0.780430 0.757675 0.726972 0.687001 0.637503 0.579319
0.006983 0.007001 0.007577 0.008175 0.008643 0.008769 0.008685 0.008853 0.009810 0.011039 0.011972 0.012377 0.012816 0.014139 0.016019 0.018350 0.021053 0.024260 0.028469 0.034353 0.041639 0.046408 0.052408 0.060357 0.070480 0.082880 0.097433 0.114091 0.133811 0.158714 0.191655 0.235268 0.292205 0.361111 0.438880 0.521309 0.603460 0.680224 0.747176 0.801905 0.845473 0.879951 0.907231 0.928685 0.945774 0.959419 0.969751 0.976560 0.979993 0.980652 0.979518 0.977083 0.973120 0.966795 0.957568 0.945376 0.929813 0.909557 0.882627 0.846892 0.800825 0.743735 0.675802
0.008057 0.005641 0.004810 0.005091 0.006270 0.008015 0.009987 0.011832 0.012030 0.012045 0.011786 0.011132 0.010658 0.012917 0.015419 0.018014 0.020891 0.024190 0.028207 0.033570 0.040576 0.046906 0.053306 0.061038 0.071065 0.084268 0.100430 0.119239 0.140984 0.168775 0.206001 0.255766 0.319667 0.397355 0.486650 0.582735 0.679618 0.770783 0.849715 0.911728 0.960671 0.999338 1.029805 1.053072 1.071315 1.085405 1.095633 1.102192 1.105986 1.107725 1.107488 1.105458 1.101224 1.093377 1.082606 1.069350 1.052913 1.031002 1.001172 0.961262 0.909664 0.845442 0.768005
0.007811 0.003846 0.001817 0.001854 0.004186 0.007467 0.010611 0.012698 0.013445 0.013251 0.012488 0.011658 0.011608 0.013218 0.015402 0.018103 0.021294 0.024887 0.028657 0.032696 0.040069 0.047057 0.053713 0.061248 0.071011 0.085009 0.102576 0.123671 0.146373 0.176382 0.217261 0.271916 0.341475 0.426373 0.525734 0.633476 0.743292 0.847626 0.936945 1.006236 1.060051 1.101490 1.133311 1.158056 1.177610 1.192677 1.203293 1.209038 1.212419 1.214813 1.215286 1.214258 1.210665 1.201068 1.188928 1.174749 1.158083 1.135649 1.104489 1.061815 1.005346 0.933602 0.846002
0.003631 0.001322 -0.000388 -0.000713 0.002805 0.007138 0.010511 0.012881 0.014168 0.014385 0.013719 0.013055 0.013092 0.014094 0.015944 0.018588 0.022034 0.026249 0.031075 0.036320 0.041954 0.047810 0.054095 0.061642 0.071690 0.085407 0.102818 0.123767 0.148683 0.181000 0.224452 0.282884 0.357016 0.447769 0.553695 0.669197 0.787721 0.900272 0.998851 1.077284 1.135726 1.178156 1.209590 1.234991 1.255498 1.271961 1.282746 1.287319 1.289314 1.291376 1.293679 1.293884 1.289314 1.280162 1.267994 1.253758 1.236600 1.214096 1.183205 1.139607 1.079356 0.999026 0.898532
-0.000724 -0.000654 -0.000894 -0.000208 0.002617 0.006514 0.009934 0.012596 0.014345 0.015037 0.014776 0.014392 0.014502 0.015332 0.016987 0.019500 0.023023 0.027858 0.033746 0.040190 0.044295 0.048957 0.054773 0.062221 0.072072 0.085139 0.101983 0.122824 0.148753 0.182799 0.228364 0.288527 0.365063 0.459202 0.568324 0.686807 0.808123 0.924790 1.029942 1.118181 1.180151 1.221305 1.251135 1.276411 1.296480 1.314441 1.324401 1.328393 1.329002 1.330645 1.334927 1.337108 1.332472 1.323914 1.312214 1.297335 1.279423 1.256763 1.227444 1.184892 1.122280 1.033259 0.925598
-0.001797 -0.001078 -0.000466 0.000667 0.002858 0.006120 0.009165 0.011969 0.013949 0.015119 0.015149 0.015171 0.015612 0.016655 0.018412 0.020917 0.024292 0.029328 0.034791 0.040191 0.044781 0.049664 0.055663 0.063062 0.072264 0.084250 0.100389 0.121140 0.147119 0.181763 0.228043 0.288500 0.365316 0.460012 0.568368 0.685658 0.805968 0.922486 1.028524 1.118405 1.184750 1.222956 1.251044 1.275142 1.294542 1.310207 1.320450 1.324599 1.326290 1.328366 1.331623 1.333834 1.332342 1.326197 1.315799 1.298007 1.278127 1.255354 1.226957 1.187404 1.125009 1.034165 0.925741
-0.000763 -0.000494 0.000158 0.001486 0.003248 0.005206 0.008369 0.011105 0.012706 0.013812 0.014540 0.015277 0.016323 0.017855 0.019980 0.022765 0.026293 0.030513 0.034731 0.038820 0.043402 0.049217 0.056382 0.064203 0.072619 0.083134 0.098156 0.118111 0.143951 0.178194 0.223839 0.283000 0.358607 0.449679 0.553484 0.666053 0.782108 0.894839 0.995353 1.078055 1.139967 1.181470 1.210915 1.234137 1.252664 1.266201 1.275526 1.281132 1.284443 1.286631 1.288652 1.290425 1.290630 1.284939 1.272779 1.255818 1.235951 1.212830 1.183464 1.142322 1.082108 0.999182 0.898504
