MFC+VTK/函数库及接口制作/Dll目录/release/规则几何体.grd
DSAA
127	128
0.000000	992.125977
0.000000	1200.000000
0.0001396513163616	0.0373920300688340
[rows 38 to 56 of 128, columns 43 to 85 of 127]
0.0019747296469191 0.0020499823529682 0.0021263405532684 0.0022035904143817 0.0022815001051471 0.0023598218316390 0.0024382942898950 0.0025166454776711 0.0025945957876989 0.0026718612896494 0.0027481570975259 0.0028232007144357 0.0028967152480553 0.0029684323975013 0.0030380951251173 0.0031054599438175 0.0031702987706994 0.0032324003191083 0.0032915710226888 0.0033476355048116 0.0034004366240537 0.0034498351403677 0.0034957090568348 0.0035379526984034 0.0035764755920084 0.0036112012123831 0.0036420656553012 0.0036690162955182 0.0036920104809502 0.0037110143081564 0.0037260015174444 0.0037369525392226 0.0037438537168105 0.0037466967249029 0.0037454781972889 0.0037401995721987 0.0037308671586797 0.0037174924225493 0.0037000924855608 0.0036786908263120 0.0036533181659892 0.0036240135161902 0.0035908253598124
0.0021117976787660 0.0021955781213245 0.0022807197016757 0.0023669762995593 0.0024540794409630 0.0025417407807820 0.0026296551429817 0.0027175040425430 0.0028049595866312 0.0028916886304440 0.0029773570480122 0.0030616339712720 0.0031441958526503 0.0032247302170519 0.0033029389875312 0.0033785412934210 0.0034512756981646 0.0035209018142302 0.0035872013020297 0.0036499782767380 0.0037090591698194 0.0037642921099398 0.0038155459003790 0.0038627086771457 0.0039056863342310 0.0039444008005854 0.0039787882483754 0.0040087973048154 0.0040343873312693 0.0040555268241208 0.0040721919827407 0.0040843654811421 0.0040920354718784 0.0040951948435033 0.0040938407464429 0.0040879743963093 0.0040776011582988 0.0040627309111164 0.0040433786835957 0.0040195655515551 0.0039913197762490 0.0039586781588489 0.0039216875776708
0.0022607731744294 0.0023542310954461 0.0024493628009574 0.0025458842046265 0.0026434832913541 0.0027418231522064 0.0028405457687906 0.0029392764493692 0.0030376287803296 0.0031352099246799 0.0032316260770461 0.0033264878744146 0.0034194155646185 0.0035100437500643 0.0035980255509047 0.0036830360672205 0.0037647750605187 0.0038429688174649 0.0039173711998725 0.0039877639217380 0.0040539561244390 0.0041157833439012 0.0041731059782318 0.0042258073713834 0.0042737916288129 0.0043169812760977 0.0043553148625268 0.0043887446002026 0.0044172341164449 0.0044407563843300 0.0044592918838123 0.0044728270345662 0.0044813529317415 0.0044848644072792 0.0044833594321847 0.0044768388689392 0.0044653065777123 0.0044487698748155 0.0044272403364823 0.0044007349351743 0.0043692774888068 0.0043329003952875 0.0042916466153760
0.0024228149380000 0.0025272770577544 0.0026337962724447 0.0027420437708029 0.0028516556350370 0.0029622365556283 0.0030733645610243 0.0031845966361675 0.0032954750475768 0.0034055341458360 0.0035143073835772 0.0036213342718473 0.0037261670017582 0.0038283764811394 0.0039275575751111 0.0040233333910557 0.0041153585072872 0.0042033211054174 0.0042869440239325 0.0043659848007047 0.0044402348122146 0.0045095176456794 0.0045736868569407 0.0046326232727877 0.0046862319930860 0.0047344392377693 0.0047771891686620 0.0048144407983383 0.0048461650795860 0.0048723422509408 0.0048929594971732 0.0049080089691408 0.0049174861952941 0.0049213889073045 0.0049197162944804 0.0049124686954392 0.0048996477303403 0.0048812568722767 0.0048573024515144 0.0048277950805556 0.0047927514809001 0.0047521966834097 0.0047061665629971
0.0025991810993782 0.0027161801224026 0.0028357074114041 0.0029573814006091 0.0030807761221428 0.0032054257544584 0.0033308305552223 0.0034564640163095 0.0035817809961129 0.0037062265149417 0.0038292448504139 0.0039502885469507 0.0040688269594088 0.0041843539848742 0.0042963946948175 0.0044045106557460 0.0045083038121789 0.0046074188928639 0.0047015443820260 0.0047904121661016 0.0048737960190045 0.0049515091238631 0.0050234008467610 0.0050893529802734 0.0051492756644869 0.0052031031741737 0.0052507897362601 0.0052923055147696 0.0053276328735116 0.0053567630017647 0.0053796929662672 0.0053964232345699 0.0054069557003547 0.0054112922304378 0.0054094337453214 0.0054013798396516 0.0053871289449447 0.0053666790335865 0.0053400288594821 0.0053071797259276 0.0052681377644592 0.0052229166988313 0.0051715410552987
0.0027912267433895 0.0029225346620858 0.0030569515617987 0.0031940336148254 0.0033332804846118 0.0034741408895668 0.0036160200691818 0.0037582889442765 0.0039002946411633 0.0040413719456571 0.0041808551791773 0.0043180899546476 0.0044524442787829 0.0045833185185907 0.0047101538372125 0.0048324388172113 0.0049497141153529 0.0050615751187710 0.0051676726865944 0.0052677121549774 0.0053614508519054 0.0054486944096304 0.0055292921787027 0.0056031320421146 0.0056701349061396 0.0057302491115252 0.0057834449699245 0.0058297095902281 0.0058690421211355 0.0059014495021866 0.0059269427868751 0.0059455340788856 0.0059572341057915 0.0059620504431313 0.0059599863947451 0.0059510405315212 0.0059352068890881 0.0059124758242473 0.0058828355288280 0.0058462741969070 0.0058027828357579 0.0057523587013514 0.0056950093247250
0.0030003954347374 0.0031480613118425 0.0032995537900605 0.0034543555836668 0.0036118770448484 0.0037714629513277 0.0039324019264560 0.0040939382268937 0.0042552854507840 0.0044156415623455 0.0045742045165341 0.0047301877145028 0.0048828345341100 0.0050314312578933 0.0051753178533968 0.0053138962305586 0.0054466357875769 0.0055730762396903 0.0056928278870582 0.0058055696059082 0.0059110449348366 0.0060090566748897 0.0060994604317483 0.0061821575080344 0.0062570875119803 0.0063242209940365 0.0063835523631066 0.0064350932750942 0.0064788666327146 0.0065149012897498 0.0065432275163756 0.0065638732550061 0.0065768611776387 0.0065822065447698 0.0065799158611369 0.0065699863232204 0.0065524060559509 0.0065271551397505 0.0064942074322163 0.0064535331897660 0.0064051024917455 0.0063488894612100 0.0062848772613076
0.0032282017105706 0.0033945938002294 0.0035657015277914 0.0037409210740697 0.0039195553952381 0.0041008224616202 0.0042838671644330 0.0044677765578628 0.0046515978293932 0.0048343581516192 0.0050150853958061 0.0051928286054656 0.0053666771490853 0.0055357775918433 0.0056993475294063 0.0058566858847464 0.0060071794480184 0.0061503057072838 0.0062856322473942 0.0064128131678596 0.0065315830803369 0.0066417492940165 0.0067431827911394 0.0068358085477572 0.0069195956806845 0.0069945478136417 0.0070606939649704 0.0071180801742862 0.0071667620114348 0.0072067980509510 0.0072382443497187 0.0072611499340448 0.0072755532833416 0.0072814797890142 0.0072789401666967 0.0072679298054085 0.0072484290462714 0.0072204043939832 0.0071838106741655 0.0071385941568470 0.0070846966685185 0.0070220607101299 0.0069506355838098
0.0034762005513566 0.0036640520538135 0.0038577230939193 0.0040565082356889 0.0042595812428213 0.0044660049950830 0.0046747465486835 0.0048846969319637 0.0050946948507823 0.0053035531083571 0.0055100862748609 0.0057131380136210 0.0059116065034014 0.0061044665848328 0.0062907875744203 0.0064697460848569 0.0066406336108916 0.0068028590335964 0.0069559465215565 0.0070995295403845 0.0072333418141953 0.0073572061210426 0.0074710217657381 0.0075747514799810 0.0076684083739874 0.0077520434259112 0.0078257338609701 0.0078895726520671 0.0079436592739515 0.0079880917659406 0.0080229601035656 0.0080483408450802 0.0080642930015488 0.0080708550758219 0.0080680432227554 0.0080558504974169 0.0080342471768644 0.0080031821617256 0.0079625854836816 0.0079123719614557 0.0078524460582555 0.0077827079947809 0.0077030611606250
0.0037459385105928 0.0039583953215793 0.0041780449065026 0.0044040631243952 0.0046354684528854 0.0048711337661343 0.0051098053697938 0.0053501288088411 0.0055906803257723 0.0058300022710401 0.0060666403433026 0.0062991803335063 0.0065262820985241 0.0067467087881762 0.0069593498440180 0.0071632368999801 0.0073575523530267 0.0075416309526709 0.0077149552190758 0.0078771458068631 0.0080279480806185 0.0081672161762867 0.0082948957223819 0.0084110062238313 0.0085156239052758 0.0086088655994284 0.0086908740709880 0.0087618050006329 0.0088218157227012 0.0088710557149177 0.0089096587761487 0.0089377367939599 0.0089553749923636 0.0089626285562909 0.0089595205482448 0.0089460410601584 0.0089221475761829 0.0088877665568666 0.0088427962890550 0.0087871110758591 0.0087205668638737 0.0086430084166241 0.0085542781394554
0.0040388796009801 0.0042795469416520 0.0045291174607817 0.0047866294630339 0.0050509152185722 0.0053206146653192 0.0055941994024368 0.0058700064374615 0.0061462801651994 0.0064212201518978 0.0066930316230165 0.0069599752268088 0.0072204127288250 0.0074728457689788 0.0077159455963072 0.0079485726512848 0.0081697858395962 0.0083788421995167 0.0085751883132690 0.0087584452077589 0.0089283886366984 0.0090849265743684 0.0092280755402449 0.0093579370763556 0.0094746753712551 0.0095784967083674 0.0096696311396892 0.0097483165625901 0.0098147852113355 0.0098692524626641 0.0099119077889833 0.0099429076646986 0.0099623702320708 0.0099703715549912 0.0099669433256753 0.0099520719353399 0.0099256988714060 0.0098877224573396 0.0098380010039251 0.0097763574894314 0.0097025859270741 0.0096164596067194 0.0095177414079686
0.0043562973054950 0.0046292798819610 0.0049132967682758 0.0052072287505245 0.0055096857914835 0.0058190224586209 0.0061333680066381 0.0064506705910685 0.0067687535627605 0.0070853803596488 0.0073983234273149 0.0077054320718592 0.0080046942830500 0.0082942883354130 0.0085726212278219 0.0088383525235318 0.0090904036463564 0.0093279539566039 0.0095504258320903 0.0097574614654234 0.0099488941884925 0.0101247169313089 0.0102850500204248 0.0104301100249343 0.0105601808494910 0.0106755878120454 0.0107766750618793 0.0108637864029886 0.0109372493863969 0.0109973624115444 0.0110443845167500 0.0110785275268148 0.0110999502485975 0.0111087544518321 0.0111049824341546 0.0110886160401930 0.0110595770803983 0.0110177291729480 0.0109628811089377 0.0108947919143692 0.0108131778484306 0.0107177216309746 0.0106080842255074
0.0046991224835198 0.0050090495746176 0.0053326640995490 0.0056686695221285 0.0060154122520821 0.0063708981012833 0.0067328296650556 0.0070986642763237 0.0074656898024971 0.0078311132676519 0.0081921555242785 0.0085461443359635 0.0088905984525719 0.0092232965143244 0.0095423266410366 0.0098461149382473 0.0101334334489488 0.0104033899462599 0.0106554031944645 0.0108891678595057 0.0111046132107360 0.0113018592848544 0.0114811734633944 0.0116429296104080 0.0117875711491091 0.0119155788001315 0.0120274431932981 0.0121236422025440 0.0122046226243213 0.0122707856990066 0.0123224759362066 0.0123599727244357 0.0123834842638122 0.0123931434424499 0.0123890053728830 0.0123710464076188 0.0123391645588990 0.0122931813548072 0.0122328452704716 0.0121578369775089 0.0120677767539656 0.0119622344854940 0.0118407427577200
0.0050677360456022 0.0054197584270571 0.0057887631271147 0.0061732588372066 0.0065712827445527 0.0069804164357101 0.0073978317057941 0.0078203664176704 0.0082446268441637 0.0086671092575894 0.0090843306613345 0.0094929571367708 0.0098899186424087 0.0102725011636452 0.0106384103886858 0.0109858048602053 0.0113133000852698 0.0116199478138451 0.0119051963332109 0.0121688381666406 0.0124109512108625 0.0126318384004328 0.0128319697566096 0.0130119294153700 0.0131723691025955 0.0133139686215801 0.0134374032624632 0.0135433176168976 0.0136323050447960 0.0137048919474054 0.0137615260091190 0.0138025676436485 0.0138282839916247 0.0138388449479202 0.0138343208365543 0.0138146814928202 0.0137797966538384 0.0137294376998622 0.0136632809299947 0.0135809126978107 0.0134818368733185 0.0133654852332982 0.0132312315031936
0.0054616961045823 0.0058614359206375 0.0062822312314188 0.0067223842874345 0.0071795747886323 0.0076508721794727 0.0081327906223062 0.0086213879162764 0.0091124038414232 0.0096014275073770 0.0100840785809661 0.0105561849122422 0.0110139396824687 0.0114540246023796 0.0118736910276621 0.0122707968637092 0.0126438025497775 0.0129917333494949 0.0133141172561348 0.0136109081567752 0.0138824029169864 0.0141291592928309 0.0143519195532404 0.0145515427750995 0.0147289471731559 0.0148850626317393 0.0150207928071288 0.0151369857085151 0.0152344114626698 0.0153137459447634 0.0153755590495509 0.0154203065335747 0.0154483245457962 0.0154598261598825 0.0154548994149671 0.0154335065588533 0.0153954843687998 0.0153405456033143 0.0152682818179319 0.0151781679624713 0.0150695693684745 0.0149417519313532 0.0147938964840794
0.0058793935375082 0.0063328214850548 0.0068123033152386 0.0073159338596577 0.0078409879020833 0.0083839234806529 0.0089404458267948 0.0095056354728521 0.0100741350749493 0.0106403800139575 0.0111988501110974 0.0117443158836091 0.0122720537720884 0.0127780104071684 0.0132589046871124 0.0137122659755513 0.0141364149804599 0.0145303994497730 0.0148938992824718 0.0152271153898509 0.0155306544998345 0.0158054190271038 0.0160525079249465 0.0162731316115064 0.0164685418746415 0.0166399761523303 0.0167886146819393 0.0169155485793581 0.0170217568080465 0.0171080901067291 0.0171752601693233 0.0172238326469129 0.0172542228287064 0.0172666931351121 0.0172613518125937 0.0172381524567672 0.0171968942124925 0.0171372227155910 0.0170586320594837 0.0169604683002000 0.0168419352614984 0.0167021036706410 0.0165399249398897
0.0063176398861123 0.0068308476044851 0.0073761761804441 0.0079515290942155 0.0085537351047630 0.0091785337187037 0.0098206461164788 0.0104739393103169 0.0111316774828171 0.0117868392844208 0.0124324672138519 0.0130620087199021 0.0136696103365880 0.0142503354755717 0.0148002906427917 0.0153166599020705 0.0157976598287966 0.0162424348745459 0.0166509156240570 0.0170236608338144 0.0173616999953072 0.0176663880528765 0.0179392790142793 0.0181820211980416 0.0183962740008774 0.0185836442828074 0.0187456395510005 0.0188836348288278 0.0189988501988809 0.0190923363310823 0.0191649657257520 0.0192174278387802 0.0192502266691347 0.0192636797594554 0.0192579178858914 0.0192328850005516 0.0191883382512017 0.0191238481530459 0.0190387992423995 0.0189323918172284 0.0188036456784571 0.0186514071380815 0.0184743609573293
0.0067712101218657 0.0073500421837150 0.0079682454928421 0.0086235724207542 0.0093123785774729 0.0100295768604969 0.0107687104472265 0.0115221599916721 0.0122814793181982 0.0130378298811305 0.0137824636990572 0.0145071937925282 0.0152047939188044 0.0158692846701711 0.0164960857849966 0.0170820380169397 0.0176253162751009 0.0181252659205485 0.0185821960674417 0.0189971595862410 0.0193717420989123 0.0197078741278174 0.0200076733968909 0.0202733188748470 0.0205069546099855 0.0207106194636734 0.0208861980876190 0.0210353884966210 0.0211596820289011 0.0212603521220652 0.0213384490127678 0.0213947981078942 0.0214300003364296 0.0214444332653805 0.0214382521583869 0.0214113904893061 0.0213635597166239 0.0212942484014178 0.0212027210356416 0.0210880172623849 0.0209489525379928 0.0207841217269215 0.0205919076465756
0.0072323923274694 0.0078819064676615 0.0085792728006146 0.0093221631357169 0.0101064559724623 0.0109261396966605 0.0117733784445318 0.0126387683677400 0.0135117808897393 0.0143813521257946 0.0152365447224859 0.0160671910279183 0.0168644310092215 0.0176210830316934 0.0183318217558858 0.0189931734281601 0.0196033653475717 0.0201620790673329 0.0206701569049986 0.0211293027263735 0.0215418055765574 0.0219103024071208 0.0222375861188963 0.0225264581728632 0.0227796209276215 0.0229996030022749 0.0231887106090985 0.0233489983229277 0.0234822536929499 0.0235899911597338 0.0236734517470670 0.0237336058752303 0.0237711573665118 0.0237865472935209 0.0237799567805681 0.0237513082390248 0.0237002648321288 0.0236262282562371 0.0235283352269160 0.0234054534024916 0.0232561778978620 0.0230788300696718 0.0228714609181746
