MFC+VTK/函数库及接口制作/Dll目录/release/规则几何体.grd
DSAA
127	128
0.000000	992.125977
0.000000	1200.000000
0.0001396513163616	0.0373920300688340
[rows 57 to 75 of 128, columns 43 to 85 of 127]
0.0076906364038609 0.0084143794319668 0.0091956119462069 0.0100320279247430 0.0109190566234201 0.0118496894530605 0.0128145242170553 0.0138020739710540 0.0147993427956707 0.0157926138935632 0.0167683439184108 0.0177140298992011 0.0186189223024697 0.0194744968229569 0.0202746535038924 0.0210156656221779 0.0216959378315123 0.0223156479601735 0.0228763426961732 0.0233805416813402 0.0238313850354288 0.0242323415506241 0.0245869814262120 0.0248988089358882 0.0251711460753018 0.0254070568273916 0.0256093020625322 0.0257803163757637 0.0259221997658808 0.0260367186387280 0.0261253120022434 0.0261890998561252 0.0262288916685539 0.0262451935103032 0.0262382129283670 0.0262078610344803 0.0261537516043181 0.0260751972740545 0.0259712032244752 0.0258404591016054 0.0256813303815519 0.0254918509929948 0.0252697198106300
0.0081324377778950 0.0089315652034944 0.0097987179659549 0.0107317402763847 0.0117256763195016 0.0127724911368854 0.0138610736091157 0.0149775972546085 0.0161062519119666 0.0172302757302053 0.0183331388905028 0.0193996881404258 0.0204170722955529 0.0213753286225502 0.0222675940230910 0.0230899827259385 0.0238412220057001 0.0245221531283334 0.0251351932129900 0.0256838276631036 0.0261721739430072 0.0266046331401990 0.0269856288445730 0.0273194231945902 0.0276099958260625 0.0278609709592284 0.0280755793292449 0.0282566439517036 0.0284065811214434 0.0285274102113901 0.0286207676280242 0.0286879216746920 0.0287297861173698 0.0287469310068150 0.0287395898569754 0.0287076626778221 0.0286507146702035 0.0285679706641720 0.0284583056712620 0.0283202322772571 0.0281518860813641 0.0279510110533785 0.0277149476016398
0.0085416227549395 0.0094139554319558 0.0103652520238462 0.0113936406516523 0.0124938765876976 0.0136569282398094 0.0148699166910114 0.0161165225244742 0.0173778900997468 0.0186339416073988 0.0198649001295657 0.0210527586445658 0.0221824482574186 0.0232425464694082 0.0242254869598586 0.0251273400496804 0.0259472969556667 0.0266870051129275 0.0273498792597296 0.0279404733653647 0.0284639583102271 0.0289257187060688 0.0293310619982920 0.0296850226602761 0.0299922409908156 0.0302568969004345 0.0304826819407683 0.0306727962941651 0.0308299607322577 0.0309564363346340 0.0310540469455993 0.0311242009799538 0.0311679103614064 0.0311858051946710 0.0311781433319438 0.0311448143802735 0.0310853379794034 0.0309988564219742 0.0308841219476409 0.0307394793794570 0.0305628452517053 0.0303516852816850 0.0301029930561307
0.0089001915067931 0.0098393833901379 0.0108681279609379 0.0119849434755164 0.0131844082424614 0.0144565920324251 0.0157869132244123 0.0171565809733706 0.0185436757059796 0.0199247637797420 0.0212767869400500 0.0225788806016196 0.0238137977720551 0.0249687366630369 0.0260355341816291 0.0270103290791393 0.0278928765313865 0.0286857058017853 0.0293932756870586 0.0300212269473896 0.0305757785301296 0.0310632757993057 0.0314898759994906 0.0318613458703068 0.0321829443726181 0.0324593660703804 0.0326947251472902 0.0328925647325581 0.0330558803794982 0.0331871499015563 0.0332883643115010 0.0333610564410100 0.0334063250872437 0.0334248533835447 0.0334169206463371 0.0333824073101047 0.0333207928085154 0.0332311464612639 0.0331121116467088 0.0329618838458222 0.0327781836089777 0.0325582262159301 0.0322986908849294
0.0091897915901995 0.0101848503253132 0.0112787416662489 0.0124704134889775 0.0137543690612995 0.0151199437041631 0.0165510720880305 0.0180267528328218 0.0195222899689588 0.0210111931138820 0.0224674189586847 0.0238675242360952 0.0251923299979787 0.0264278538772899 0.0275654762290667 0.0286014813295945 0.0295362050499363 0.0303730238291549 0.0311173670824756 0.0317758635993285 0.0323556685208106 0.0328639727634807 0.0333076718752583 0.0336931615706881 0.0340262268495454 0.0343119959557639 0.0345549363811209 0.0347588759436633 0.0349270369105762 0.0350620749819884 0.0351661177761239 0.0352407994355337 0.0352872893064875 0.0353063135064099 0.0352981687326015 0.0352627279932259 0.0351994381481404 0.0351073093064227 0.0349848963068252 0.0348302727770095 0.0346409987094179 0.0344140832091135 0.0341459451938848
0.0093937265109412 0.0104291368471293 0.0115703245903230 0.0128166102424669 0.0141624884940191 0.0155967773669544 0.0171023071656438 0.0186563961043631 0.0202322157955714 0.0218009185087680 0.0233341611845682 0.0248065264491726 0.0261973764806411 0.0274918631150255 0.0286810650399227 0.0297614258624727 0.0307337659768816 0.0316021378562499 0.0323727279179452 0.0330529232170815 0.0336505881649514 0.0341735472912062 0.0346292441181889 0.0350245372560782 0.0353655959452862 0.0356578631000586 0.0359060610560042 0.0361142219155457 0.0362857298956307 0.0364233672763771 0.0365293585670727 0.0366054095801434 0.0366527394707084 0.0366721046620580 0.0366638140966748 0.0366277355513822 0.0365632929285203 0.0364694545595387 0.0363447127026062 0.0361870546544196 0.0359939263145979 0.0357621897493877 0.0354880774446879
0.0094991835532479 0.0105557898235840 0.0117219022431124 0.0129970588585641 0.0143757662549769 0.0158465761172539 0.0173917281147095 0.0189876292795758 0.0206062872414918 0.0222175641325151 0.0237918590880416 0.0253026794233529 0.0267285996711284 0.0280543131882278 0.0292707506898948 0.0303744587123526 0.0313665347735501 0.0322514083850036 0.0330356824627931 0.0337271572038500 0.0343340804264458 0.0348646168691236 0.0353265025514032 0.0357268418825544 0.0360720071937243 0.0363676070364662 0.0366184974053916 0.0368288172032386 0.0370020350799161 0.0371409991517425 0.0372479842224950 0.0373247332475787 0.0373724911640462 0.0373920300688339 0.0373836652345004 0.0373472617337654 0.0372822315984843 0.0371875215435447 0.0370615914120128 0.0369023837184544 0.0367072850709492 0.0364730809530954 0.0361959064967319
0.0094991835532479 0.0105557898235840 0.0117219022431124 0.0129970588585641 0.0143757662549769 0.0158465761172539 0.0173917281147096 0.0189876292795758 0.0206062872414918 0.0222175641325152 0.0237918590880416 0.0253026794233529 0.0267285996711285 0.0280543131882279 0.0292707506898948 0.0303744587123526 0.0313665347735501 0.0322514083850036 0.0330356824627931 0.0337271572038501 0.0343340804264458 0.0348646168691236 0.0353265025514032 0.0357268418825544 0.0360720071937244 0.0363676070364663 0.0366184974053917 0.0368288172032387 0.0370020350799162 0.0371409991517425 0.0372479842224950 0.0373247332475788 0.0373724911640463 0.0373920300688340 0.0373836652345005 0.0373472617337655 0.0372822315984843 0.0371875215435447 0.0370615914120128 0.0369023837184544 0.0367072850709493 0.0364730809530954 0.0361959064967319
0.0093937265109412 0.0104291368471293 0.0115703245903230 0.0128166102424670 0.0141624884940191 0.0155967773669544 0.0171023071656438 0.0186563961043632 0.0202322157955714 0.0218009185087680 0.0233341611845682 0.0248065264491726 0.0261973764806412 0.0274918631150256 0.0286810650399228 0.0297614258624728 0.0307337659768817 0.0316021378562500 0.0323727279179453 0.0330529232170816 0.0336505881649515 0.0341735472912063 0.0346292441181890 0.0350245372560783 0.0353655959452863 0.0356578631000587 0.0359060610560043 0.0361142219155458 0.0362857298956308 0.0364233672763772 0.0365293585670728 0.0366054095801435 0.0366527394707084 0.0366721046620581 0.0366638140966749 0.0366277355513823 0.0365632929285204 0.0364694545595387 0.0363447127026063 0.0361870546544196 0.0359939263145980 0.0357621897493878 0.0354880774446880
0.0091897915901995 0.0101848503253132 0.0112787416662490 0.0124704134889775 0.0137543690612995 0.0151199437041631 0.0165510720880305 0.0180267528328219 0.0195222899689589 0.0210111931138821 0.0224674189586848 0.0238675242360953 0.0251923299979788 0.0264278538772900 0.0275654762290668 0.0286014813295946 0.0295362050499365 0.0303730238291550 0.0311173670824758 0.0317758635993287 0.0323556685208108 0.0328639727634808 0.0333076718752585 0.0336931615706883 0.0340262268495455 0.0343119959557640 0.0345549363811210 0.0347588759436634 0.0349270369105763 0.0350620749819886 0.0351661177761241 0.0352407994355338 0.0352872893064876 0.0353063135064100 0.0352981687326016 0.0352627279932261 0.0351994381481405 0.0351073093064228 0.0349848963068253 0.0348302727770096 0.0346409987094180 0.0344140832091136 0.0341459451938849
0.0089001915067932 0.0098393833901379 0.0108681279609379 0.0119849434755165 0.0131844082424615 0.0144565920324251 0.0157869132244123 0.0171565809733707 0.0185436757059797 0.0199247637797421 0.0212767869400501 0.0225788806016197 0.0238137977720552 0.0249687366630370 0.0260355341816293 0.0270103290791394 0.0278928765313866 0.0286857058017854 0.0293932756870588 0.0300212269473897 0.0305757785301298 0.0310632757993058 0.0314898759994908 0.0318613458703070 0.0321829443726183 0.0324593660703805 0.0326947251472903 0.0328925647325582 0.0330558803794983 0.0331871499015564 0.0332883643115012 0.0333610564410102 0.0334063250872438 0.0334248533835449 0.0334169206463372 0.0333824073101048 0.0333207928085156 0.0332311464612640 0.0331121116467090 0.0329618838458224 0.0327781836089778 0.0325582262159302 0.0322986908849296
0.0085416227549395 0.0094139554319558 0.0103652520238462 0.0113936406516524 0.0124938765876976 0.0136569282398095 0.0148699166910115 0.0161165225244743 0.0173778900997469 0.0186339416073989 0.0198649001295659 0.0210527586445660 0.0221824482574188 0.0232425464694084 0.0242254869598588 0.0251273400496806 0.0259472969556669 0.0266870051129276 0.0273498792597298 0.0279404733653649 0.0284639583102273 0.0289257187060689 0.0293310619982922 0.0296850226602763 0.0299922409908158 0.0302568969004346 0.0304826819407685 0.0306727962941653 0.0308299607322579 0.0309564363346342 0.0310540469455995 0.0311242009799541 0.0311679103614066 0.0311858051946712 0.0311781433319440 0.0311448143802737 0.0310853379794036 0.0309988564219744 0.0308841219476411 0.0307394793794572 0.0305628452517055 0.0303516852816852 0.0301029930561309
0.0081324377778950 0.0089315652034944 0.0097987179659550 0.0107317402763848 0.0117256763195017 0.0127724911368854 0.0138610736091158 0.0149775972546086 0.0161062519119667 0.0172302757302054 0.0183331388905029 0.0193996881404259 0.0204170722955530 0.0213753286225504 0.0222675940230912 0.0230899827259387 0.0238412220057003 0.0245221531283336 0.0251351932129902 0.0256838276631038 0.0261721739430074 0.0266046331401992 0.0269856288445732 0.0273194231945905 0.0276099958260627 0.0278609709592286 0.0280755793292451 0.0282566439517038 0.0284065811214436 0.0285274102113904 0.0286207676280244 0.0286879216746922 0.0287297861173701 0.0287469310068152 0.0287395898569756 0.0287076626778223 0.0286507146702038 0.0285679706641722 0.0284583056712623 0.0283202322772573 0.0281518860813643 0.0279510110533787 0.0277149476016400
0.0076906364038609 0.0084143794319668 0.0091956119462069 0.0100320279247431 0.0109190566234201 0.0118496894530606 0.0128145242170554 0.0138020739710541 0.0147993427956708 0.0157926138935633 0.0167683439184109 0.0177140298992013 0.0186189223024698 0.0194744968229570 0.0202746535038925 0.0210156656221781 0.0216959378315125 0.0223156479601737 0.0228763426961733 0.0233805416813404 0.0238313850354290 0.0242323415506243 0.0245869814262122 0.0248988089358884 0.0251711460753020 0.0254070568273918 0.0256093020625324 0.0257803163757639 0.0259221997658810 0.0260367186387282 0.0261253120022436 0.0261890998561254 0.0262288916685541 0.0262451935103034 0.0262382129283672 0.0262078610344805 0.0261537516043183 0.0260751972740547 0.0259712032244754 0.0258404591016056 0.0256813303815521 0.0254918509929950 0.0252697198106302
0.0072323923274695 0.0078819064676616 0.0085792728006147 0.0093221631357170 0.0101064559724623 0.0109261396966605 0.0117733784445319 0.0126387683677401 0.0135117808897394 0.0143813521257948 0.0152365447224860 0.0160671910279185 0.0168644310092216 0.0176210830316936 0.0183318217558860 0.0189931734281603 0.0196033653475718 0.0201620790673330 0.0206701569049988 0.0211293027263737 0.0215418055765576 0.0219103024071210 0.0222375861188965 0.0225264581728634 0.0227796209276217 0.0229996030022751 0.0231887106090987 0.0233489983229279 0.0234822536929501 0.0235899911597340 0.0236734517470672 0.0237336058752305 0.0237711573665121 0.0237865472935211 0.0237799567805683 0.0237513082390250 0.0237002648321290 0.0236262282562373 0.0235283352269162 0.0234054534024918 0.0232561778978622 0.0230788300696720 0.0228714609181748
0.0067712101218658 0.0073500421837151 0.0079682454928421 0.0086235724207543 0.0093123785774730 0.0100295768604970 0.0107687104472266 0.0115221599916722 0.0122814793181983 0.0130378298811306 0.0137824636990573 0.0145071937925283 0.0152047939188045 0.0158692846701712 0.0164960857849967 0.0170820380169399 0.0176253162751011 0.0181252659205487 0.0185821960674419 0.0189971595862412 0.0193717420989125 0.0197078741278176 0.0200076733968910 0.0202733188748471 0.0205069546099857 0.0207106194636735 0.0208861980876192 0.0210353884966212 0.0211596820289013 0.0212603521220654 0.0213384490127680 0.0213947981078943 0.0214300003364298 0.0214444332653807 0.0214382521583871 0.0214113904893063 0.0213635597166241 0.0212942484014180 0.0212027210356418 0.0210880172623851 0.0209489525379929 0.0207841217269217 0.0205919076465758
0.0063176398861124 0.0068308476044852 0.0073761761804441 0.0079515290942155 0.0085537351047631 0.0091785337187037 0.0098206461164789 0.0104739393103169 0.0111316774828172 0.0117868392844209 0.0124324672138520 0.0130620087199022 0.0136696103365881 0.0142503354755718 0.0148002906427918 0.0153166599020706 0.0157976598287967 0.0162424348745461 0.0166509156240571 0.0170236608338146 0.0173616999953073 0.0176663880528766 0.0179392790142794 0.0181820211980417 0.0183962740008776 0.0185836442828075 0.0187456395510006 0.0188836348288279 0.0189988501988810 0.0190923363310825 0.0191649657257522 0.0192174278387804 0.0192502266691349 0.0192636797594556 0.0192579178858915 0.0192328850005517 0.0191883382512018 0.0191238481530461 0.0190387992423997 0.0189323918172285 0.0188036456784573 0.0186514071380817 0.0184743609573295
0.0058793935375082 0.0063328214850548 0.0068123033152386 0.0073159338596577 0.0078409879020834 0.0083839234806530 0.0089404458267949 0.0095056354728522 0.0100741350749494 0.0106403800139576 0.0111988501110975 0.0117443158836092 0.0122720537720885 0.0127780104071685 0.0132589046871125 0.0137122659755514 0.0141364149804600 0.0145303994497731 0.0148938992824720 0.0152271153898510 0.0155306544998346 0.0158054190271040 0.0160525079249467 0.0162731316115065 0.0164685418746417 0.0166399761523304 0.0167886146819395 0.0169155485793582 0.0170217568080466 0.0171080901067293 0.0171752601693235 0.0172238326469131 0.0172542228287066 0.0172666931351123 0.0172613518125939 0.0172381524567674 0.0171968942124926 0.0171372227155912 0.0170586320594839 0.0169604683002001 0.0168419352614985 0.0167021036706411 0.0165399249398899
0.0054616961045824 0.0058614359206375 0.0062822312314188 0.0067223842874346 0.0071795747886324 0.0076508721794728 0.0081327906223063 0.0086213879162765 0.0091124038414233 0.0096014275073771 0.0100840785809662 0.0105561849122423 0.0110139396824688 0.0114540246023797 0.0118736910276622 0.0122707968637093 0.0126438025497776 0.0129917333494950 0.0133141172561349 0.0136109081567754 0.0138824029169865 0.0141291592928310 0.0143519195532405 0.0145515427750997 0.0147289471731560 0.0148850626317394 0.0150207928071290 0.0151369857085152 0.0152344114626699 0.0153137459447636 0.0153755590495510 0.0154203065335749 0.0154483245457963 0.0154598261598827 0.0154548994149673 0.0154335065588535 0.0153954843687999 0.0153405456033145 0.0152682818179320 0.0151781679624715 0.0150695693684746 0.0149417519313534 0.0147938964840795
