MFC+VTK/函数库及接口制作/Dll目录/release/规则几何体.grd
DSAA
127	128
0.000000	992.125977
0.000000	1200.000000
0.0001396513163616	0.0373920300688340
[rows 19 to 37 of 128, columns 43 to 85 of 127]
0.0006608883958035 0.0006741750078807 0.0006874116155776 0.0007005746147503 0.0007136397597285 0.0007265822542866 0.0007393768487456 0.0007519979423292 0.0007644196898143 0.0007766161114539 0.0007885612051069 0.0008002290594941 0.0008115939675009 0.0008226305384783 0.0008333138085415 0.0008436193479366 0.0008535233646331 0.0008630028034015 0.0008720354397477 0.0008805999681969 0.0008886760845419 0.0008962445617918 0.0009032873196762 0.0009097874876690 0.0009157294615931 0.0009210989539539 0.0009258830382175 0.0009300701873033 0.0009336503065930 0.0009366147617794 0.0009389564018736 0.0009406695776778 0.0009417501559949 0.0009421955298083 0.0009420046246065 0.0009411779009681 0.0009397173534553 0.0009376265057954 0.0009349104022608 0.0009315755950961 0.0009276301277817 0.0009230835138750 0.0009179467111366
0.0006949263918815 0.0007093120168049 0.0007236529921471 0.0007379232621796 0.0007520960232151 0.0007661438273556 0.0007800386935231 0.0007937522247162 0.0008072557303318 0.0008205203523101 0.0008335171938134 0.0008462174491209 0.0008585925334361 0.0008706142113335 0.0008822547226416 0.0008934869046455 0.0009042843096066 0.0009146213167279 0.0009244732378360 0.0009338164162039 0.0009426283180958 0.0009508876167673 0.0009585742688036 0.0009656695828151 0.0009721562806300 0.0009780185512320 0.0009832420977688 0.0009878141780268 0.0009917236387995 0.0009949609446000 0.0009975182011579 0.0009993891741191 0.0010005693033189 0.0010010557129413 0.0010008472178022 0.0009999443259107 0.0009983492373729 0.0009960658396115 0.0009930996987813 0.0009894580471742 0.0009851497663328 0.0009801853655194 0.0009745769551420
0.0007312351639774 0.0007468276712674 0.0007623824235596 0.0007778706175835 0.0007932625770873 0.0008085278715184 0.0008236354433916 0.0008385537430665 0.0008532508695212 0.0008676947156133 0.0008818531162490 0.0008956939978597 0.0009091855275912 0.0009222962606616 0.0009349952844265 0.0009472523578089 0.0009590380448928 0.0009703238416507 0.0009810822949559 0.0009912871132289 0.0010009132682620 0.0010099370879645 0.0010183363399545 0.0010260903060969 0.0010331798482372 0.0010395874655110 0.0010452973437083 0.0010502953972487 0.0010545693043645 0.0010581085361068 0.0010609043797747 0.0010629499573296 0.0010642402392949 0.0010647720545572 0.0010645440963859 0.0010635569248779 0.0010618129659124 0.0010593165065790 0.0010560736869216 0.0010520924877228 0.0010473827139509 0.0010419559734015 0.0010358256499920
0.0007700000348969 0.0007869196230704 0.0008038101933918 0.0008206398574104 0.0008373757064654 0.0008539839478807 0.0008704300515710 0.0008866789055046 0.0009026949782990 0.0009184424870999 0.0009338855688127 0.0009489884527178 0.0009637156325214 0.0009780320359514 0.0009919031901200 0.0010052953810254 0.0010181758057517 0.0010305127161407 0.0010422755529474 0.0010534350697404 0.0010639634460589 0.0010738343895886 0.0010830232273516 0.0010915069861229 0.0010992644624719 0.0011062762829899 0.0011125249553835 0.0011179949112051 0.0011226725410374 0.0011265462229633 0.0011296063451288 0.0011318453231479 0.0011332576130150 0.0011338397200753 0.0011335902044737 0.0011325096833533 0.0011306008299165 0.0011278683693000 0.0011243190710553 0.0011199617378725 0.0011148071900460 0.0011088682450610 0.0011021596915808
0.0008114241340787 0.0008298049507694 0.0008481676906896 0.0008664769940655 0.0008846963070598 0.0009027880385844 0.0009207137296511 0.0009384342333598 0.0009559099034121 0.0009731007888780 0.0009899668328332 0.0010064680724464 0.0010225648381126 0.0010382179493132 0.0010533889050248 0.0010680400666940 0.0010821348320396 0.0010956377982183 0.0011085149131990 0.0011207336145058 0.0011322629548169 0.0011430737142183 0.0011531384992115 0.0011624318288429 0.0011709302085598 0.0011786121925914 0.0011854584358047 0.0011914517360872 0.0011965770683618 0.0012008216113466 0.0012041747681345 0.0012066281815840 0.0012081757453989 0.0012088136116207 0.0012085401950856 0.0012073561751996 0.0012052644951822 0.0012022703587135 0.0011983812237108 0.0011936067927625 0.0011879589995584 0.0011814519904991 0.0011741021005338
0.0008557303406299 0.0008757223445345 0.0008957098487575 0.0009156535794545 0.0009355128628159 0.0009552458062442 0.0009748094947027 0.0009941601999090 0.0010132535997737 0.0010320450052743 0.0010504895918192 0.0010685426320999 0.0010861597274597 0.0011032970349118 0.0011199114871270 0.0011359610029665 0.0011514046864462 0.0011662030123824 0.0011803179973604 0.0011937133550785 0.0012063546355329 0.0012182093479134 0.0012292470674523 0.0012394395268150 0.0012487606929089 0.0012571868302334 0.0012646965520710 0.0012712708609417 0.0012768931798027 0.0012815493754688 0.0012852277756731 0.0012879191810737 0.0012896168733521 0.0012903166203517 0.0012900166789734 0.0012887177962908 0.0012864232090777 0.0012831386416655 0.0012788723017739 0.0012736348736980 0.0012674395079922 0.0012603018065799 0.0012522398020416
0.0009031634554618 0.0009249345604673 0.0009467178964973 0.0009684697666424 0.0009901448293935 0.0010116963087160 0.0010330762225802 0.0010542356270885 0.0010751248729834 0.0010956938710490 0.0011158923627417 0.0011356701923148 0.0011549775767390 0.0011737653698574 0.0011919853174637 0.0012095903003149 0.0012265345625079 0.0012427739231087 0.0012582659694387 0.0012729702309473 0.0012868483331342 0.0012998641314965 0.0013119838259553 0.0013231760566440 0.0013334119823095 0.0013426653428707 0.0013509125079024 0.0013581325129488 0.0013643070856323 0.0013694206635095 0.0013734604055320 0.0013764161988194 0.0013782806622368 0.0013790491480058 0.0013787197422802 0.0013772932652829 0.0013747732712539 0.0013711660481036 0.0013664806163090 0.0013607287262541 0.0013539248529010 0.0013460861863980 0.0013372326169973
0.0009539926289570 0.0009777311781610 0.0010015024641170 0.0010252577801073 0.0010489464831621 0.0010725162385359 0.0010959132867613 0.0011190827297516 0.0011419688319559 0.0011645153322195 0.0011866657617670 0.0012083637636357 0.0012295534089320 0.0012501795054685 0.0012701878946588 0.0012895257329792 0.0013081417548430 0.0013259865143399 0.0013430126039559 0.0013591748490722 0.0013744304777276 0.0013887392657830 0.0014020636582372 0.0014143688679831 0.0014256229537495 0.0014357968793413 0.0014448645565507 0.0014528028742779 0.0014595917164537 0.0014652139713230 0.0014696555345149 0.0014729053081152 0.0014749551976731 0.0014758001087316 0.0014754379440769 0.0014738696024777 0.0014710989792346 0.0014671329684024 0.0014619814660923 0.0014556573738260 0.0014481766005024 0.0014395580611788 0.0014298236705533
0.0010085140726620 0.0010344316987656 0.0010604070901087 0.0010863858519118 0.0011123113041575 0.0011381247671774 0.0011637658750180 0.0011891729122125 0.0012142831689751 0.0012390333093663 0.0012633597466754 0.0012871990201395 0.0013104881671816 0.0013331650855934 0.0013551688805053 0.0013764401915592 0.0013969214963978 0.0014165573873808 0.0014352948193011 0.0014530833267617 0.0014698752107554 0.0014856256948331 0.0015002930520196 0.0015138387043176 0.0015262272972101 0.0015374267520203 0.0015474082992991 0.0015561464965986 0.0015636192340350 0.0015698077309796 0.0015746965270261 0.0015782734700982 0.0015805297041846 0.0015814596587428 0.0015810610413029 0.0015793348342587 0.0015762852962546 0.0015719199679936 0.0015662496817070 0.0015592885729700 0.0015510540930178 0.0015415670192465 0.0015308514611761
0.0010670540852075 0.0010953890242131 0.0011238121816988 0.0011522626885603 0.0011806769712274 0.0012089890865601 0.0012371310911297 0.0012650334394441 0.0012926254048740 0.0013198355164123 0.0013465920040020 0.0013728232449936 0.0013984582043788 0.0014234268617647 0.0014476606186071 0.0014710926799740 0.0014936584060316 0.0015152956294923 0.0015359449363900 0.0015555499087037 0.0015740573284926 0.0015914173442869 0.0016075836014641 0.0016225133392014 0.0016361674573015 0.0016485105567353 0.0016595109581183 0.0016691407025370 0.0016773755391794 0.0016841949040992 0.0016895818941840 0.0016935232400099 0.0016960092807681 0.0016970339438705 0.0016965947311889 0.0016946927131800 0.0016913325314176 0.0016865224093099 0.0016802741700366 0.0016726032600276 0.0016635287756319 0.0016530734900108 0.0016412638767615
0.0011299724236941 0.0011609933612841 0.0011921394863021 0.0012233425412232 0.0012545310583463 0.0012856307540517 0.0013165649658845 0.0013472551256701 0.0013776212608010 0.0014075825150061 0.0014370576793748 0.0014659657241801 0.0014942263221498 0.0015217603542612 0.0015484903898663 0.0015743411339537 0.0015992398355745 0.0016231166528361 0.0016459049713497 0.0016675416745241 0.0016879673655806 0.0017071265425556 0.0017249677288116 0.0017414435626637 0.0017565108506020 0.0017701305892570 0.0017822679616836 0.0017928923137595 0.0018019771164903 0.0018094999198229 0.0018154423031987 0.0018197898275590 0.0018225319928639 0.0018236622044370 0.0018231777506095 0.0018210797932521 0.0018173733718515 0.0018120674208502 0.0018051747990304 0.0017967123288168 0.0017867008425133 0.0017751652317006 0.0017621344953286
0.0011976660516860 0.0012316765964510 0.0012658571365094 0.0013001309601216 0.0013344175326437 0.0013686329625063 0.0014026905208711 0.0014365012064517 0.0014699743455580 0.0015030182163106 0.0015355406852439 0.0015674498442102 0.0015986546356269 0.0016290654546819 0.0016585947180856 0.0016871573902922 0.0017146714597335 0.0017410583594377 0.0017662433283529 0.0017901557116759 0.0018127292004096 0.0018339020121674 0.0018536170168464 0.0018718218121477 0.0018884687550105 0.0019035149558184 0.0019169222427352 0.0019286571037389 0.0019386906138657 0.0019469983548760 0.0019535603340379 0.0019583609080284 0.0019613887171021 0.0019626366337072 0.0019621017286702 0.0019597852569408 0.0019556926637246 0.0019498336106492 0.0019422220204335 0.0019328761373834 0.0019218185999501 0.0019090765205751 0.0018946815671449
0.0012705732930592 0.0013079171882767 0.0013454853352295 0.0013831913216966 0.0014209441667014 0.0014586488734464 0.0014962070499696 0.0015335175868125 0.0015704773790682 0.0016069820786766 0.0016429268618427 0.0016782071960309 0.0017127195911632 0.0017463623204094 0.0017790360972692 0.0018106446974338 0.0018410955160819 0.0018703000536999 0.0018981743260971 0.0019246391968897 0.0019496206332363 0.0019730498879250 0.0019948636129542 0.0020150039114522 0.0020334183361157 0.0020500598432857 0.0020648867123352 0.0020778624402268 0.0020889556209429 0.0020981398190358 0.0021053934458265 0.0021106996458523 0.0021140462000516 0.0021154254509343 0.0021148342536406 0.0021122739553759 0.0021077504042542 0.0021012739871061 0.0020928596943439 0.0020825272085384 0.0020703010119887 0.0020562105072767 0.0020402901436337
0.0013491784162773 0.0013902456226379 0.0014316027499264 0.0014731522239670 0.0015147909894870 0.0015564111688360 0.0015979008067130 0.0016391446873832 0.0016800252082574 0.0017204232916635 0.0017602193152850 0.0017992940411538 0.0018375295233148 0.0018748099753036 0.0019110225803531 0.0019460582296566 0.0019798121769293 0.0020121846007741 0.0020430810697887 0.0020724129087884 0.0021000974678013 0.0021260582984870 0.0021502252452298 0.0021725344602887 0.0021929283540061 0.0022113554921760 0.0022277704532595 0.0022421336582500 0.0022544111856758 0.0022645745835440 0.0022726006890378 0.0022784714655327 0.0022821738650591 0.0022836997227508 0.0022830456881248 0.0022802131962742 0.0022752084802512 0.0022680426240903 0.0022587316541122 0.0022472966643583 0.0022337639702847 0.0022181652832095 0.0022005378964991
0.0014340166648404 0.0014792504707937 0.0015248536840843 0.0015707158499401 0.0016167199107905 0.0016627429940806 0.0017086573100675 0.0017543311424644 0.0017996299112481 0.0018444172841383 0.0018885563113901 0.0019319105577249 0.0019743452055209 0.0020157281047864 0.0020559307478429 0.0020948291499301 0.0021323046208893 0.0021682444174760 0.0022025422704414 0.0022350987850823 0.0022658217182589 0.0022946261387569 0.0023214344811763 0.0023461765061786 0.0023687891818727 0.0023892165023692 0.0024074092601087 0.0024233247885406 0.0024369266911640 0.0024481845719309 0.0024570737806342 0.0024635751852506 0.0024676749813367 0.0024693645465623 0.0024686403463463 0.0024655038943750 0.0024599617695678 0.0024520256888180 0.0024417126326138 0.0024290450184395 0.0024140509147141 0.0023967642859563 0.0023772252579353
0.0015256797346868 0.0015755850793133 0.0016259560880901 0.0016766673991516 0.0017275856613852 0.0017785704802588 0.0018294755052573 0.0018801496371411 0.0019304383283619 0.0019801849460912 0.0020292321647260 0.0020774233535860 0.0021246039259168 0.0021706226172231 0.0022153326642647 0.0022585928605378 0.0023002684694455 0.0023402319823129 0.0023783637145781 0.0024145522395505 0.0024486946647915 0.0024806967611852 0.0025104729589639 0.0025379462282232 0.0025630478637682 0.0025857171954963 0.0026059012460094 0.0026235543568523 0.0026386378038258 0.0026511194203354 0.0026609732458342 0.0026681792142213 0.0026727228946390 0.0026745952945668 0.0026737927324763 0.0026703167846382 0.0026641743079734 0.0026553775381373 0.0026439442593242 0.0026298980395928 0.0026132685228616 0.0025940917661353 0.0025724106080483
0.0016248216754560 0.0016799749011859 0.0017357104576626 0.0017918856803840 0.0018483481924745 0.0019049370444362 0.0019614840375110 0.0020178152028608 0.0020737524020122 0.0021291150086226 0.0021837216279839 0.0022373918090688 0.0022899477044476 0.0023412156360512 0.0023910275293301 0.0024392221845519 0.0024856463613749 0.0025301556609498 0.0025726151981486 0.0026129000646270 0.0026508955908859 0.0026864974219919 0.0027196114269185 0.0027501534654690 0.0027780490394092 0.0028032328558361 0.0028256483310587 0.0028452470625283 0.0028619882948111 0.0028758384034281 0.0028867704177701 0.0028947636013716 0.0028998031047222 0.0029018797025951 0.0029009896246296 0.0028971344846668 0.0028903213110988 0.0028805626772635 0.0028678769276809 0.0028522884926919 0.0028338282808127 0.0028125341348995 0.0027884513350649
0.0017321651558204 0.0017932254448746 0.0018550096413730 0.0019173549398606 0.0019800866687857 0.0020430196687936 0.0021059599107858 0.0021687063181764 0.0022310527483438 0.0022927900807148 0.0023537083537843 0.0024135988910724 0.0024722563567362 0.0025294806852419 0.0025850788358901 0.0026388663316000 0.0026906685515961 0.0027403217587784 0.0027876738539117 0.0028325848596489 0.0028749271472604 0.0029145854273414 0.0029514565324374 0.0029854490243456 0.0030164826618262 0.0030444877657335 0.0030694045183452 0.0030911822321989 0.0031097786213074 0.0031251591044837 0.0031372961669049 0.0031461688021775 0.0031517620531878 0.0031540666660302 0.0031530788673644 0.0031488002716761 0.0031412379210988 0.0031304044566562 0.0031163184159870 0.0030990046487555 0.0030784948370427 0.0030548281040316 0.0030280516903096
0.0018485079781369 0.0019162307666667 0.0019848495333105 0.0020541779620173 0.0021240151630556 0.0021941473452703 0.0022643498036884 0.0023343891768187 0.0024040259147355 0.0024730168883347 0.0025411180628481 0.0026080871553999 0.0026736861973708 0.0027376839275318 0.0027998579509064 0.0028599966104124 0.0029179005326086 0.0029733838242823 0.0030262749121339 0.0030764170324870 0.0031236683909958 0.0031679020231696 0.0032090053948522 0.0032468797874789 0.0032814395160803 0.0033126110288482 0.0033403319359874 0.0033645500129372 0.0033852222192747 0.0034023137700943 0.0034157972917135 0.0034256520884612 0.0034318635422296 0.0034344226615466 0.0034333257921883 0.0034285744967996 0.0034201756065717 0.0034081414436736 0.0033924902087471 0.0033732465232875 0.0033504421120721 0.0033241166059460 0.0032943184402494
