MFC+VTK/函数库及接口制作/Dll目录/release/规则几何体.grd
DSAA
127	128
0.000000	992.125977
0.000000	1200.000000
0.0001396513163616	0.0373920300688340
[rows 19 to 37 of 128, columns 0 to 42 of 127]
0.0002249997581697 0.0002309697756047 0.0002371139927673 0.0002434366372378 0.0002499419070887 0.0002566339541084 0.0002635168653802 0.0002705946431375 0.0002778711828193 0.0002853502492592 0.0002930354509480 0.0003009302123227 0.0003090377440495 0.0003173610112812 0.0003259026998945 0.0003346651807299 0.0003436504718863 0.0003528601991491 0.0003622955546649 0.0003719572540097 0.0003818454918370 0.0003919598963338 0.0004022994827555 0.0004128626063563 0.0004236469150810 0.0004346493024277 0.0004458658609408 0.0004572918368382 0.0004689215863178 0.0004807485341288 0.0004927651350238 0.0005049628387338 0.0005173320591254 0.0005298621482043 0.0005425413756266 0.0005553569143575 0.0005682948330890 0.0005813400959788 0.0005944765702132 0.0006076870418187 0.0006209532400590 0.0006342558706488 0.0006475746579013
0.0002306430657291 0.0002368699264734 0.0002432832899473 0.0002498879351827 0.0002566886278586 0.0002636901027604 0.0002708970443909 0.0002783140656299 0.0002859456843461 0.0002937962978703 0.0003018701552471 0.0003101713271941 0.0003187036737133 0.0003274708093132 0.0003364760658254 0.0003457224528212 0.0003552126156622 0.0003649487912541 0.0003749327616059 0.0003851658053411 0.0003956486473493 0.0004063814068183 0.0004173635439363 0.0004285938056102 0.0004400701706032 0.0004517897945524 0.0004637489553870 0.0004759429997229 0.0004883662908670 0.0005010121591120 0.0005138728550491 0.0005269395066591 0.0005402020809724 0.0005536493510978 0.0005672688694231 0.0005810469477745 0.0005949686452868 0.0006090177646891 0.0006231768576380 0.0006374272396437 0.0006517490150278 0.0006661211122264 0.0006805213296153
0.0002364032131548 0.0002428971373347 0.0002495906743701 0.0002564892132457 0.0002635981492631 0.0002709228658323 0.0002784687141936 0.0002862409909400 0.0002942449132198 0.0003024855914959 0.0003109679997551 0.0003196969430643 0.0003286770223900 0.0003379125966116 0.0003474077416846 0.0003571662069332 0.0003671913684851 0.0003774861798959 0.0003880531200550 0.0003988941385064 0.0004100105983753 0.0004214032171455 0.0004330720055933 0.0004450162052529 0.0004572342248549 0.0004697235762510 0.0004824808104140 0.0004955014541695 0.0005087799483904 0.0005223095884489 0.0005360824677789 0.0005500894254552 0.0005643199987309 0.0005787623815012 0.0005934033896699 0.0006082284343821 0.0006232215040564 0.0006383651560944 0.0006536405190677 0.0006690273060798 0.0006845038398753 0.0007000470901203 0.0007156327231105
0.0002422786573714 0.0002490500865116 0.0002560350884122 0.0002632397258010 0.0002706700914363 0.0002783322893671 0.0002862324138839 0.0002943765260038 0.0003027706273342 0.0003114206311611 0.0003203323306184 0.0003295113638010 0.0003389631757002 0.0003486929768585 0.0003587056986606 0.0003690059452099 0.0003795979417697 0.0003904854797905 0.0004016718585903 0.0004131598238076 0.0004249515028079 0.0004370483372877 0.0004494510133971 0.0004621593897774 0.0004751724239950 0.0004884880979399 0.0005021033428489 0.0005160139647020 0.0005302145708317 0.0005446984986695 0.0005594577476339 0.0005744829152297 0.0005897631384907 0.0006052860419297 0.0006210376931857 0.0006370025675519 0.0006531635225395 0.0006695017835765 0.0006859969418521 0.0007026269652014 0.0007193682227769 0.0007361955240750 0.0007530821726846
0.0002482673697267 0.0002553269442733 0.0002626149443937 0.0002701381759771 0.0002779035032942 0.0002859178299073 0.0002941880770194 0.0003027211590686 0.0003115239563750 0.0003206032846477 0.0003299658611648 0.0003396182674471 0.0003495669082589 0.0003598179667866 0.0003703773558687 0.0003812506651810 0.0003924431043143 0.0004039594417277 0.0004158039396108 0.0004279802847475 0.0004404915155423 0.0004533399454478 0.0004665270831148 0.0004800535496833 0.0004939189937307 0.0005081220044996 0.0005226600241426 0.0005375292598299 0.0005527245966837 0.0005682395126101 0.0005840659962069 0.0006001944690151 0.0006166137134646 0.0006333108079227 0.0006502710702922 0.0006674780116129 0.0006849133011011 0.0007025567440017 0.0007203862735333 0.0007383779580749 0.0007565060245654 0.0007747428988789 0.0007930592636920
0.0002543667934824 0.0002617253259044 0.0002693280728872 0.0002771826588629 0.0002852968002917 0.0002936782864634 0.0003023349574706 0.0003112746791202 0.0003205053145474 0.0003300346922926 0.0003398705706036 0.0003500205977331 0.0003604922680076 0.0003712928734654 0.0003824294508772 0.0003939087239986 0.0004057370409348 0.0004179203065506 0.0004304639099085 0.0004433726467886 0.0004566506374190 0.0004703012396325 0.0004843269577679 0.0004987293477411 0.0005135089188322 0.0005286650328665 0.0005441958016001 0.0005600979832650 0.0005763668793714 0.0005929962330062 0.0006099781300045 0.0006273029044948 0.0006449590504304 0.0006629331408067 0.0006812097563262 0.0006997714252998 0.0007185985765645 0.0007376695071413 0.0007569603662583 0.0007764451572101 0.0007960957583245 0.0008158819640542 0.0008357715469125
0.0002605737997669 0.0002682422428121 0.0002761716685761 0.0002843706016980 0.0002928476985210 0.0003016117280913 0.0003106715500529 0.0003200360891584 0.0003297143061089 0.0003397151644296 0.0003500475930835 0.0003607204445308 0.0003717424479453 0.0003831221573130 0.0003948678941596 0.0004069876846802 0.0004194891910838 0.0004323796370118 0.0004456657269524 0.0004593535596422 0.0004734485355350 0.0004879552585165 0.0005028774321594 0.0005182177509402 0.0005339777869863 0.0005501578730725 0.0005667569827575 0.0005837726087241 0.0006012006405676 0.0006190352434590 0.0006372687392885 0.0006558914920593 0.0006748917994560 0.0006942557926372 0.0007139673463978 0.0007340080019018 0.0007543569041970 0.0007749907566768 0.0007958837945495 0.0008170077792096 0.0008383320151681 0.0008598233909000 0.0008814464446059
0.0002668846422421 0.0002748740519148 0.0002831422338874 0.0002916987012536 0.0003005531453230 0.0003097154172048 0.0003191955060059 0.0003290035133112 0.0003391496236016 0.0003496440702514 0.0003604970967410 0.0003717189127143 0.0003833196445162 0.0003953092798488 0.0004076976062066 0.0004204941427730 0.0004337080654999 0.0004473481251379 0.0004614225580527 0.0004759389897352 0.0004909043310135 0.0005063246670837 0.0005222051396097 0.0005385498222917 0.0005553615904714 0.0005726419855310 0.0005903910750419 0.0006086073098403 0.0006272873794300 0.0006464260673455 0.0006660161083373 0.0006860480494659 0.0007065101173931 0.0007273880943410 0.0007486652053302 0.0007703220194063 0.0007923363676039 0.0008146832803679 0.0008373349470549 0.0008602606999479 0.0008834270249531 0.0009067976007904 0.0009303333680479
0.0002732949108009 0.0002816164036273 0.0002902355207099 0.0002991628586942 0.0003084092466761 0.0003179857288502 0.0003279035434930 0.0003381740978895 0.0003488089387919 0.0003598197179812 0.0003712181524836 0.0003830159789879 0.0003952249019999 0.0004078565352757 0.0004209223360829 0.0004344335318629 0.0004484010388982 0.0004628353726391 0.0004777465494050 0.0004931439792608 0.0005090363499711 0.0005254315020574 0.0005423362951368 0.0005597564658885 0.0005776964781952 0.0005961593662298 0.0006151465714993 0.0006346577751283 0.0006546907269421 0.0006752410732069 0.0006963021851778 0.0007178649908990 0.0007399178129772 0.0007624462152978 0.0007854328618619 0.0008088573910779 0.0008326963089263 0.0008569229044222 0.0008815071907079 0.0009064158749176 0.0009316123596458 0.0009570567784378 0.0009827060671830
0.0002797994846884 0.0002884641888436 0.0002974464705963 0.0003067581123144 0.0003164111917392 0.0003264180662877 0.0003367913534203 0.0003475439066149 0.0003586887864652 0.0003702392263866 0.0003822085923930 0.0003946103363858 0.0004074579423809 0.0004207648650927 0.0004345444602976 0.0004488099064085 0.0004635741167236 0.0004788496418537 0.0004946485618946 0.0005109823679963 0.0005278618330900 0.0005452968716687 0.0005632963886834 0.0005818681178146 0.0006010184496078 0.0006207522502237 0.0006410726718505 0.0006619809561465 0.0006834762324348 0.0007055553127386 0.0007282124861271 0.0007514393152237 0.0007752244380986 0.0007995533791081 0.0008244083725451 0.0008497682031991 0.0008756080680804 0.0009018994636182 0.0009286101025803 0.0009557038647649 0.0009831407851761 0.0010108770829055 0.0010388652332988
0.0002863924855213 0.0002954114854069 0.0003047691539529 0.0003144785686564 0.0003245531750480 0.0003350067733617 0.0003458535010219 0.0003571078104168 0.0003687844413903 0.0003808983878457 0.0003934648578168 0.0004064992263301 0.0004200169803537 0.0004340336551090 0.0004485647610108 0.0004636257005014 0.0004792316740641 0.0004953975747331 0.0005121378704768 0.0005294664739114 0.0005473965989167 0.0005659406038659 0.0005851098213693 0.0006049143746462 0.0006253629809086 0.0006464627424430 0.0006682189264306 0.0006906347349366 0.0007137110669314 0.0007374462746699 0.0007618359172389 0.0007868725145802 0.0008125453057866 0.0008388400159364 0.0008657386361506 0.0008932192219113 0.0009212557149337 0.0009498177940202 0.0009788707603106 0.0010083754621635 0.0010382882645338 0.0010685610671446 0.0010991413749838
0.0002930672307673 0.0003024515046608 0.0003121967088332 0.0003223173326450 0.0003328283170125 0.0003437450443043 0.0003550833238406 0.0003668593723864 0.0003790897889826 0.0003917915233995 0.0004049818374537 0.0004186782583741 0.0004328985233645 0.0004476605144691 0.0004629821828224 0.0004788814613490 0.0004953761649795 0.0005124838774712 0.0005302218239673 0.0005486067285035 0.0005676546557815 0.0005873808366775 0.0006077994771486 0.0006289235504432 0.0006507645728208 0.0006733323633408 0.0006966347886926 0.0007206774945132 0.0007454636251643 0.0007709935345169 0.0007972644909088 0.0008242703800790 0.0008520014105307 0.0008804438264081 0.0009095796335540 0.0009393863449305 0.0009698367519839 0.0010008987287907 0.0010325350758932 0.0010647034105950 0.0010973561101001 0.0011304403132366 0.0011638979855894
0.0002998161883442 0.0003095765387832 0.0003197212800813 0.0003302664375195 0.0003412285835217 0.0003526248317975 0.0003644728269275 0.0003767907286986 0.0003895971904333 0.0004029113304870 0.0004167526960168 0.0004311412180612 0.0004460971569007 0.0004616410366153 0.0004777935677017 0.0004945755565752 0.0005120078007634 0.0005301109685944 0.0005489054622137 0.0005684112628216 0.0005886477571257 0.0006096335441467 0.0006313862217233 0.0006539221523168 0.0006772562080546 0.0007014014953505 0.0007263690599248 0.0007521675736080 0.0007788030049500 0.0008062782763723 0.0008345929113723 0.0008637426761135 0.0008937192205841 0.0009245097253512 0.0009560965607459 0.0009884569660490 0.0010215627568496 0.0010553800691866 0.0010898691492932 0.0011249841977049 0.0011606732761204 0.0011968782846860 0.0012335350162968
0.0003066309330970 0.0003167779097234 0.0003273339597018 0.0003383167754987 0.0003497447056433 0.0003616367543214 0.0003740125763241 0.0003868924665741 0.0004002973433673 0.0004142487243819 0.0004287686944128 0.0004438798637014 0.0004596053156378 0.0004759685425279 0.0004929933680363 0.0005107038548499 0.0005291241960539 0.0005482785886818 0.0005681910879005 0.0005888854403277 0.0006103848950557 0.0006327119910969 0.0006558883201591 0.0006799342639380 0.0007048687054695 0.0007307087145387 0.0007574692076952 0.0007851625840855 0.0008137983390789 0.0008433826585404 0.0008739179975702 0.0009054026485797 0.0009378303046775 0.0009711896254664 0.0010054638134571 0.0010406302103340 0.0010766599232106 0.0011135174917045 0.0011511606070946 0.0011895398949041 0.0012285987719444 0.0012682733880796 0.0013084926617179
0.0003135021060175 0.0003240459206851 0.0003350247294828 0.0003464580302834 0.0003583661006016 0.0003707700040462 0.0003836915921404 0.0003971535006455 0.0004111791394175 0.0004257926747177 0.0004410190027798 0.0004568837133186 0.0004734130415413 0.0004906338071027 0.0005085733383279 0.0005272593799185 0.0005467199822655 0.0005669833704191 0.0005880777907245 0.0006100313331269 0.0006328717271989 0.0006566261100480 0.0006813207644469 0.0007069808258038 0.0007336299569615 0.0007612899903140 0.0007899805373474 0.0008197185664825 0.0008505179510032 0.0008823889899178 0.0009153379058007 0.0009493663249882 0.0009844707469327 0.0010206420110050 0.0010578647705336 0.0010961169853107 0.0011353694450979 0.0011755853377450 0.0012167198762874 0.0012587199997267 0.0013015241620104 0.0013450622229535 0.0013892554534040
0.0003204193771739 0.0003313698112254 0.0003427824070451 0.0003546786126805 0.0003670807954265 0.0003800122567681 0.0003934972428358 0.0004075609494230 0.0004222295204867 0.0004375300389168 0.0004534905082138 0.0004701398235602 0.0004875077306124 0.0005056247701745 0.0005245222067529 0.0005442319388324 0.0005647863885659 0.0005862183684417 0.0006085609223940 0.0006318471387576 0.0006561099324659 0.0006813817939479 0.0007076945023293 0.0007350788007946 0.0007635640323422 0.0007931777346881 0.0008239451937591 0.0008558889560866 0.0008890283014791 0.0009233786786202 0.0009589511077146 0.0009957515559697 0.0010337802935307 0.0010730312394414 0.0011134913092126 0.0011551397775780 0.0011979476718782 0.0012418772131439 0.0012868813231935 0.0013329032167919 0.0013798760979898 0.0014277229790537 0.0014763566388083
0.0003273714134248 0.0003387377171664 0.0003505945966487 0.0003629656008179 0.0003758753548883 0.0003893495856516 0.0004034151426114 0.0004181000139128 0.0004334333358810 0.0004494453948234 0.0004661676195634 0.0004836325629867 0.0005018738706736 0.0005209262344739 0.0005408253286656 0.0005616077261107 0.0005833107916081 0.0006059725494416 0.0006296315219385 0.0006543265357193 0.0006800964922289 0.0007069800991284 0.0007350155592087 0.0007642402136876 0.0007946901371041 0.0008263996815452 0.0008594009686767 0.0008937233290081 0.0009293926890519 0.0009664309085322 0.0010048550715895 0.0010446767379935 0.0010859011627040 0.0011285264946615 0.0011725429683726 0.0012179321045857 0.0012646659389930 0.0013127063002985 0.0013620041609609 0.0014124990852737 0.0014641187999639 0.0015167789119943 0.0015703827965785
0.0003343458520884 0.0003461366366384 0.0003584476462354 0.0003713046866045 0.0003847348155592 0.0003987663808158 0.0004134290541557 0.0004287538608354 0.0004447732029650 0.0004615208753779 0.0004790320722992 0.0004973433828801 0.0005164927734094 0.0005365195537376 0.0005574643251605 0.0005793689067064 0.0006022762364716 0.0006262302443475 0.0006512756922022 0.0006774579773318 0.0007048228947989 0.0007334163541512 0.0007632840459917 0.0007944710539843 0.0008270214081587 0.0008609775758682 0.0008963798874970 0.0009332658950469 0.0009716696631054 0.0010116209934359 0.0010531445865634 0.0010962591462685 0.0011409764358267 0.0011873002981093 0.0012352256552106 0.0012847375069686 0.0013358099514518 0.0013884052539690 0.0014424729941958 0.0014979493233090 0.0015547563642866 0.0016128017884863 0.0016719785999905
0.0003413292818282 0.0003535524036918 0.0003663266123373 0.0003796801302744 0.0003936426280694 0.0004082452770803 0.0004235207993203 0.0004395035132977 0.0004562293744747 0.0004737360087555 0.0004920627371563 0.0005112505895200 0.0005313423048228 0.0005523823152746 0.0005744167110445 0.0005974931820469 0.0006216609328163 0.0006469705660791 0.0006734739302174 0.0007012239254292 0.0007302742630390 0.0007606791721312 0.0007924930475039 0.0008257700329028 0.0008605635336506 0.0008969256531816 0.0009349065486883 0.0009745537021448 0.0010159111044559 0.0010590183524468 0.0011039096609093 0.0011506127949856 0.0011991479318070 0.0012495264644858 0.0013017497662056 0.0013558079371411 0.0014116785620657 0.0014693255115129 0.0015286978239219 0.0015897287099206 0.0016523347223771 0.0017164151366338 0.0017818515840347
